4500
2750
2100
2811
2157
6632
2843
2806
7972
2350
4452
6460
4237
5082
6214
4062
6278
7207
7511
6686
4738
2328
2526
3244
7965
6551
2739
2400
2237
6025
7186
3395
2551
7543
4204
5335
5927
2522
2755
5325
7923
2431
3998
6450
3100
6770
3864
5575
2992
3640
7858
6263
2705
4425
3510
4776
2348
5785
3731
3027
3289
4081
6380
2287
2809
2123
3031
2319
3539
3148
3987
6714
3399
2531
5479
3739
3649
3818
7899
2915
4446
6224
6718
7211
6312
6890
7103
5493
4119
7112
2703
2852
4369
4131
3367
3827
2087
6817
3364
4170
3852
3418
7573
5676
6142
5965
3819
7724
2157
2715
5893
2224
2331
6747
4670
4141
7274
4577
6600
4996
3242
2780
2166
5600
3584
3848
4822
4785
4499
4659
5532
4510
3726
4524
3741
7037
5470
6592
3336
5945
5615
2078
6921
6779
2257
3627
7764
3661
6773
6617
7878
2536
7388
5938
7555
7774
7246
7289
4452
2919
2969
2514
7628
6297
2898
3734
2555
6624
7212
5707
7915
6872
5830
7941
3067
7499
3058
2930
3320
7321
6312
4953
5326
2642
4075
7409
3298
6873
7125
7118
3268
5223
3111
3601
5328
4863
6800
3149
2841
7694
4748
3067
3452
4778
6927
2254
3397
6209
6695
5334
7637
3504
5147
6502
2233
5235
4225
4324
2648
4361
5147
7626
6961
2462
7333
4519
5648
4359
3404
3018
5452
4826
7376
3531
3167
3398
5776
7029
6988
4627
5762
2713
4090
6302
3284
3082
7685
2327
3376
5522
6678
6994
5299
7881
2383
2953
4302
7253
7080
3563
6036
7985
6334
2812
4394
3948
3834
4579
4624
5042
2421
5751
5798
7781
2539
5777
4184
5104
7625
3617
3261
7758
3403
2549
4102
5578
6811
4530
2415
7442
4662
4112
5571
4627
2586
6514
7200
6107
6330
4080
3090
6062
4568
5482
4318
5444
4875
5525
3630
2449
4676
2802
4249
3340
7834
2446
7108
7800
2581
7788
7360
4327
7768
6391
3773
6183
3859
5428
5871
5349
5346
3212
6809
3956
2652
3801
4023
6847
6727
5689
4052
4760
3648
7041
7236
7110
7539
2018
3625
7833
5291
7312
6401
7111
4273
5981
4742
2769
2571
6472
6494
2626
2521
5940
6696
2887
3923
7024
2947
7273
2871
3216
6300
6513
6252
7346
4240
3529
6933
5967
6089
3745
2451
7480
3617
7245
3935
4324
3135
2879
6205
2454
5001
4054
7400
6858
3779
5284
7414
5578
3603
5119
3343
4676
2217
7528
5080
3458
2076
7574
2830
2059
5683
2099
3445
4250
3899
4408
5064
3339
2469
6163
7760
2661
3331
4076
3597
4461
7086
7404
5008
5602
3850
2660
3107
7936
7849
2727
3088
7803
3528
3467
2733
3853
3692
5278
6177
5923
3056
4847
2651
2289
5039
5052
2153
2035
2118
7519
5795
2447
2653
7697
6474
3321
5264
4844
2053
2877
6425
4444
6992
6891
4981
7194
2762
2457
4997
2909
7769
3343
7012
7588
5280
7948
5433
7937
7383
7144
7871
2984
7362
2030
7266
6596
4784
6553
5352
6097
4664
7015
7657
2769
6267
3209
5749
2193
7500
7710
3594
5303
3109
2960
2212
4038
7984
6785
4993
4535
3761
7757
7427
4545
4132
6279
7222
2736
2246
5169
2144
5070
5503
7983
6703
7287
2089
6011
5984
3938
4748
7028
5338
3416
2744
2446
7309
5839
6909
5123
2920
4196
5031
3321
4556
3729
6408
6742
7222
6749
2761
2446
4198
3238
4827
3890
2872
7247
2736
2376
5688
3346
5992
4468
7121
4321
5086
6694
4799
4331
5164
4932
7076
2457
5740
6721
3723
7083
6633
4692
6156
2479
2418
7600
5978
6277
3320
6424
2594
4215
6280
7959
7148
7593
3450
3552
6094
6300
7948
6042
2727
5146
3882
6185
7819
6906
6146
2968
5206
4350
7243
3366
2103
5395
2605
5297
6287
5823
4618
4005
5160
2560
4031
2528
6395
2780
6048
5800
5385
6885
6562
3394
7019
7424
2671
2103
4807
4754
4525
5267
7381
6619
3404
5332
6129
3453
4384
3728
3537
3605
3463
7166
7193
6717
7095
7771
2741
2374
2393
4476
2036
2850
7204
7365
7605
2036
5562
2696
5410
6532
3442
7800
7420
4610
5093
7201
3801
4804
6204
6417
5451
3592
2108
3962
3120
3722
2220
2060
7619
5943
2503
5143
2717
5734
3208
4617
5890
4190
6841
5083
7998
3358
7845
4839
3177
4087
3568
7046
6136
6239
6522
3216
2744
3873
7509
2116
7357
2201
6786
3630
2447
6355
5056
2818
3042
6146
4500
5591
6995
5395
3370
2725
3269
4850
4511
3011
5520
6126
6225
4904
5636
7788
4081
2217
6914
6988
3459
6583
2687
5818
3321
4025
2060
2440
7458
3896
5176
4556
6174
4161
6820
4704
7375
5686
3599
6178
6742
4768
3338
4349
3977
2511
7369
7783
5166
6776
5179
3934
4369
2275
5741
7634
2925
3726
4830
7670
7519
3598
3275
2395
6967
4027
7888
6978
4185
2222
7856
7787
2900
7965
6471
6389
5435
4787
7861
3138
7165
6573
3263
7989
2534
4732
2148
6717
2317
3558
7808
5064
6680
4666
7683
2586
6925
6112
6204
3605
5152
3487
4237
3967
3130
3961
6001
5346
4537
2771
4974
3839
2334
2378
3583
5130
4462
6017
3076
5637
3514
7409
3906
5880
2003
4176
4174
4129
4308
3923
7621
3421
3764
5997
6826
7697
3501
6153
2757
2659
5284
6914
5617
6908
3849
3791
3350
7159
5685
3938
6385
5849
7103
5100
3282
7968
4179
2153
4512
2579
7375
3676
5144
3356
5245
3432
2325
3274
4155
2173
3658
4795
4037
6442
2147
3695
6204
7049
4403
2119
2872
4725
3103
3987
2424
5563
4394
4519
5621
6757
2136
2551
5473
6807
3484
3892
2780
3288
6168
3665
3409
6236
3474
4982
7583
5836
6631
7032
7718
5056
6246
3187
3252
3004
4837
4636
2376
7621
4464
5904
5423
4413
2000
3168
2465
6113
3134
2079
2497
6611
3135
3785
6201
6563
7778
6203
3809
7548
3227
6251
3765
6324
6654
7887
4898
3280
6070
3167
6458
4694
7843
7275
6319
6545
2457
7885
6312
6502
2924
5771
7591
3287
7450
2819
4201
4038
5977
3575
7134
5573
4505
7401
4143
2404
5877
6836
4748
5296
3862
7617
2592
4933
6131
3792
7011
3188
7865
6971
3781
6996
3909
5041
4643
4243
5812
7222
6305
3867
2649
4896
7649
5429
5151
4667
5826
6720
3136
4790
4897
6149
3771
5637
7113
3916
2866
3291
4880
2897
4797
4017
3197
2856
2462
2779
6829
4274
7995
6829
3924
4093
2614
6352
4031
3300
6688
4636
7409
4706
4298
7262
6506
3687
6782
5990
2867
3134
3626
4650
5700
5186
7007
5454
5216
5852
2756
3340
2483
2483
6616
5912
7100
2765
5977
6147
7294
3203
4081
7566
7813
2044
7783
7565
7616
2325
3799
3163
7804
7901
7980
7605
2236
4577
3300
6476
4340
7806
4741
7767
4275
5854
2922
3603
6602
3132
4590
5951
5468
5546
7342
4584
3198
3867
5705
6332
3649
6361
6900
6181
4786
7552
7158
3433
7944
5365
2969
7797
4547
7876
7353
5164
7616
4238
4292
7676
2404
4393
7036
6582
3889
2092
5330
5396
6100
6133
3107
2616
4980
6283
2066
5004
6958
6928
7064
5255
2629
4721
3570
6134
3579
2084
4671
6987
2493
2310
3254
7025
7583
3081
7321
4457
7626
5526
4294
3611
6067
2939
4168
6421
4444
6092
4221
5337
4129
6466
6030
2607
7832
6095
7663
6287
7959
4184
6323
7493
5176
2770
7573
5135
7166
4699
7689
6526
7303
6763
3578
2176
4330
7382
2646
3130
6489
2623
5899
6615
7150
3785
4708
6145
4274
6834
7310
4417
5264
3726
7777
3441
5898
5131
4810
3304
5435
3644
3523
3881
6753
6219
4911
2087
4608
3773
2425
4477
6067
4715
6061
3690
7406
7640
3751
4197
5872
4476
3710
2647
4332
4459
4413
7898
7622
2016
4211
7347
4922
4697
6529
4466
6290
3918
3065
3080
6129
6397
7078
5911
5034
7944
7567
2157
2416
3766
3668
5721
2987
7557
2116
7198
5203
2571
2254
2332
7609
7756
3710
3865
6038
3275
6370
2876
5829
2009
3609
2217
2289
2538
7351
2450
3174
4881
3573
6658
3148
7449
7930
6197
3343
6650
3100
7157
5730
2286
7437
5461
5135
4111
4821
4725
2070
4843
3638
7147
6256
5627
3099
5304
3054
5504
5475
7718
7770
3669
2943
7651
4775
5363
6768
6557
7262
3294
2804
6162
2754
6446
2429
6433
6434
2076
4912
2123
6189
3471
2067
7697
3693
2561
3667
2950
6948
5281
3498
2902
6140
2451
6576
2538
6070
2506
7551
4843
2288
5308
3005
2485
5527
7938
5266
2893
5436
3940
2215
6163
2414
7002
3878
4563
2137
3912
5336
4405
3953
3245
3209
5058
3741
4915
7046
3673
7934
6879
6906
4716
2484
2786
6193
2240
7860
5977
2640
6182
7860
6467
6258
5379
7460
2725
2737
6130
3120
7559
2028
6111
3612
2054
2787
4781
6760
2491
2575
5358
2496
6412
4784
5907
4539
7148
3148
5417
7846
3923
4027
4403
3822
4799
6149
4346
5906
5106
7975
4837
4916
5644
4076
4562
7413
5600
4252
7888
2243
2465
7893
6448
3079
3475
5897
2246
3808
4127
3145
6688
6473
7341
5013
6248
6649
2239
2459
3985
3681
2933
2313
4205
4558
6336
7386
5890
5205
2395
3357
2438
2368
2354
4853
7666
3154
5039
7429
4228
4353
6453
5923
5581
5091
6796
4686
4779
3312
4193
7057
4731
3090
5892
4218
2696
6724
5941
3634
4252
5019
6358
2706
7776
3607
4894
4622
7023
7766
6206
2660
3340
3568
4658
6943
7271
5761
7119
6347
3819
4303
4476
6847
6764
6038
2429
7582
2836
7749
2544
4789
2954
2830
2109
5561
4965
7689
4166
5470
7983
2179
2772
5461
3874
6894
4469
5906
7871
3371
6711
4237
6023
2383
5828
5041
2258
3886
7498
2161
4117
7016
7494
7435
7187
2298
3410
2526
2983
3225
2537
3376
4306
6256
2208
5623
5474
3178
7968
3401
3250
2955
5885
2365
4227
2029
2963
3081
2699
6666
6954
5753
4183
2474
4356
6561
6015
3816
3503
7748
2737
4993
4314
6616
2300
2234
6469
4020
2753
4832
7183
7390
5484
3654
2727
3877
4520
2104
3655
3114
6303
2742
6220
3661
7956
4946
3485
5499
5414
4238
5121
6839
7396
4833
5641
4035
3335
7593
3236
7268
7567
7401
3359
5300
6262
3568
3149
5360
5887
3620
2678
7104
6944
2164
5379
7876
3156
5475
6397
3478
7479
5032
7920
3349
4015
6628
3543
3051
2254
7693
7295
3762
3978
3260
2022
4651
5011
3141
5078
5582
6932
3808
4194
2630
3961
7819
3505
7506
7282
4381
6796
7760
4607
3130
7895
7923
5911
4619
3704
5195
2987
3982
5522
4322
2681
2474
3151
6017
2931
2818
7665
6252
6764
3960
2946
5512
4920
6040
6126
3178
5647
3574
7799
6492
7239
6582
7670
3818
4996
7693
5033
6376
3825
6365
4570
2158
7129
7896
3987
5793
5101
2169
2556
3077
7650
3237
2010
4581
5087
2003
4347
4971
7610
5343
7699
7892
5652
4951
6292
3405
3906
2205
4288
4470
2511
2832
7760
5403
2618
4989
2884
7329
4379
3633
5442
4064
5930
2997
7338
4128
2988
7429
7857
6677
3799
6252
4951
2301
2320
4817
3120
3453
3633
5241
7394
2352
3487
6431
3529
7791
4860
5682
6938
6603
6013
6942
2687
7554
6522
7047
4543
3382
3780
5912
7235
2039
4203
4234
6775
5314
4102
3749
2554
5446
4418
5140
4094
2866
6004
4009
5183
6768
6344
4025
6451
3634
7594
6630
5853
6549
6371
4225
3896
2422
4097
4428
3751
5341
5831
4325
5341
5958
2212
4805
7956
7421
3849
6086
5457
6157
3827
7588
3727
2494
6352
5982
4699
5672
3275
4706
3310
2433
6446
5206
4343
7781
6468
2708
6504
3461
7443
7300
4758
4109
6471
7986
4994
6530
3189
6871
4563
3386
4439
7173
2520
3770
4048
3137
3399
2331
7128
5338
3606
2281
7530
4147
3052
5437
7078
5472
3547
3275
2939
3511
3799
7339
2305
6821
3495
3474
4827
4380
6403
3005
2022
6792
5469
3219
7026
4520
7805
4812
5166
2158
7064
2741
3979
5647
2779
5558
7674
5261
4531
5124
4875
5417
4444
5586
4806
6929
5903
7935
7383
5046
3933
3785
6320
4183
5536
3285
4361
4704
6349
4800
3897
3341
4318
4090
4309
6001
5326
5399
6077
3066
7478
3402
4125
5452
5868
3052
4497
2945
7999
5189
4334
6353
3974
2591
2883
4791
3059
6215
2820
5369
7470
4707
3061
2553
4523
6380
5865
3549
2783
5931
4631
3138
7652
7812
6518
4676
6153
6660
4071
3588
7868
7169
5707
4603
7971
7033
3681
3351
7860
7619
6156
6639
3164
5389
3294
7400
3076
7066
4232
7301
7044
7827
2889
5672
3556
3483
5195
7206
2661
5418
4280
4003
3632
2204
2148
4965
3134
4664
3929
2400
2253
2330
4150
2404
5313
5969
2573
4364
7004
7381
2763
2008
6081
3069
2733
5043
7546
2285
5810
3523
5435
6021
2697
4492
6632
6360
5568
6171
2656
2936
4808
2100
4331
7806
3088
3675
4929
3576
4747
4434
4867
4460
5522
7458
5515
5366
2883
3830
5373
7897
4742
6063
2566
5365
4102
5668
2329
4279
6582
3920
3504
7338
7221
2169
2311
3653
2489
3839
3069
2228
6362
2259
4331
3683
6861
3921
3232
3381
3586
4753
4553
5756
7247
6025
7424
4481
3841
2716
4133
3382
3252
7457
4545
7277
2583
5952
2218
6519
4317
4413
6726
3438
4205
3192
6893
4604
4897
7804
3864
3149
2110
5820
7082
6308
7922
3929
6908
5113
7078
6966
2308
2351
4111
6562
6289
3641
4397
6692
3362
5519
3125
6225
6891
4465
5223
2714
4680
3957
4705
7552
3934
6248
4491
2977
5803
2572
4606
3695
5126
2062
2776
7900
4042
4523
6661
3965
5600
5866
3995
4342
4486
7788
2168
2075
6953
4389
6923
4312
4232
6979
3260
4283
4501
7482
7410
6913
4949
6861
7566
4889
3620
4400
4781
3822
5275
4335
2239
2416
7435
2634
4337
6383
7585
7869
2465
3982
5581
7378
3287
5332
7190
2427
5872
3456
3303
6539
2752
7843
3439
5174
5324
7413
6216
4944
4828
2611
4030
3077
3916
5828
4550
6619
2870
7280
2231
3605
7691
4408
6910
6334
6773
5223
5140
4534
7327
6998
4575
6737
4168
2136
5078
2799
4750
7485
5979
7651
3870
2580
2540
3174
4579
6195
6001
6075
3736
2056
2564
3104
4319
7212
6082
4248
7036
2273
7274
6998
5672
4322
5652
7609
2140
3261
4460
7506
3902
7147
7309
4020
2164
7859
6697
2110
4451
4142
5171
2857
3762
4585
2993
3604
2774
2872
4977
7435
4084
3090
6563
3725
4871
3563
7775
2151
3290
2689
3421
7677
4432
2584
5947
4633
3734
4995
7213
4819
6703
7989
4681
2163
3869
6878
7373
6167
3497
7110
7107
6009
7395
3623
5126
3128
2955
7685
3324
6589
3460
6718
6507
3256
5766
3563
4912
5250
2798
4069
3126
2897
6248
2332
5369
7490
3649
5365
4414
7683
3773
4772
4823
3798
2660
7444
3592
5457
3008
4495
7009
2029
7965
6620
7577
7569
6244
5501
7871
2172
3939
3308
6720
5116
5958
5836
7205
6902
4621
6243
5294
6904
5489
7417
4395
5055
3436
6369
4955
6262
2462
3761
6448
4165
4626
7576
2536
4871
5633
6944
7133
3835
4998
5535
6008
6442
4470
4899
3591
3312
6383
2227
2382
6227
2807
2653
3566
4918
7567
6010
4916
3397
4988
3079
3848
7854
4397
3595
4223
2486
2464
7790
2884
2273
2912
4223
2550
5059
6392
2136
2458
6893
7292
6295
6664
5689
3050
7434
3894
3452
4569
5248
3241
7365
7554
4175
4605
3854
5818
5011
5118
6100
7646
4046
4812
6060
2532
7668
3283
4773
6838
5843
4414
2489
6176
3064
4226
4108
2647
4872
7093
2440
2323
4667
3114
5910
6027
5054
4708
5552
2606
2872
3686
4215
2744
2212
2500
6813
3779
5415
7752
4202
3462
7481
3692
3933
6593
2481
7225
5003
6513
5679
6396
3583
3777
6291
7394
4394
3847
2493
2937
7975
2369
5859
5418
5503
4488
5963
3091
4817
6171
2229
2799
2629
6012
4553
3127
7904
4828
7199
2177
7843
3368
3806
4443
6435
5259
6589
2955
4761
7451
3427
2364
5612
3030
6717
4751
5793
3791
7234
4497
5926
6076
5700
3077
5053
3978
6204
3801
4611
6791
5888
7133
7719
2193
3049
6017
3664
6749
4513
2817
7265
7111
2310
2797
2449
2488
3875
2383
5615
5262
3264
2384
7049
2039
2576
6785
4755
5381
3136
4510
7199
6525
2756
2656
6768
2613
2606
2558
3386
4924
4369
3351
3531
6671
7177
5058
2728
2751
3671
5569
2337
2120
4404
7199
4005
5628
6567
6902
2970
7629
6302
6466
5353
2958
3090
6936
7637
5359
2052
6049
6909
4362
2529
4246
7427
5597
5191
3627
4479
5938
5405
2745
6507
3092
3582
7407
5875
2723
6725
4255
4209
2148
3561
2949
4683
2939
5534
7993
2745
2290
3758
2668
2864
4962
5393
4388
6103
3194
6182
7471
6689
4798
3430
6991
4560
4233
4236
3454
6614
7705
2498
5082
7911
2731
7586
5558
3244
3149
5672
3911
2330
4823
2545
5203
2171
2634
5888
6917
5686
7660
6966
7616
3776
6658
6799
2448
5489
5120
3333
3748
4776
5321
5870
4541
7839
4936
4650
2773
2771
2273
6976
5740
7779
2139
3709
5608
5609
7017
3919
6010
7308
6621
3677
5204
2058
6538
2198
3918
3725
3147
6635
3943
6057
5199
5881
7590
6232
6148
4959
3693
3152
7345
5561
2878
3800
7763
3264
3476
7128
3520
2003
7170
2370
5060
3081
3661
3524
7013
2810
5093
3301
6473
5614
7035
4307
5298
7270
6997
6478
7413
6813
5565
2912
5065
7829
2835
3198
4147
4399
2824
6155
6774
4598
5542
4061
2189
4694
2657
6912
6598
5649
5363
2733
3934
3299
4127
7967
7029
5431
3575
4085
5641
6487
5217
6674
2918
7735
2525
6915
3262
7804
4178
6868
4184
2116
4337
2935
2667
4598
3803
6548
5777
3229
4527
3903
7759
3742
7192
5994
4920
3390
3404
2711
2236
2574
7758
2132
2513
6833
7988
5906
6178
7612
6231
5781
7609
3318
6587
6680
2774
6589
3821
5339
6338
3930
7176
3191
2625
4586
7152
4154
5363
3523
4561
7709
6004
6499
3981
3070
3369
7609
5614
4511
7124
2183
6397
2230
7774
2525
4392
7009
4663
3625
3706
6237
7853
6347
5621
3998
2089
3204
5333
7831
4685
4285
2749
4450
2328
5730
4555
4289
3849
3390
4150
4683
4747
2179
6417
4254
3473
6230
5495
7624
3585
6715
3116
7051
3027
5973
6603
3970
3891
7723
5144
3594
3197
3409
3023
7013
5938
3606
2785
5882
3582
7355
4746
7333
4635
3491
3819
5109
4423
5211
3339
3557
6148
6514
4800
7967
3953
4151
3278
6207
2934
2562
6414
4824
7644
2697
7815
2799
5716
4571
7883
4768
5046
3750
3375
3752
6120
5853
6851
2624
3088
3031
3025
3133
2375
5812
4369
3313
4723
4782
3887
5550
4502
3125
3753
7473
5244
4332
4104
7422
4963
5612
4381
4347
5033
7092
4442
4890
4892
2777
7249
2860
6253
2800
6672
6144
2474
5348
5229
7669
4842
3628
3505
4068
2969
6227
6728
5729
4168
4400
2217
6296
7257
5676
3075
7443
4361
5492
6368
4792
5836
4077
3297
3922
3693
6661
6996
4429
3467
2719
6312
2102
6912
2375
5615
7528
5846
4085
3730
2247
6740
3158
4599
3753
2237
5495
7973
5354
3328
4240
4899
5625
5192
5249
4243
3244
3957
2981
3585
5326
3149
6699
2740
4076
4484
6453
2548
4348
2506
2505
2518
7247
3256
3235
5733
2015
2802
3313
2441
4492
4408
6952
2352
4665
5643
2610
2845
4059
2721
6004
4300
4535
7543
3322
2726
2796
3285
6872
4520
2347
3743
6900
6875
7618
2625
4414
5745
5188
3156
3567
6321
3247
7779
2095
6155
4777
4278
4752
6351
7003
7975
4355
5230
5107
2012
2113
3416
3566
3374
5175
2159
6071
4706
6888
6474
2521
3857
4241
3910
2987
2207
3485
7606
2205
4002
4661
5757
4020
6742
6023
4306
3929
4414
4395
7269
6759
5788
4730
2204
7894
3894
4530
6890
4836
7608
4514
5930
7268
3258
2893
2489
4146
3005
2393
2561
3335
4819
5719
4742
3118
7115
5999
6096
3377
5482
3419
7789
5349
5373
4277
5950
6633
2751
7985
2177
3711
3891
6041
4946
3388
3531
7082
4392
6232
4555
3610
2112
7025
6767
2302
5811
7303
4330
2964
3554
3380
6522
4146
2414
3456
5035
3462
7902
3546
7870
6742
5107
3046
6600
5682
2669
2143
6435
4304
5018
6636
4910
4277
6969
6757
6220
3354
2644
2504
7015
6715
7100
7821
5075
3070
7208
6027
6817
7579
5318
4064
6949
7378
7904
4608
5805
6808
5512
2391
2165
4506
3167
4622
7687
4256
3927
2491
2474
6621
4561
2071
4891
2945
3071
3140
7777
5292
4388
5709
2263
6162
3006
6355
6606
7990
2960
6740
6146
3608
5240
2619
3042
7856
6571
2080
3591
7421
3604
7014
5134
4678
5870
2974
7424
7769
3093
4919
7522
6213
5533
2654
2380
3491
5928
7846
7048
5215
7270
6866
2261
3122
5721
5426
5538
3446
4691
7568
2555
4205
5327
6848
2092
7399
2118
5994
5974
6202
3575
3560
5546
2896
5551
6102
5625
4241
2733
2023
5561
3485
4197
5202
2562
4504
6249
5136
4549
4017
6740
7909
7574
3806
7627
2081
3155
4705
3329
5412
3122
4790
5875
3222
3861
6161
2936
6439
7943
6226
3785
6187
2735
3491
3812
2101
2824
6748
2232
2700
5027
7717
4964
3475
7047
4741
4359
4932
2677
7789
2952
3422
6546
2664
6177
5601
5469
4925
4310
3300
4432
7827
4764
3170
2935
5697
2044
2676
6931
2877
7590
5489
5709
7340
4186
4480
4296
3342
3411
4875
4282
2516
6673
2620
3294
4237
4838
2668
6923
7309
7203
7641
4253
7583
6591
5789
5176
3531
5162
3756
3648
3673
5915
7953
7320
7397
4264
2245
2522
6966
4979
5862
2033
4325
4213
2851
6450
3722
3433
5788
2588
6802
5365
4608
5083
6737
2506
5113
5335
7065
5237
3532
3512
4415
6076
6621
5801
5858
7055
4331
5935
6125
6531
7470
7301
6990
5358
2182
5486
6431
2608
2459
4546
5102
5102
6644
4118
5036
2533
7848
5063
4337
7578
4058
4379
7844
2724
7827
3369
4798
7866
4629
7709
7644
2748
2161
5462
4197
7119
5167
6100
3263
6496
6651
3069
6709
5026
5133
2956
5178
7890
4582
4606
2651
4774
7840
3490
2658
7992
2733
4481
2150
6155
7850
3631
4627
5803
2335
3848
7100
5494
3815
3154
3210
5145
7521
5578
3831
7203
5302
5187
2196
3307
2223
5485
3124
5719
6889
2530
6051
7505
2408
6179
4113
3917
2710
2217
3734
3245
7922
7890
2137
7230
6349
7788
2124
4837
7819
3662
2547
5370
3641
4698
7441
6852
3328
4778
4693
3321
2052
4675
6642
3268
2945
2331
7366
4353
3822
5406
7481
5630
6255
4804
2991
7280
5780
2059
2145
2855
5699
2146
7871
4148
3132
7451
6012
5523
5000
3246
4418
4376
2059
6095
6223
4049
7252
7116
6736
3700
6621
3774
5003
6392
3883
2203
2351
7198
3349
4985
3275
5194
4275
3736
2857
3134
7840
5315
2362
5110
6471
4494
6154
6586
7767
2479
5097
6413
5738
2161
4562
6189
7538
6283
7013
5751
2070
3303
5179
3114
5671
6487
3045
7145
6839
2434
2438
6854
7966
7826
6172
4969
6210
6937
3324
5053
2907
6382
4540
2102
3232
2387
4934
2404
6086
4125
6460
3274
3640
4364
3121
4105
4602
2994
3787
5486
3914
3532
7032
3498
4163
4793
4671
3273
5825
6112
3856
7102
2383
2798
2448
6759
2864
2969
6203
2878
7805
6081
7928
4801
4313
3633
7110
7003
4390
3384
4156
5719
7273
3480
4679
7105
3631
7181
2520
3933
5389
5989
5200
7095
5142
4173
4719
3802
3245
4088
7090
7635
6289
6617
2245
7949
6282
6936
7758
3284
7763
2486
5623
6103
3465
6765
2895
4324
4118
3332
5776
7008
7920
6117
5605
6706
7223
6064
3594
3764
2680
7180
4765
7456
4063
3420
4463
4213
6589
6652
2147
6314
7062
3809
4652
4812
6424
4901
4192
4231
2242
3055
7218
2900
7502
2980
3967
6880
4966
5434
4364
6192
6822
7449
2941
3140
5027
5821
6639
2161
6419
4989
5131
3951
5332
3476
3916
6856
3067
6217
6702
5885
5826
7529
2675
6542
4285
3146
2190
2617
2904
2440
7182
6066
6157
5664
7045
4091
2962
6205
5641
4687
2559
4696
2391
3095
5161
6388
3616
4977
3379
2140
2444
6107
6437
7310
2594
3816
4227
4763
7899
3753
5982
5363
6598
5690
2365
6508
7442
6594
5277
3585
2190
7450
3853
7851
7205
4701
6373
5973
2983
4292
2990
6961
4443
4127
2842
3233
3215
3309
7034
5253
6882
3396
6286
6222
7344
4243
7557
3015
3376
6864
3633
6745
6253
3543
7377
3146
3630
5912
3825
3393
4212
2165
2041
6558
4987
4547
3640
2325
2826
6270
4132
2631
2091
2100
4052
7878
2196
2885
2381
3678
6145
5659
2882
4258
6299
4737
6568
2840
4527
4639
5263
5570
7886
2288
6839
4949
7568
5420
5783
3753
5796
6738
4830
5497
2880
7512
5501
4155
3917
2478
7044
5823
4296
3906
6024
2345
4000
4169
3986
7596
7000
2982
4661
7238
3395
4521
4670
2723
6505
2784
6239
4859
5550
6186
2612
7067
7824
7215
2783
7481
2060
2921
7357
5808
7888
3453
4418
5313
3023
6331
5432
2800
6529
4465
6696
4345
4565
3801
3690
3809
2150
3653
4601
7643
3059
6052
7426
7622
4520
2835
4457
2707
2974
5580
6575
2482
6059
5822
6700
7555
7434
3548
4033
6903
3415
5114
2085
4691
5524
4540
5169
4243
6333
2347
6197
4184
7352
5289
5706
5503
4086
3212
7889
6270
6659
7922
5497
4077
2919
5466
2717
5745
7086
6138
6658
3012
2777
6772
4541
6130
6685
7191
7850
3201
7124
2764
4283
4679
3572
5544
6863
3364
5865
5799
2184
7447
5494
4326
5668
6731
7919
2007
3510
4012
4107
2642
4134
7553
2393
2877
7821
6315
5833
7255
7882
4988
4165
5419
3489
2660
2077
2770
5066
7440
6145
2995
4112
3819
4214
7276
6274
2064
2930
3818
7249
5593
2827
2919
3107
7907
2724
6819
6198
5667
2256
2915
5488
2794
4528
3759
6839
7230
2841
7034
5121
2071
6909
4623
7613
7476
3397
5851
4305
3084
7317
3776
7708
2092
3269
7727
2033
5870
3927
5766
6275
7399
7893
5718
3130
4025
5819
3979
5857
5028
4869
6749
6962
2954
3311
2816
3111
4434
6872
7600
2884
7321
2302
4254
2917
5673
4091
2519
4309
2372
6405
6795
5919
7050
2263
6809
6922
6913
2604
2172
7558
5713
4871
6622
6901
7558
2682
5477
6039
3609
2157
7080
7580
5487
7631
6615
6868
5480
6618
3808
4327
6528
2496
4494
3532
6785
3135
3842
5870
7444
7572
4355
2238
2701
7226
4580
5861
5896
4533
7278
5618
5715
6213
2568
2166
3646
7996
6579
4764
6083
6776
6061
4566
2331
6980
3174
5198
3093
4874
3688
5136
4655
2153
6758
7793
6792
4806
4727
3992
5010
5383
2434
2068
4044
7699
4556
6636
6423
2554
6171
7715
4670
2336
4137
5006
4816
3778
2941
2716
6470
7494
3668
3464
4459
4406
2491
6599
6119
3317
6211
3956
7201
5752
7234
3861
7433
7883
3205
4023
7482
4153
2079
3388
4538
6381
6127
4770
