4500
6443
6586
7639
5951
2132
7334
3351
3334
5953
2958
5464
7165
3487
2929
3482
4336
6215
3628
2297
2077
2930
4718
2967
5932
4008
6347
2877
5420
6837
6001
2821
7485
2628
4596
3557
7298
5420
4005
2997
7991
4306
6792
7596
4792
5371
3424
4822
5422
6363
5980
6922
2371
5801
3574
4419
5800
6671
7942
7108
3775
4747
2998
3482
2975
2394
5325
3529
5770
2339
4557
3983
4818
2175
3575
5024
7906
7560
7228
5502
3628
5763
2120
3932
2751
3915
7244
2619
5557
7486
5225
6527
4354
5203
4713
2164
3469
5508
4767
6259
5000
4571
7102
2040
3731
2592
2039
6594
6441
7705
6955
3297
7499
7476
5803
2476
2569
3948
6761
5587
4427
2867
5647
2731
6988
2560
5065
4361
5349
3007
6688
3572
3004
6966
2571
7797
2522
6537
7647
6301
4880
2288
3373
7691
7373
4675
6340
2104
6088
5435
2958
7993
7878
4387
3995
2223
4419
3048
2678
4480
2801
3689
4210
5087
3367
3110
5771
5099
4096
6328
3082
5876
3853
7031
2960
7667
7699
5980
2626
2539
3801
2862
2674
7591
3842
5420
5820
2022
2260
2923
3232
2526
2091
3600
2098
2089
5747
7032
2177
2544
2250
5200
6030
7802
6090
6642
3117
6699
4017
7295
3492
4859
7211
4501
3273
2436
4955
3316
5182
6474
7389
4044
2187
4224
6017
2310
6904
4403
4999
5411
2740
5151
3580
7095
3033
2161
2799
2097
5037
3709
6135
6439
5232
4587
3227
2047
3254
2296
5263
6338
4953
7619
4468
2182
4920
5688
5453
6047
6261
3479
3084
3167
3361
7085
3095
7089
2904
5190
5105
6263
2134
3282
5649
4751
5547
6534
6210
2007
6861
6361
2759
7273
3768
4737
7170
7532
5597
2941
5939
2929
5507
3797
3898
2061
6096
4776
7556
4881
2951
4331
2023
7837
3600
5780
3127
7769
5414
4815
4389
7196
7765
3734
5719
3375
7071
6103
2318
7025
3971
7962
7374
6156
7186
4941
6559
4697
3224
5223
6854
4221
3537
3373
4639
3123
6957
3540
3144
7865
3650
4041
2842
2073
6980
3492
4015
7330
4576
3921
5275
7465
7269
7588
2654
4798
3695
2401
6011
4802
4710
5541
6412
4657
3759
3456
2225
2598
6319
4604
4221
7457
6433
6965
6390
5008
3844
4500
3477
3910
5904
4217
2824
7967
3577
4893
6394
2394
5274
4201
2073
3681
2705
3185
5028
4738
4752
3266
6582
4013
3886
7623
7626
3905
5524
6107
4537
2216
7678
3821
7730
2692
3222
5376
2575
4736
5800
5927
6650
3347
7675
7505
6778
7540
3681
2533
4140
5112
2649
5185
2959
6726
2518
4577
3327
4208
3269
2682
4176
4732
3656
5140
7649
2988
2740
6053
2254
2952
2865
6994
7689
3304
2164
6834
2080
2608
6902
7139
7290
6389
2786
2231
5312
5317
7760
4595
2485
6028
7305
4752
4741
2639
4511
2027
2867
3275
2096
3159
4302
7665
6251
3360
6482
2047
2380
2232
7249
5483
5204
5858
7912
4961
3729
2077
3087
2474
4945
3231
6050
4469
2919
4136
2340
2526
4676
5336
7570
5834
2677
2105
4739
6334
2412
2763
4238
4257
5309
7425
4059
6851
7842
5613
3422
4737
7521
6979
3141
2738
6388
2107
4997
7779
3466
2222
3961
2335
4112
5326
5047
3760
2431
7726
4280
3799
7128
2927
7486
7294
4110
4072
2883
6048
2657
2799
3813
2722
3838
2832
5984
2293
4180
7645
4369
7319
5805
2157
7399
6976
7915
3651
5729
2211
3625
7353
2426
5247
5337
4108
4808
7566
5210
6755
5568
5099
5547
4151
4789
5194
7796
2835
7988
3522
3310
2712
4886
7558
4987
7972
3911
2034
6665
2896
3337
3726
3470
2619
2875
7592
3824
5071
3379
3401
6707
2885
5467
7120
3784
4758
6711
7994
7673
6440
2311
6741
2483
2391
6324
6955
7861
2078
5454
6651
6353
5301
4290
6200
3375
5733
5190
3712
5120
4236
2210
2490
7273
2254
3184
6696
6738
5631
3976
4219
6966
2034
6453
4730
2021
4966
3074
4431
6749
4996
3460
6192
6138
2211
5095
3522
4494
6275
4314
6624
7637
7841
6615
7328
4592
7783
3005
4990
3079
5710
3691
2255
2686
7478
5852
4568
6517
2163
3167
4716
6375
7243
4012
5158
7393
2804
4228
3425
4186
3818
2955
6878
2939
2131
4337
4174
4553
2796
3256
2990
5427
5715
3190
6884
3684
6803
6044
6924
2347
4825
4878
6747
6330
2571
4386
3071
4506
2825
4567
6147
3252
6904
7666
4038
5382
6045
6455
4079
6629
6599
5379
3497
3998
5556
7167
4421
5227
4846
7918
2031
2070
2119
2658
4359
6236
4923
6193
3875
6491
6224
2905
5315
2263
2875
4021
5503
5595
4061
4152
2139
2698
5179
3092
5106
2253
6769
6101
2460
4799
7204
7856
2414
2991
2331
3301
6387
4348
3511
4276
6252
5637
2358
2557
5755
5345
4975
3150
2369
2363
7580
7633
6095
3553
6724
5932
5727
6951
4673
7370
7276
7574
2852
5147
4209
3677
4964
3691
4426
5644
6656
6819
4968
6844
2055
7035
7038
6515
7265
2047
7145
4746
3684
5104
4353
7205
7406
5859
6698
2685
2381
6162
3791
5823
6773
2873
7493
3302
2588
4819
2422
6120
5743
6764
6014
3287
7238
7153
2345
2751
3015
5857
7789
6731
4546
4063
5184
6728
4296
2838
3942
6096
3287
2999
5943
4799
4388
2577
6360
2097
2635
4589
4643
2854
2466
5622
3308
4117
2880
4463
6028
5036
4233
5175
3651
5481
2866
7747
6639
3774
4293
4195
4352
7646
5537
5973
6805
2758
2385
7546
5706
2199
3493
5349
4165
7495
7849
5655
6208
5431
4657
6430
2791
4043
2873
3304
5243
7556
3872
5505
7746
7408
6655
7486
2682
3446
2047
3003
7879
3227
6494
7631
6449
6808
4771
2862
5478
6902
3864
7386
2971
4125
4297
5818
6126
3540
5386
2930
3482
2366
2050
6754
6271
3184
3841
3341
7959
6379
4030
2089
3106
5784
4258
6923
4468
5171
3352
5989
7744
7502
5094
3546
4418
3843
2876
7235
3076
5462
6918
2421
7126
6224
6647
3236
6385
2408
5670
3313
4633
3865
7552
3664
3397
7138
4015
6838
4101
6353
7590
6083
6893
3491
6163
2445
2640
6503
6825
2325
7629
7701
3160
2903
2954
3501
2349
3625
2077
3157
7437
6555
3995
2237
2178
5574
3467
6266
4749
2776
5647
4788
5520
7779
3620
6541
4004
5156
6321
2034
6200
2034
7534
5392
2499
4642
3985
7888
3500
7368
3835
5232
6777
2911
6993
5177
4004
6774
6356
7160
7940
5945
3138
7625
6747
7376
5231
3286
5708
5917
6725
4704
6818
4813
5975
2088
6992
6524
4229
4844
3259
4901
7447
4457
7630
3884
3976
3019
4083
5421
6690
3093
7385
4200
7610
7042
3194
3990
6547
4714
5701
4888
2230
3135
5739
5779
6567
2951
7705
3151
5294
4276
4020
3270
5392
7544
6864
3546
3105
3924
4990
4798
3066
7211
2454
6527
5837
2129
7564
4270
4743
5900
4221
4396
5003
6937
4228
5041
2076
2803
7888
6949
7819
2242
5609
2076
3283
5901
7205
6853
6771
5040
2086
4920
4482
5497
2736
4594
2197
6706
3429
6054
7111
6968
2977
2224
7589
5290
2608
3191
4028
3550
7285
4178
3557
7453
6085
2577
2103
4111
6704
3548
6900
5557
4202
2807
4054
3864
2435
3404
3618
7968
4713
7204
5876
6850
2587
5067
3926
7157
6369
3956
6475
3231
4723
2872
5578
5657
2003
7219
6474
3171
2150
3098
4786
6200
3583
6755
6181
5701
4629
4430
2703
2819
4097
6455
2502
6131
4949
5001
5092
4411
4862
5519
7427
2007
6065
3407
6975
3287
3423
5092
3446
3613
2720
7337
4107
3542
5952
3823
2865
3835
7844
2983
7084
4760
2625
2043
3476
4638
3741
7108
4869
6721
5757
7900
2552
2662
4160
5016
2037
4954
4075
3148
6559
7021
2278
2049
3497
7828
3438
6003
2878
4064
3110
7655
4573
4157
5775
6792
5700
3446
7149
6935
7616
5939
5348
3521
4174
4462
3670
5839
5249
6049
2994
6175
3427
6384
5556
7412
7044
3059
3123
2109
3245
2120
2719
2040
7284
3050
2283
7658
6870
3458
3013
2412
2363
6933
5828
6595
2090
3510
7181
2986
6628
5926
6191
2806
4846
4057
2051
5288
7519
2571
4228
5713
2116
2134
2903
7241
4646
7238
2196
4347
7767
6017
5883
4919
2102
3647
5996
6431
2135
4231
5513
3077
6505
2677
6012
3172
6627
2574
6652
5464
4283
4460
5902
7871
3849
5631
5006
4419
3237
3746
4570
7498
2751
3399
6180
4124
7406
2549
7432
2920
3031
6128
5830
7868
2331
3677
6436
5294
3561
3486
7371
7338
2728
6025
5926
3785
6213
2148
3243
2453
2166
2790
3700
6343
2807
7545
2399
4411
6746
5830
3354
7832
5747
2420
5304
2565
7739
6245
6683
3643
4509
3235
3526
7792
3998
5582
2233
3040
3523
5591
4364
2202
5503
2120
2106
2595
4811
2716
5343
5823
7053
4874
2194
6100
2124
5976
4238
5411
3010
4021
3535
3570
2996
7433
7252
5193
6490
7942
6059
7441
7525
5089
2492
2114
3106
3104
5031
7796
3961
7174
5695
4300
2244
2736
5057
5377
2709
2195
3560
2328
4861
7346
3319
5035
2485
5765
6224
2975
5292
7503
7035
5975
4240
5044
7062
3816
5561
5062
7370
7479
3727
3053
6194
5802
7410
4282
5726
6162
2048
2168
6301
4281
6044
6127
4822
5690
7164
2330
3826
2257
3639
6884
2344
7649
6591
3013
3731
7734
5375
4344
4911
2447
4458
5555
5460
5590
7678
2605
4694
2127
3115
2614
5889
2911
3822
7062
3342
2215
7950
4284
4386
7658
3182
4673
5039
4646
4535
5301
5377
7733
2392
5061
5931
7651
7675
3442
5114
4295
3891
4595
6249
5044
2248
5541
4964
7679
2858
2104
5055
3547
5362
4269
3242
5839
3487
6651
2121
4599
2837
4677
7440
5097
4137
4176
3226
5087
6063
6237
3981
6026
7422
7406
5692
6320
4466
4595
2830
3765
2644
5323
2460
3456
7177
7370
6148
7917
5257
3255
6902
6453
4494
3611
5469
4922
3790
5042
3425
2703
4269
3306
3434
3479
5205
7498
2635
5313
2063
7463
6378
7587
5429
3950
6355
6323
2843
2979
5484
5459
2718
3249
2425
7516
3627
5008
5721
4949
4349
3001
2621
3414
3114
2866
2144
5616
4432
3034
4463
5051
4928
7765
4698
7030
7730
3136
7669
5981
2396
7829
7630
3569
2762
4737
3224
5433
5671
4097
4820
6035
7836
5905
5944
5588
5245
3170
3406
4582
5497
6249
3671
2027
5482
3520
2953
5228
5005
6386
3906
2909
4072
3881
4757
3897
4808
4699
2902
4497
6928
5810
6063
6076
7419
7943
5236
2852
4752
5428
6986
6119
7730
3209
7084
2657
7762
3394
6474
7767
3920
7741
2416
2537
3695
5133
5514
5176
5178
2501
2054
6432
3035
5024
3134
2480
3864
5852
3341
4428
4021
5703
4696
2105
5533
3789
6527
2997
6833
3553
7158
5211
3547
3288
3452
5637
6690
4013
7746
5955
7800
5244
7394
6897
6789
7201
3107
6517
6940
5021
7877
7612
7838
5609
4438
2607
3474
5366
4255
5270
6019
2642
3003
2680
3921
2867
4495
2287
6621
4041
4393
5477
5403
6007
3957
6111
4837
2159
7554
2087
6538
7417
5866
2931
6768
2930
4730
5004
3382
4280
7968
2618
5432
4131
7759
4593
5699
3718
6057
3470
3617
3876
2888
7119
3191
4716
5276
4487
3209
6856
3623
5707
2366
5634
3475
6518
3621
7645
7044
6624
3944
7084
5444
7338
4096
2655
3176
4597
2970
5709
5166
3795
7074
6427
2005
7891
5737
7547
3213
4830
2854
6575
4645
5265
3153
6890
5843
5617
5166
6068
2616
7191
7103
4497
4700
6557
4461
6715
7952
2676
5898
6152
4896
4154
5101
6370
7710
6980
7657
3690
7806
7642
2029
6431
7843
4267
5505
5346
7968
2176
5484
5804
3618
5594
7395
5312
7204
7514
5249
4097
7080
3126
3642
6034
5577
4608
4058
5234
4869
5393
4292
2055
2949
5700
7796
6726
4914
5119
3558
7646
3314
6048
2981
6020
3290
4354
4631
3624
4675
6213
3693
7599
5766
7755
4260
6517
5654
7350
5372
2482
3498
2614
4986
6355
2358
6393
2043
6056
7859
7097
3528
3250
5838
7993
3042
5627
4830
5222
5816
3181
6930
4507
4522
4656
5559
2345
2296
7474
2112
4959
3464
3176
4296
3309
2602
5700
3192
4388
6322
6872
3537
5731
7324
3251
5839
2384
7218
4022
2083
2768
3315
6732
2180
5387
4845
4907
5125
3699
7862
7545
6646
7176
6270
3712
4101
2140
2364
4668
7124
7148
5093
6359
2566
2406
2011
5202
5905
6465
2051
5362
7991
5925
4247
4721
5265
3660
3191
5618
6015
7737
3076
3229
7483
6008
2614
3679
3468
3326
4397
7075
5775
5252
2110
2845
3759
6844
5441
4506
6964
5285
3671
6514
7017
4304
7305
2384
2828
7059
6106
5337
7829
4793
7390
2196
2955
6405
7706
4002
5433
4722
3545
5641
2946
6479
3781
3645
4181
7850
4922
7868
3240
7546
5174
3143
6839
3265
7194
6635
7717
4460
3802
4964
5221
5969
5068
4482
3580
4088
6935
6249
2302
7025
2161
5323
3717
6847
2409
6199
7099
4366
5952
6173
3522
3724
4771
4785
7672
6099
3840
6243
4998
5735
7183
7363
6327
4688
5444
2769
6802
5968
7750
2825
6150
3159
7645
5763
3254
3269
6194
3117
2674
5659
6712
7943
7513
3147
6203
5564
4918
7093
5871
7314
4545
3488
4217
4046
3212
7941
2432
4769
7668
4203
5660
7272
6621
2275
7436
6938
2631
2862
7581
4186
2008
7201
4692
7345
6675
6370
3111
2729
7095
6273
7262
6542
5364
7490
2507
4038
3814
2227
5810
7623
5643
2662
7297
4179
2938
3137
6856
6571
4701
7122
2621
6186
4052
7306
6285
3071
3002
2713
5076
4325
6659
6494
6869
5853
2052
7914
6023
5518
3335
4916
5206
3002
6524
7143
6699
2064
2347
3828
3425
4968
5742
3732
6012
4286
4007
3956
5538
4279
4819
7016
5177
4757
7162
3338
2715
2644
4262
7168
6435
5553
3842
3989
3498
5113
4423
5524
5250
2257
6535
2419
4241
4434
6474
5944
5799
2597
6962
7739
7379
7889
5909
6210
2906
7731
5080
2392
5121
3371
7109
3314
7060
7226
2376
3730
5888
7065
3416
5944
7523
3905
6969
2614
2515
5170
7296
4805
2625
2852
5504
4878
7544
2878
3927
3639
2230
3822
3137
4182
2049
5289
3037
2329
2930
3579
3222
3830
7985
3721
3154
4642
5441
4913
7424
6562
6790
7576
6073
5243
2004
4221
3096
4147
5727
5467
5922
5465
4548
6566
6279
3928
7112
5154
4217
4570
4621
7975
6457
2629
2470
7719
7841
5596
4871
5068
3917
4297
2263
3822
7099
4286
5304
4923
2830
7773
4072
3715
4542
7971
5947
7819
3741
7990
6423
3009
5575
7491
7816
6566
6345
5218
2843
6132
7699
4849
6272
5837
2511
7020
3008
6689
6005
6476
4295
2869
2414
4862
5909
3031
5752
2636
3145
7321
6325
7046
3279
2771
2699
3138
7959
4238
4707
2057
2770
4556
6045
2149
7231
4089
7069
6493
6869
6713
7876
2984
4265
2284
4085
3958
2331
2804
5213
3859
4714
3957
3636
7997
2791
6116
5835
2949
6200
3643
3515
5969
3951
5713
3276
7001
7179
7337
6388
7650
7455
2637
7916
7226
3080
4054
3867
2003
2833
2971
5176
5069
3237
2591
5603
6896
2324
5595
3425
6160
7265
6831
2192
6911
4621
6658
3363
7300
7256
2496
4644
5469
6316
7080
6483
3801
5484
6715
7989
3906
7414
5956
4339
4497
5373
5437
6369
3740
5233
6760
4876
6023
2448
6158
3516
2610
2587
2833
6814
2083
6681
7821
5409
2910
7114
3185
5018
3068
4583
7430
4161
5229
2858
7853
7975
7450
6929
4764
4223
3737
5370
4008
2787
5640
2586
5643
3727
2644
5804
5417
4895
7453
4229
2487
6360
6344
7998
2139
5122
3478
4779
3308
2164
3367
7818
6026
2129
7488
6862
3649
3606
5823
4997
3996
7213
5260
6497
4863
6486
7517
2886
2893
4071
2986
3816
7576
7737
6696
2263
2802
4011
5617
4039
6148
7322
2695
5169
4662
7922
5057
3497
4763
2968
3629
5614
4641
2376
2506
7592
6830
2898
5421
6533
2608
3887
2197
5548
4740
4938
6392
2493
5616
6016
6389
5304
6516
2676
4129
3918
5378
6634
4414
4756
3282
7080
2959
2431
4007
5226
7064
4311
4669
2117
2688
4995
2220
2037
6524
5891
4479
3337
7487
3659
2935
3061
3911
7623
7691
4298
5555
5202
6906
4690
4248
5724
3873
5161
6553
6954
3144
2658
4555
7589
7538
3339
3224
3040
3753
7012
4930
7539
2780
6615
3221
3810
2402
2478
6083
6809
3648
6133
4735
3469
4133
4497
3827
6220
4496
2351
2512
2484
7722
4722
3324
6131
5869
4738
7620
4142
3764
2852
4856
3931
2952
6208
7690
5486
2578
4522
3910
3444
5875
6563
6722
5040
5665
7646
6701
4241
2322
5275
6893
6281
4312
3967
3647
4514
3449
6343
2928
5092
7911
5738
3655
7243
3352
2073
2548
5824
5955
2572
4356
4936
2505
7564
3792
5876
6026
6975
3882
7675
2419
5426
5454
6983
2678
6568
7237
5485
2684
5396
6932
5706
6176
4331
4581
2158
2444
7313
4384
5103
7724
2786
5179
2295
3576
5863
4106
4406
2861
6029
5137
3877
7895
4851
7941
6240
2594
5964
6369
2632
3661
3574
7671
2778
3513
3059
7489
5219
3715
7057
7436
2545
3037
5147
2458
2944
5974
6923
4506
6390
3895
6735
5758
4782
2989
5540
5607
7330
4146
7404
6854
7230
4470
5594
4217
7768
5436
4682
3935
3216
4347
2229
2791
6936
7036
2766
2797
5263
4298
2325
7207
6351
4689
6785
2187
5457
3979
4772
7219
4588
7466
3243
7259
5172
2879
7315
3519
2764
2001
5243
5215
5887
3707
7495
3355
4585
4963
4118
2224
5229
2588
3165
7365
2807
6801
4282
7363
2830
4336
2418
2433
7428
2373
7158
6057
4039
2969
7938
7523
6841
2151
5629
6056
2548
7548
6857
4397
5350
3228
3719
7558
4653
4691
6677
5042
4823
7344
2025
5947
3600
3441
4269
2478
4732
4889
7994
2837
2736
3525
3158
6172
7297
6248
6717
3709
4583
7108
3966
3031
7015
2388
3543
3844
4606
7327
5502
5725
2073
3636
3977
6954
7958
7245
2457
2143
6492
6446
3401
7009
4589
4638
2289
7432
4050
2889
7715
2929
5018
3199
4543
5856
6141
5787
5647
2941
4073
3737
4518
5266
2962
3162
3788
4839
4198
4017
5563
7414
7434
5662
7960
2284
4256
5755
3971
3141
5412
4184
3583
2017
2349
3792
4304
3865
7693
3769
2040
5213
3040
4130
6810
4651
2004
7801
3647
2547
6317
5506
3602
7349
3737
6994
6047
3729
3107
7269
4387
4762
4228
3512
4250
6931
2133
4530
3119
2911
6521
4787
5178
5107
4667
4210
5763
6207
3086
4183
7351
5016
5318
6197
5768
6085
2065
4203
6584
7542
2617
3529
6911
5216
2485
2327
6037
6151
5948
5479
5064
5276
6805
5686
7970
4723
5440
6776
3196
4817
3091
2357
5348
5897
2346
7999
5200
3524
3683
3834
2919
3314
4000
7847
2829
2477
2878
7423
4217
3105
4594
6630
6549
4460
6939
5239
2674
5534
3289
4218
4707
4811
6171
3377
4126
6816
5239
2271
7924
5495
7832
6954
4970
2119
3016
7139
5160
2909
6165
6167
5309
5024
6723
2244
7169
3022
7618
3165
7385
2783
2593
3336
2928
4184
7325
5709
5269
4505
5657
7951
4588
5858
2032
5702
4310
7122
3373
6643
2450
7845
4576
3918
5046
3198
3827
6427
5790
5458
3078
3300
6351
2410
2468
4858
7539
4297
2779
7028
3588
6197
4816
6039
4433
4822
4373
2521
6740
5422
4162
2380
7988
3399
5878
2883
3452
2656
2535
4133
2045
4221
3443
2729
7871
6772
4414
6266
2051
7429
4191
6915
3586
3955
3735
4828
3095
5614
6231
4168
5630
3424
2861
5632
3296
2925
7526
5149
7168
4529
7995
5617
4706
6373
2493
6246
7924
5779
6018
4546
3366
5252
7410
6723
3029
6629
3508
7255
2028
3585
4197
7358
4793
4332
3098
7067
5783
3188
3122
7189
5220
4056
2690
6173
4428
3002
4279
7892
4664
7999
5023
2585
3636
3247
6950
6633
3669
6194
6183
4505
3447
3173
4221
7864
2246
5239
3499
6245
3462
7269
6534
3690
2382
4180
3453
6545
3237
2690
2830
3897
7262
5003
4891
7670
5224
5940
2678
4634
3052
4397
4958
4229
3335
6212
5358
6002
3592
2334
4371
4963
2736
3128
5276
4313
6105
6942
6857
3640
7739
6611
4367
6546
3745
3602
5697
4973
7838
3854
5708
4830
5386
4740
2341
5114
5350
6595
7997
5683
7250
3972
5435
3773
4759
2181
3385
4564
2635
5351
5028
6534
5909
3932
3018
6992
3129
6207
5432
4541
3979
2898
3268
3912
7145
6869
5800
6922
5021
3205
4976
4252
2017
2352
7093
5038
4659
2489
6021
7373
2271
6436
3151
6933
7907
5426
6507
5311
7616
7952
3053
2263
5459
6773
2438
5201
7910
3017
3152
6783
2324
5263
7436
2924
4487
4258
3728
4767
7224
7452
2998
3320
6085
5446
4636
4741
4161
3078
6893
3434
5884
3311
7673
3404
4427
5404
6592
5262
2585
7247
7455
2155
4079
3998
6334
6775
7580
3423
2453
7614
3969
2582
5039
5144
5394
7325
3570
4162
3613
7518
2446
6414
6580
6915
6545
5325
4787
3534
5712
3916
4980
4895
2458
2145
2261
3790
2059
4363
3228
7859
3132
7187
2209
3456
7495
2538
5707
2446
6937
7246
3757
4941
3207
2490
3028
4761
3537
6062
3236
6654
7659
4691
7329
7264
6876
7668
7805
3450
3376
6164
5596
5870
5945
5155
5574
2032
5086
5303
4901
5396
6629
3390
4254
5723
6071
3290
6721
3598
7938
2103
2098
7432
2164
4247
3614
2700
5406
3692
5869
5184
4864
4681
5350
6888
5943
3088
4236
7511
7903
4566
3905
6011
3302
3183
3522
4501
6122
4847
6756
4125
2951
7650
4470
3675
6616
5725
7082
6785
3769
3962
3991
6555
6916
3873
4159
4750
3740
6980
3688
6729
2592
6920
3358
7441
4943
4199
5043
3146
5700
2519
4500
3341
3299
4163
4462
7447
4060
2144
2300
5248
3571
4113
4056
3141
2884
3154
4564
5733
7591
3025
2896
2672
3250
4305
2253
5931
5620
3354
4486
2681
3865
2323
4249
3169
4174
7557
4596
2253
7525
7751
3662
4222
4244
4231
4331
4435
4826
5774
4776
7140
7556
2278
6498
5826
7136
7893
3273
6027
6443
6342
3953
2403
5809
4285
6944
2728
7311
5913
7179
5689
3994
4755
3233
6351
6595
5911
3007
7958
7567
2136
3733
3871
3829
2199
5504
6377
4868
3675
3760
6590
7797
6111
7689
5139
4175
4320
3939
3003
7620
4918
2368
7958
2355
4193
6239
5969
3025
5372
4016
6185
5235
4359
6515
4654
3463
7386
3837
4584
2162
7233
6001
6701
7769
5315
4709
3458
6179
6109
6009
6631
4436
7487
2610
2166
4557
3724
2826
2349
2565
4693
7748
5390
3802
2402
2251
2887
3514
3029
3465
4379
7302
2530
6657
2896
6856
4607
6334
5178
3391
2430
4951
4535
2608
7371
4225
7337
3215
7640
2746
7853
4318
2161
3602
7457
4026
7993
2094
7130
7943
4770
5296
7158
4156
5138
5602
2065
6290
3391
4675
6515
6539
3836
2625
6786
7286
4053
4692
2646
4656
2737
7336
7415
5858
7114
2999
7165
3039
3596
2089
7758
2592
4533
2171
2842
2982
7716
3684
4157
5186
2091
4621
7532
2519
3297
2485
2911
3225
5414
5451
6582
3112
6928
2050
7001
6470
7449
5535
4443
6811
6029
6951
3490
5168
6031
7705
6288
4896
7455
6437
2109
6021
2524
3843
5428
5611
7540
4075
4168
7551
2731
6691
3437
4113
3822
3316
5179
6119
5187
6267
5187
6578
7973
6994
7673
5379
7375
3838
5594
7886
4856
2029
7649
5026
3717
6553
7186
4753
4277
5310
6270
5152
4916
6222
7342
2838
4871
3981
5005
7264
6224
5229
2741
4814
3053
5002
5513
6288
3004
4340
5691
6733
5215
6049
6786
4458
4734
2232
4230
7213
7186
2317
3933
5276
2507
4734
7709
2273
6221
2691
4048
2081
5850
4469
3579
7464
5842
3694
2572
7856
4890
7505
3186
3876
5472
5287
3415
7017
6743
3746
4292
2488
4896
6373
4031
3225
7959
4185
2278
3348
6564
7973
5178
6330
5592
6051
4884
7702
4265
3346
5132
2023
7299
5557
6172
6362
2674
4252
2381
4524
5995
5938
6157
5934
2050
3002
6269
4095
2580
6677
5701
7852
6902
6422
5968
6202
2582
6894
3205
4316
5945
3670
4258
6019
2565
2913
3523
3981
2533
2637
7834
3807
5683
4315
4651
5137
4102
7822
6210
4582
5190
5388
3555
4051
4337
3669
3966
4491
4020
3009
3514
2668
5018
7444
6447
4053
5455
2515
7728
4948
3564
7491
6390
6828
4304
6466
6861
2585
4348
6961
7097
2304
3871
6511
3713
5995
2323
5789
6312
5582
2234
6190
6860
4630
4042
4635
4259
6881
7647
6742
6908
5297
5383
7476
3355
7947
3551
2878
4101
5100
3939
7758
5084
2880
3990
2575
6312
6610
7651
6967
2194
4994
6936
3657
7770
2995
3272
4102
5663
4196
2447
7611
6791
3025
6636
6200
2552
7126
3161
5487
3358
2072
3972
3643
4488
6911
7867
4025
2058
3081
2125
7609
2840
7495
2956
7860
4725
7721
7769
2653
7020
5927
3401
2603
3058
5058
2335
5762
5050
2379
6464
3119
5543
3924
4253
3578
3689
2911
5818
7420
3982
4859
6877
4842
5944
6342
3357
6617
7510
2530
4597
2836
4034
3768
3158
6917
7083
3493
5956
3045
6167
6612
2177
5640
5297
6565
4420
7842
5905
7564
7029
3825
6711
5688
3017
5139
3245
3915
5235
5206
6640
2388
7743
2531
5480
7097
3323
3809
4610
2708
5092
4166
2880
3686
7863
3938
7008
6729
7645
5929
6693
7995
6660
5300
3749
5239
2100
3715
5200
7271
2248
2358
4982
5648
2566
2971
3914
5779
6308
7763
2417
4165
2184
2169
5143
5861
2463
6239
7818
7540
6094
6617
5113
4889
7625
2578
3036
7793
2183
7911
5941
6762
2146
5410
2005
7383
5782
6302
2333
4938
5536
4797
5381
2022
2968
3075
7321
2336
4595
5587
2139
4477
5664
3516
3690
7528
4928
6853
3502
5913
3211
3214
2094
3177
6576
4231
5140
2654
5432
4674
5702
7875
2133
3519
7643
3968
4398
3509
3451
3116
6933
5566
5234
6590
6128
7161
2730
5868
6926
4348
7571
7035
5925
7248
6254
6144
5818
6613
3323
4450
7478
2607
5559
4261
5870
5664
4380
2897
4161
6877
5234
3583
6814
3002
6067
2506
5525
5733
6389
2109
7931
5339
4192
4125
2736
4015
2781
3252
5771
7186
3979
5476
3107
7104
7809
7364
5098
2580
4634
5193
6270
4055
5376
3347
3249
3340
6804
6308
3790
4757
3533
3846
4338
2607
6046
3037
3861
3663
7411
5674
2705
3905
7252
3466
5548
2380
4660
4501
4060
2236
3367
7748
7213
3105
5861
3457
7816
2152
6648
3505
6372
7709
4837
6251
4380
3744
3611
6231
3938
3952
4660
7082
3143
5078
6425
6571
7844
2590
6168
3016
3143
4309
5266
4183
3145
3884
6050
7998
7663
4889
5000
2754
2175
2199
3676
3904
2669
2590
4865
3182
4898
4339
3712
2252
3799
4538
4653
5128
5921
5158
7271
5647
4621
2996
7520
7259
6596
3704
6447
5465
6907
5592
6937
2895
2997
4723
7841
6068
3658
4109
2117
4534
2115
7227
4663
2510
5777
7179
6958
