4500
5755
4671
4347
4443
3063
6511
4493
6415
7728
3597
5942
4123
6336
5848
7010
7099
6456
6368
6054
4805
5748
4979
4451
6868
7176
3028
2811
2665
7441
7463
6279
3203
2072
2720
2318
2881
2972
4467
2902
5436
3151
4715
4363
5346
2646
5783
3665
3990
3145
2145
2321
5344
4655
6217
4334
6839
3408
2414
3514
2988
4958
5577
2318
5391
5650
5602
5361
4432
2776
2729
4927
7089
3656
2957
3336
4528
6692
5250
6596
3840
7370
4511
6603
6946
2576
2601
6822
5872
2758
3187
5254
5305
2446
2651
7822
5674
6158
4093
4164
3664
3092
2384
3667
2352
4166
6880
3021
3122
2894
3885
2185
4612
5256
4345
7748
6535
7968
3499
6805
3319
5365
2228
4900
2048
6621
2859
4108
5593
3670
4650
2763
6727
2719
2076
6321
5619
3244
2108
3081
7247
4447
3985
5589
4260
2274
2641
5980
3720
7580
4504
7283
6125
4546
4089
2721
5101
3592
4222
5365
7787
5111
4723
3592
2553
6736
3741
5135
2258
5233
3201
2021
3758
6292
6329
5771
2453
6906
2672
2857
4343
6329
7449
4410
5219
4787
6103
6910
5032
4412
5871
5052
3698
4148
4457
7547
3259
3955
2428
4169
7405
2514
4157
5924
5838
6608
3910
6982
2344
7395
7580
4166
5561
2086
3375
4973
6865
3784
3910
3058
6261
3244
7045
3905
4535
6282
4376
5012
7807
2258
7274
6019
6196
2145
6300
5078
2984
4801
6522
5812
2808
6851
4043
7133
6096
3222
7553
3281
5866
3383
7517
6764
4743
4607
2590
4219
2759
2623
6488
5590
7294
2592
5365
2924
7170
2980
5233
2444
6748
5987
4748
2326
6957
4706
4972
2076
4940
6998
3235
2547
2787
2898
7281
7140
2547
2657
5972
5470
4040
3883
7415
7621
6043
4598
4116
5888
2098
3663
5634
2116
6803
3120
4464
4426
2784
7095
2414
6805
7631
4827
5301
7330
6189
7591
7178
2162
2859
2659
7545
5616
2393
6478
7613
7731
5055
2328
5641
3958
6443
3876
2173
4951
4570
5505
4169
3539
7820
2039
7589
6454
5468
4619
5014
5135
4177
5643
3664
4506
3556
5755
4356
3007
2227
7405
4685
2694
5948
4464
5301
3570
7755
3755
7751
6853
7192
3307
4337
2054
2006
3640
4708
4198
2213
3356
7818
3202
3282
5184
6845
3759
2891
3634
4457
2574
4724
4973
5981
7471
3040
7546
4988
2956
7989
5781
6845
3067
2946
5430
6868
7312
4534
6863
5492
6482
4026
4389
3558
6496
6344
3310
2306
3076
7853
4305
7664
5752
3549
3951
2533
3946
6724
4001
4704
7916
3659
6943
4700
3380
6351
4734
6551
3930
4262
7414
3653
2098
5037
6306
4161
6269
5110
6592
7064
7888
3452
2650
3472
2326
2754
5486
5440
3402
2883
5913
3649
6842
4757
2797
5796
3404
2332
2976
5559
6857
2456
4246
4102
4549
7260
4634
4773
5792
5163
5498
4430
5253
5357
3800
7890
4812
7325
5319
2952
4952
4725
4592
7895
7755
2415
7871
3463
4983
4968
7085
4161
4655
5123
6388
7703
2536
5924
7397
6418
7041
4524
6910
2684
6688
2384
5205
6358
7585
4315
2658
6234
2521
4317
7004
7977
3470
5262
2121
7700
3263
2110
5543
2744
3249
6426
6516
3623
3795
3119
5560
3798
3984
6716
5708
6874
2030
5277
6019
7320
2871
4317
7284
4708
4425
4670
6429
7431
6401
3745
3102
4219
6278
6034
3029
7462
5253
2903
7972
5949
7898
7845
6445
6467
6055
7569
6579
3062
5352
4710
4018
6146
4722
2698
6601
5654
3705
2229
6771
7470
7381
2794
3216
6051
5642
2920
3393
7393
2370
6061
2158
3232
6479
4233
4449
3889
2129
2521
5084
6068
3829
2699
4246
6637
3490
7578
6696
6924
2951
7372
5410
6738
4635
7116
3568
2890
5024
6741
7227
6907
4633
4557
4117
6619
7507
4547
3787
2031
7544
7093
5092
4373
3595
6873
4073
5652
3125
2943
5655
5041
2446
3854
7153
2878
7355
7955
7416
7273
7786
2232
2539
3044
3553
7134
6791
2618
2091
2013
6072
7493
7701
2058
6064
2066
5999
6119
4549
2135
2401
6630
7700
3583
3154
7811
4024
3348
7111
5700
2179
7811
5083
4409
4194
4542
2401
2786
4730
5891
7447
7973
7071
3999
2882
6637
5490
4604
5010
3237
5352
2355
5032
3570
6009
7796
3995
7499
4612
6165
2152
4406
7260
5458
6400
7498
5249
4714
3616
3527
3318
5018
4874
5694
7485
3954
5778
4764
3922
6234
7421
7685
6724
2924
7282
2239
3930
3841
6018
4493
7688
2953
3311
7022
5623
3861
4216
3645
5108
4265
2275
7204
5306
3054
4645
6631
6227
7185
7090
6838
3663
2660
4801
2524
5845
7721
3539
7077
3850
7859
4985
7706
3244
3824
4185
3872
5149
4130
2121
5788
5320
5430
2520
5035
5785
6657
5660
7742
3706
5089
4263
3024
6377
5403
6582
4587
3782
6173
2689
2032
4018
2759
2415
6219
4364
7796
2142
3584
7807
5253
7131
3946
5129
2260
4301
5847
2804
5431
6332
3028
7772
3871
6551
2811
3960
5451
3238
2354
3820
2420
7623
3749
6955
2131
5142
4182
3494
7766
6786
4893
3631
7331
7644
5197
5192
2210
3468
6990
7585
5995
3073
5636
4954
6987
7800
4375
4045
7592
3743
5347
7435
6169
7337
6842
6780
6545
2010
6677
3541
7811
6620
4900
2974
7765
5889
6949
4758
7931
7816
2543
7658
6810
6753
5099
4428
2043
2864
4417
6958
2371
3624
3603
2352
2557
6638
4058
7514
3715
7308
7191
5267
5025
7563
7835
5017
2536
6838
2838
4821
6108
3076
3364
4739
3877
4808
3274
3040
5166
2927
2244
2443
7822
6367
2535
2021
2733
4800
6944
6957
2473
3716
2928
4581
3769
5056
7034
6467
6240
5796
4489
6383
4681
5797
4199
2586
3108
3597
6404
4633
4328
7069
3356
2324
6980
3344
4821
5173
7402
6236
3448
4770
2583
5752
2335
5251
6055
4787
7251
3771
6027
7926
3599
5968
7479
5699
5343
3192
3211
7400
6289
2471
2599
4160
3420
4270
5778
6905
2494
6683
3584
4111
7231
2892
3642
7778
5749
3855
3067
3262
7189
3552
5558
5716
4924
7674
4760
4681
6358
5686
2113
5378
5338
6711
6262
5837
4905
4949
3824
2697
4934
3913
7669
5509
2602
4947
2882
4006
2493
6433
6341
3835
7118
7518
2017
4889
6981
4123
2371
3733
4105
5071
5103
2823
3852
3974
6858
4036
7367
7510
3674
7832
3957
2269
5362
4252
7491
4086
5919
5695
7674
3326
5157
7592
6428
6422
7673
2991
2565
6704
6375
5689
6199
3638
2720
5985
7211
4110
4196
5797
2501
2859
5619
6631
4218
5170
3437
3103
4009
4888
3134
6243
3746
6121
4898
5539
2715
5258
2726
3709
2020
7009
6861
7583
7899
2710
3292
5029
4233
6450
5681
4467
3932
6246
6907
2064
7428
3315
2376
7253
4880
2162
5885
3318
2247
5622
7973
2502
2050
3333
2193
7205
4188
4655
4336
4564
3252
3733
3871
7865
2737
7528
6366
6150
3736
3776
6760
7869
3941
7057
6262
2921
7210
3972
7651
7887
4090
4771
2991
3389
5828
7284
5874
7052
7361
5930
5851
5375
2466
7067
5282
6442
2387
2631
4164
5834
3193
3190
6549
3628
3363
3425
6058
4694
4502
5222
4758
4616
6287
6054
2520
6145
7202
4475
5571
5320
3077
7580
2751
7498
6585
7617
6052
7438
2510
2275
4408
2007
3788
7530
3053
7595
3286
3892
4746
2913
3551
7987
7683
4518
6737
3897
3776
2294
4698
2309
6210
7628
3212
6738
4681
3391
6479
5523
4695
3191
6987
4701
4169
3694
4958
4114
4043
6869
6566
7541
6994
5400
3216
7756
2673
7560
4160
4186
4946
7037
4915
7754
5671
7697
5576
7253
5001
4788
6906
4767
4151
2098
5891
3869
4752
6341
7891
7246
5453
7936
5796
4937
4698
7107
5785
7127
5196
4923
5284
2430
2884
5619
5804
6347
6177
6443
3767
6876
4609
7246
3001
6687
5279
7108
4097
6205
4633
6617
2596
4202
4022
5517
5052
7013
3886
4379
5295
4077
5983
6445
2786
2994
2920
3375
3890
7313
4355
2120
6577
3656
3618
4346
4252
7576
7505
5165
6013
3004
5597
3124
7365
7755
3325
2254
2572
5585
3962
2598
3652
4090
6582
3094
7688
4115
5717
7549
3541
7684
5978
7910
6762
6995
5369
5521
4279
4034
6256
2588
3046
5233
4398
6482
2424
4605
4361
5773
3489
5998
5992
4964
5823
4075
6535
2718
5483
7805
2054
4641
3556
2124
7970
4847
4045
2469
3137
2179
4734
5543
5203
2243
7605
5916
3656
4552
4425
4509
3878
4831
7888
3021
3982
2640
5123
2700
7112
7654
7252
6269
6495
2013
4951
2077
5706
7860
6632
5699
6650
4836
5428
3137
2442
4262
7844
6717
2858
2087
3882
4482
6150
5184
2075
2808
6942
6414
7025
3624
7039
2799
2997
4111
5094
2179
7572
3583
3753
3934
5089
3231
2715
5130
6067
6017
4065
4015
3092
2597
2859
7052
4723
7883
2750
7678
3200
5300
4822
6736
4709
7722
7830
3334
4895
3540
3699
3771
5259
7827
3525
2817
4312
7298
2380
2377
7866
5529
2972
5184
2325
3518
6551
7869
7581
2609
2292
2774
4427
6915
5501
4292
7900
5786
5032
4918
5490
3996
6450
7551
5006
5945
6461
3469
7779
2767
3135
5846
3769
4072
6854
2847
7962
5337
3625
3798
5811
2733
4297
3272
5749
6525
3702
4069
3686
4499
2227
4494
7885
6757
7438
2017
4006
3457
2525
5030
5612
2525
4625
2650
5079
7198
5464
2540
4187
5249
5184
4412
4332
2442
5445
4415
7322
7249
2879
3349
3430
6878
5460
7568
7527
4772
4029
4912
4482
6261
3324
7246
3195
2979
3737
4738
4986
5612
3124
7469
3130
2680
3998
2355
3005
5946
5583
3043
7358
4044
7361
7571
6927
6427
4312
6444
4294
3739
3703
7642
6583
5441
2633
4616
4393
4049
2823
2655
2059
5621
2870
7255
2920
4353
7537
2801
5886
4055
2910
5625
7061
2050
7516
5160
3908
5164
5382
2925
5857
2735
4155
7963
4834
2005
4276
6878
4588
5884
2002
6044
6206
3027
6719
7584
5929
6781
7534
5557
6658
4512
7439
2257
3343
3665
2292
7416
2575
2445
5869
5868
2131
3382
5746
4507
3177
7215
6111
4274
6259
5892
6730
2506
3220
4723
3990
2130
4628
3213
6520
5106
2203
6143
3713
6046
6136
7141
7817
7056
2634
2085
2749
6407
6974
5076
7219
4163
5388
3830
2616
4663
7288
5298
2285
2929
4950
2963
7628
6403
7096
5832
5563
5630
7857
7938
7193
5135
3555
3062
5631
6265
5004
7851
6872
5012
6107
3422
3778
7348
6321
5694
7924
3477
6488
3376
2335
4827
6537
6781
3503
5399
3066
6489
5204
4416
6476
5639
7944
7351
6857
4236
7955
4903
7819
4943
2185
4741
5857
3437
4210
4757
4928
4600
3834
6278
5971
3123
6605
7662
4788
6348
3354
3689
7355
2011
6953
4658
5472
3010
2025
7052
5743
5879
3436
5802
7309
3988
3278
6957
4988
5323
6751
6791
2981
6080
7551
2389
2814
2735
7733
3258
4223
5799
6188
2644
5320
7730
7869
3104
7372
2357
3238
2110
7612
2738
4391
4330
3126
3634
4161
3501
6608
7771
5298
4764
4900
2972
3480
2041
3067
7370
2840
6829
3279
3672
5073
3231
2918
7035
2110
5946
6620
3659
7228
6162
5476
4584
6151
2159
3741
4824
4806
7277
6514
3669
7834
4912
6048
6660
2215
3820
7681
7015
2042
5514
4243
5742
5867
5130
5908
3363
5066
5246
5136
6983
7198
3219
2232
4706
7298
4415
4400
7214
2055
5281
5602
4817
3532
7209
4876
3721
6383
2697
3161
2992
4643
7576
3443
4875
6656
2199
6185
3375
3948
4197
5931
4890
3467
7115
5728
5387
4017
4280
2260
3874
7860
2225
6460
4704
6018
3328
2772
5756
6836
3953
4368
6854
7500
5279
3652
7477
6456
3604
7326
7452
5356
3713
6849
6689
6919
2872
5585
7403
4641
6924
7144
3633
3690
2409
5036
5267
3388
2462
6346
2167
3115
7768
4028
4902
7662
5418
6442
5867
5565
7387
3092
3338
5091
3423
4075
3433
7828
7813
2008
3312
5210
5224
5307
2343
4147
3947
4765
2489
5802
7497
7981
5219
6026
4383
2956
4190
7089
2145
6903
6530
7485
7243
6633
3519
4778
7285
6334
7655
6268
3733
7597
4505
3759
4396
4834
2888
4936
5591
2064
4356
4072
3899
5577
6891
2868
2801
6330
7874
4454
6522
6934
6248
7254
6328
7220
5933
2539
6204
2352
2260
4427
7847
5061
7793
3924
6997
2721
5155
4683
2994
2520
7579
4893
4506
2960
7607
7006
3901
2723
3579
2801
7051
2831
2931
4747
3853
4000
6349
6389
6965
7841
7994
3686
6672
2681
6524
6196
4145
4094
3496
4073
6483
6687
4011
7755
7201
4016
6289
5829
6490
2146
6463
2470
7522
3617
3924
4273
7268
7528
5307
4714
7268
4639
3540
3518
3658
3745
6598
3582
7333
4168
3392
2572
4008
6917
2004
5633
7803
7605
5778
6579
7758
2567
7740
7170
7492
7833
4099
3816
3000
4830
7293
2304
3358
2939
4011
7376
4616
7626
6175
6296
2581
2155
7469
7095
4976
3481
5447
6961
5048
3376
3296
3900
7629
4015
3718
6509
6873
4762
2302
3389
7047
4889
4373
2433
5627
6968
5725
5082
5923
4175
2871
4434
6472
4538
3112
3563
2591
4908
3970
6374
2398
7480
4581
3587
6963
2767
7067
7550
5820
7881
4234
6717
4175
6409
6983
6972
7588
3655
4577
3590
5580
3021
3737
5258
6809
6961
6465
7866
6639
7300
4512
3089
7207
6366
7503
4675
3951
7399
4908
7224
7568
7148
7563
3916
2301
5426
6178
6946
7650
3160
2739
5790
2575
2275
3248
4837
4434
2882
4756
6371
6745
6571
2526
3174
6807
2998
4827
2316
7179
2968
3750
3473
4226
6411
5393
6737
2333
4370
2226
2799
2448
5344
7078
7003
2361
7177
4827
3019
4740
3216
4849
5537
6909
7291
2236
5297
4724
5957
6461
2689
4237
3544
5060
7577
4533
7670
6659
2162
6029
2140
7157
2804
3291
3934
5716
6037
4202
2767
6974
6602
3819
4947
2057
4056
3088
3531
3228
4485
4601
7755
7362
7862
3356
5984
3417
6595
4903
3546
3585
4254
7995
6538
4108
3605
5554
5446
5873
5548
4081
2817
2851
6954
7698
3826
7091
6765
7478
4074
7848
6481
4987
2350
2098
5579
5118
2106
5897
6728
6058
7055
3733
7919
5747
2384
6451
3912
7037
3326
7487
5731
5607
4731
6029
3764
5502
3510
5063
4289
4142
4990
3027
2616
5607
5422
2375
2371
2874
5447
2950
6891
7615
4698
6019
5275
3347
2619
4293
3485
4644
3370
3393
7931
2987
3385
4071
4054
7095
5606
4567
6260
5131
7584
6352
5455
3469
3300
4036
3415
4665
2847
5204
3696
2910
2166
2063
3126
4037
7231
2213
4722
6284
2206
5814
3327
4956
7197
5319
3128
5603
2076
7154
5956
6020
7796
7275
6378
2984
2253
3492
4962
4331
7738
2253
3526
7977
6647
5413
4663
4075
5277
4892
6030
5322
7269
7687
4142
6186
2325
5917
7530
2193
7567
4912
7126
3107
3029
4135
5559
4678
4589
4296
6576
2682
6124
5170
6754
6792
7159
7435
2117
3994
3031
6423
7118
3440
3092
7328
2715
2516
3214
2883
4494
5603
6545
4559
4377
4890
3351
3317
4772
6286
6896
7736
7207
7154
2146
2390
5619
4426
2830
6675
4787
3237
3695
6758
6146
7246
5156
3012
5461
2749
4004
4500
2479
6071
5614
2089
4781
6622
4312
7299
7473
7863
5736
5971
4485
2433
4723
6001
5711
5733
5398
2143
3089
7285
4266
7796
7015
5370
6274
4331
2985
7644
3813
6519
5744
4864
2500
4198
4481
6606
5793
6831
6467
7494
2766
3382
6498
7085
2255
6371
6194
2807
2087
5755
6588
2385
3849
3374
5968
5696
5308
3711
2740
3592
7854
4106
2084
4934
3914
2711
3414
2233
2801
5899
3440
7440
2150
2928
7964
2679
2177
2957
3007
4261
3342
2838
3292
2294
6910
6165
6759
6469
7714
7742
4162
3243
4309
4666
2890
5992
5172
3737
5934
4392
5682
6462
5345
4152
3119
6946
2816
4401
5423
6135
6086
5043
3504
6719
5284
6267
2639
6007
3880
5349
2639
5070
7373
3889
3169
6861
6921
2231
7732
4725
5118
4406
6794
6847
5718
7204
7955
2410
5756
5573
7614
4302
3775
7942
2293
3771
6143
4664
3421
4767
7578
6275
4667
7198
3124
7853
6976
6745
4661
5194
3481
2917
4014
4024
4639
3844
3368
2282
4630
2606
2155
5132
7083
2456
7900
4582
4944
7866
6561
4229
3635
2650
2088
3550
5788
5628
2491
7073
6697
6429
3298
7049
3270
5623
2755
4624
7429
4862
3630
2039
7797
7162
3319
4970
2930
7601
7507
2578
2008
3669
3827
7404
2974
3477
2914
4140
2366
5064
3151
7471
7835
4664
6289
4151
3142
2190
7529
3452
5338
2490
6111
3128
7975
3429
6005
4034
6241
2473
6162
7868
5766
2777
2581
7674
6437
3765
5780
5881
2526
5340
3691
4838
3539
2309
2653
7465
6494
5901
5084
6694
5079
6488
2299
6415
7144
3088
2594
5988
7136
4859
3911
4925
3693
3577
4086
3945
2544
3349
4117
3917
6894
5841
4459
7496
7795
6037
6435
6935
7632
7815
7159
6338
6713
2215
2614
6683
3031
3976
6379
4849
6570
6381
6671
4427
3890
2825
6987
7613
5209
2207
4746
2897
4448
4509
5599
7813
4124
3923
6051
6070
4122
7436
6573
2272
2101
4790
6907
5479
6817
5639
3033
4202
7877
5286
6274
6459
5857
2092
4791
3371
6326
4113
5010
2720
5513
4640
6043
6241
6787
6408
6436
3037
7903
6657
4469
5412
2023
2838
2841
4176
6080
4346
7135
5431
7402
6230
5049
3090
7963
3962
3076
5044
5595
2326
2243
7537
3810
7632
3148
6114
2434
5761
4145
6349
2000
4995
7919
2007
6825
7902
2878
4667
5188
5037
7624
7232
3639
5631
6313
3916
2769
2126
7086
2307
5897
3015
2240
2919
4018
2815
6394
7860
7186
2638
4978
3047
4516
7842
7087
7317
2029
2112
3386
4034
2304
2824
2292
5776
4115
4855
3501
6880
6000
4586
6758
3966
5303
4687
7438
6615
2586
2369
4864
2151
4426
7680
5463
5818
3903
3984
4154
4715
2616
4390
3170
5668
7643
5870
3418
2242
2263
2390
2744
5630
6741
2701
7616
6192
3288
6945
7175
5218
6916
2552
6124
6758
2271
6462
5218
3997
4959
6389
7194
4021
4593
2442
2421
5244
4240
4735
5003
6417
4738
2514
7233
3414
5544
4463
4777
7528
3158
3876
4023
2764
2545
7269
5644
3376
3174
5804
5657
7954
6623
2585
5107
2181
7728
7080
4119
3241
4431
4154
3571
6571
5190
4044
2548
3984
4416
2408
7782
3391
6757
2643
4053
6000
5760
4592
5086
4680
4654
6184
7654
3077
4283
4373
2780
4422
7256
4911
3253
6971
4029
7827
7259
6970
7733
4889
4575
6198
2004
4027
7594
6519
7566
3361
3274
4335
2923
7793
5690
2837
7915
2003
4852
7662
5787
2677
4736
5060
6812
7827
4102
5349
3466
4484
4358
7144
7963
5168
5974
2365
3233
2876
3758
7216
5465
4489
2095
2671
4292
6481
3306
6339
5825
6925
3898
4576
2987
6426
3624
4560
6733
7913
7966
2015
5441
2868
2204
4097
4382
5987
5679
6704
4642
3017
5043
4750
7709
5272
3803
6341
7407
7339
7834
4868
2098
3131
7444
5311
7099
3159
4532
3486
4973
7268
7834
7215
6446
2839
6291
5166
7145
5828
3540
6999
6726
6087
3397
2246
2606
3866
4701
2669
6784
4793
2639
6839
3731
3930
5939
5899
5841
4330
7565
4120
6058
6915
5420
7000
3941
7111
7432
7525
5323
7262
5786
6573
5293
6899
4673
2044
3390
5343
2236
4667
3506
4416
3415
5546
2318
4240
6449
3554
5062
5585
3842
6005
2073
3775
4780
2783
2329
4954
6941
2323
4747
4487
7865
2249
3960
2336
7780
3916
6866
3007
7974
3394
4342
3213
7829
3228
4714
6537
5697
7931
3989
7485
6210
2399
7394
4768
5970
5329
2313
3668
3005
5216
3036
5567
7451
3131
7405
7403
2810
3521
7679
3848
3837
2506
2298
6097
3776
2324
7611
4808
6356
5603
7864
2047
4527
6048
6083
4768
2967
3159
6031
2500
7779
4072
5326
2375
7194
3145
5756
6200
5609
7710
3753
4556
3545
2643
6300
2364
2515
7993
7115
4517
3175
3664
7303
6018
3501
3712
3718
5148
3176
4095
2634
7769
4472
2239
3925
6204
2983
5570
7636
7164
3366
5136
4498
4006
4876
6829
4506
4599
7046
2209
3197
2120
6126
2791
3333
7672
3874
6176
5407
3231
7019
7766
6886
5048
4167
5685
4650
7275
6709
6960
7050
2115
7577
3412
6843
4168
3812
7746
3541
6180
5086
5494
6527
7579
3311
7301
2283
7897
7144
4589
6849
6760
4520
6646
7002
5839
6676
5775
2560
5140
3739
2175
3437
4511
4576
7178
5586
6892
2683
3636
5995
5757
3385
4315
3868
6162
5902
3752
7466
4264
7164
3445
4249
7438
6147
4271
6715
5062
5467
2640
4339
2073
3522
2779
5706
4965
4034
4086
5819
7631
7304
3282
6769
2244
6322
5587
4052
3927
3206
6018
7178
3571
3279
6932
4055
2412
3679
7077
2432
4932
7445
5750
2055
4101
6591
4123
4725
6849
7571
4600
6739
6541
7207
2460
6832
6200
2769
7040
3301
5639
7457
2461
6179
4650
5822
2383
7801
4013
3319
7709
6656
6626
3076
6542
2996
7453
5537
4977
5805
2964
5819
5971
3062
6184
6197
2733
2919
2096
7983
2612
7082
5184
6228
3318
5448
6811
2858
6937
6722
3804
6675
5940
2228
4441
6332
3252
3316
3675
5367
7451
4113
3057
2517
7786
3738
2249
4724
6654
7524
7238
5838
5024
5312
3325
6619
4832
3960
4353
7551
4704
6423
3764
4588
4685
2618
7203
2969
3956
5613
4039
6712
5756
2901
3501
4231
6235
5637
4767
7602
4382
4021
4495
7577
2225
4807
4110
2941
6081
4154
4655
2461
3811
3492
3909
6625
6760
7829
2329
7692
5573
4630
5677
2009
4571
2784
3271
3425
2683
2307
5954
5304
7872
6002
4317
3594
4630
2814
5266
6453
5684
2199
7597
2060
7026
3406
3878
4324
6698
2567
2200
7509
7661
2304
4209
7642
5357
5791
3898
3378
6686
3805
5373
2732
5527
3534
2462
7832
5495
2394
3174
6386
4661
3928
3431
6068
5528
6995
5428
7034
4124
6631
4837
3823
4445
7626
4546
2908
6614
6236
4393
4302
4910
2014
4858
6478
7209
6921
3854
3567
6861
3331
3974
4943
7649
4284
3536
2635
4849
5073
2877
4800
7027
4114
6393
2966
4124
4773
3580
6016
4031
5490
6365
6667
4853
6280
2679
3019
3034
5051
2930
5927
6406
2057
2261
2037
4525
5944
4339
7962
3522
5624
5410
2262
7124
6215
2544
4747
4730
6818
2757
5688
3502
7527
2438
4152
2035
4056
6036
5650
4870
3439
7102
2748
7771
3202
7163
5234
6059
4890
3081
3136
5775
7951
2660
3968
2466
4581
6851
6573
4538
5375
2909
3684
7966
2442
2115
7638
2082
4220
6128
6910
4533
7658
3032
7867
2077
3507
2844
3490
4611
4758
5924
3627
7071
2538
4376
3212
6620
7761
5489
3119
3043
3869
2414
3075
6197
4162
6335
5069
2640
7195
7209
2807
3453
7787
6556
3850
6321
2797
2501
7075
3114
2141
7266
4423
2123
6404
2109
6307
2087
4874
4817
3086
5720
6472
3045
4717
3032
7894
7278
3745
3196
6114
5544
7121
7289
3587
4736
5448
7633
6846
3064
7335
3938
5814
7059
7107
5988
6957
7594
7145
3700
4050
2614
6506
5894
3416
6217
4054
7849
7364
3803
3601
6266
3864
3076
5111
4591
3715
2018
3527
5208
2936
4655
2366
2502
6250
3037
2034
6798
5472
5224
5183
4416
5521
5696
2785
7347
7206
6959
5675
6666
4243
3196
6124
3803
7709
3598
2310
4411
2801
2453
4986
3141
5913
6367
7171
6473
3893
6791
6686
2664
5612
5585
4521
4308
5525
3299
3433
3479
5277
3558
2703
3155
2067
3279
5586
4197
7516
4075
4996
3634
4073
7341
2960
3123
2387
6214
7660
3622
2032
5299
5534
5881
7687
4342
2473
5333
3157
2759
6359
7240
5952
3761
4698
7360
4561
3528
5406
6284
2750
7292
7582
4397
7505
2536
5562
6534
2035
4188
2772
5260
2825
3909
2947
7956
6800
5385
6992
3394
6020
7017
4584
6999
5803
7404
3896
3858
7337
3977
3848
4141
3491
4201
2594
3493
3556
7641
2226
3866
2520
7095
2906
4973
2023
5891
7522
7782
2569
6076
4724
6501
2220
4080
5929
2991
2532
6519
6139
5139
3578
5967
4550
7876
6234
6497
3018
3296
7094
4508
3320
2120
5504
4521
3291
6459
4779
6678
3464
3481
6390
4411
6546
2723
7769
2048
3024
6540
6666
3601
5429
2280
5834
2622
4541
5234
2598
7094
7050
7057
2213
3522
6946
7168
6718
4677
6745
4565
6034
3915
4284
2899
7748
4538
2144
7042
3145
5210
4104
4684
7890
7817
4314
3992
2209
5103
7844
2725
6678
4199
4480
2686
7707
7468
7253
5172
7632
7740
5316
3962
2141
5544
7502
6464
4666
2820
7061
5126
5790
3592
2140
7016
3034
2679
3259
3403
6821
2244
2814
3347
2344
5947
3858
7288
2159
3689
7730
3954
7211
2971
7330
4856
2559
2481
2156
3430
3803
7326
5048
7377
2975
4375
3191
3052
2306
5116
7476
5099
7754
6268
6137
7188
4651
2246
4938
5941
3010
2557
6953
5102
4465
2721
7428
2154
3132
4965
5360
4415
6884
7662
3547
4295
2967
7150
3540
2373
7025
2747
3031
7239
7357
5868
7974
2615
5112
6253
4743
4658
5347
2769
4696
6909
6058
4726
4819
2431
3035
5723
4395
6154
6241
3544
3826
5382
6680
5284
4051
2873
2790
3981
2719
7521
3767
7171
4158
4959
5068
7799
6118
4656
4847
3026
2423
2268
4537
4533
7870
6982
2941
2525
3359
3374
2540
7115
3507
7380
2198
3995
4628
3680
7956
2306
4311
4457
7501
4596
3115
5799
2262
3014
3732
4168
2847
7672
2441
3064
3566
4927
6844
5041
5434
6694
2642
6760
6019
3987
2320
3506
6872
3585
4622
4928
5361
5898
7715
5480
6912
6088
6450
7235
2227
2482
7881
4522
2009
6216
5212
6637
7536
2212
2067
3632
3897
2277
4014
7014
5778
2353
2453
7743
4774
2210
2793
5471
4257
6033
5903
4326
2228
4907
6226
2461
2396
2532
7979
7691
5616
6224
2335
6410
5816
3870
3689
3400
6401
4002
7934
5224
7345
2856
4933
5564
7593
2088
6018
5980
3133
2675
4856
4806
5168
6467
7212
6873
6715
7618
5645
4235
2593
2347
7400
5540
4596
6857
6357
2889
3672
2006
3035
4741
5667
6257
7906
7877
2225
4351
6026
4311
3423
5228
3364
4654
6334
4517
5326
7237
7083
6075
5877
6488
4333
4416
6690
3721
5248
4636
7094
2402
6778
6932
7093
5992
3015
2384
3159
6051
7159
3715
6450
3346
5513
6360
6512
6495
3045
7434
2882
2853
2845
3167
7452
7360
7416
2623
3157
2977
3825
2875
3713
5612
4962
5275
6488
5853
2178
3515
7535
4859
5875
2455
3772
2428
5870
6624
6579
7866
5476
7490
3739
4272
3019
7916
4447
5146
6478
7285
4929
2182
6593
6375
2111
4668
2148
3584
4891
2085
5014
7143
4233
6102
3584
4028
2266
7942
5101
4336
6314
5141
2099
6583
2758
3781
6773
5487
7823
6095
4243
6354
7916
7562
4970
2195
6314
5283
7722
3179
3490
5474
5571
4527
4731
3472
4221
2592
4277
6022
5901
5098
4062
3775
5500
5936
2297
5340
7882
