4500
6299
4322
5075
3155
6214
4191
4150
4779
5267
7656
3519
2447
6673
3653
2766
3617
7028
7262
5023
2339
2356
4161
4991
6017
4429
2660
5151
7460
3548
5718
7543
4816
4829
3271
5464
4035
6820
4309
3111
5106
3484
3309
3853
2411
3589
6671
2648
6464
6663
3929
6079
6606
7375
3072
5840
2531
7809
4031
5072
3561
7893
6065
5157
4312
5005
4919
6905
4881
6594
6806
4692
6149
7856
3827
6717
4298
3698
2820
4238
7406
3850
3941
3521
5828
2048
3427
7326
2405
4173
2162
6637
6429
3958
4573
4393
6837
2621
2684
4095
6158
2386
2954
7237
5792
7386
6353
4997
2310
3289
7749
7589
4586
7385
4035
5588
2373
2191
2658
3098
5204
7858
4476
3038
4346
6615
3751
2780
7786
6746
3763
7679
2635
4079
7948
5524
4628
5765
6586
5577
3786
6703
4437
6109
2358
2441
2066
3927
7289
4365
4422
5208
6787
7487
7113
2176
5822
5807
2189
3405
7052
2343
7589
3879
6061
2817
4767
4418
5706
6362
6437
2157
3480
2318
2656
4158
3073
5960
2183
3379
7910
2070
7967
7312
6877
3817
3485
2586
4170
4667
2428
7062
6584
2373
7874
3398
4060
6686
7041
7662
7577
4957
2965
7346
3195
2785
3393
7466
3117
2134
2453
4699
2059
7380
2946
2645
3911
3117
6791
6955
2903
6318
3116
7905
2849
5579
6757
6262
5519
4553
5634
2338
2676
6750
3821
6754
2145
3210
4161
4138
2472
5861
3919
2625
3743
4790
4158
6804
4269
2720
6612
4660
2411
4592
4402
2194
3055
2732
3875
2055
2186
7599
3333
2444
6262
2221
3619
2290
6824
4763
5855
4754
3308
6043
4138
4599
4296
4169
5047
5521
4723
3302
6654
2996
3616
2514
7733
4331
2358
7967
2005
2926
3396
3132
3912
4308
6749
2104
7362
3983
2211
7051
2084
7557
3967
4251
6680
4915
2024
7332
3129
2197
4511
5573
3922
3786
5075
4454
4388
7339
2496
7961
2651
3698
4519
6959
3031
4402
5273
2710
7670
7567
2169
5621
2591
7137
7034
6525
2475
5057
4804
2927
3377
7005
4146
7317
6556
3067
3692
3126
3948
5010
5253
2949
3585
6778
6675
6610
7101
4641
5769
7731
3839
3783
2877
4712
2974
3922
3482
6640
4847
2701
3173
2856
7140
6030
5054
6775
5849
5867
4741
4057
5671
3726
6894
3655
4641
3393
3691
3274
2748
6446
3946
4352
3608
2764
7846
5882
4036
6666
3644
4538
5999
4596
6911
3865
3108
2825
5073
3265
7233
5453
7857
2655
3909
5010
7393
2211
4306
6759
2115
5179
3975
4511
4443
4199
4087
4749
5822
3357
6065
3939
7142
2029
6890
3503
3852
7194
4536
2636
6797
4711
6727
7777
2307
3979
7058
4748
3244
2115
5290
3599
7467
6861
7864
3901
4914
3587
7574
4083
2126
5456
2674
7331
6870
3246
7154
7504
6225
5699
4797
6188
3501
4721
5018
5049
3667
2408
3765
2767
7213
4583
7315
7647
3602
4345
2209
6882
3322
5945
3595
6201
5842
3351
4170
2129
2072
4947
2635
7266
2077
5175
3358
3754
3287
3480
7172
2982
3631
2611
4821
6296
4082
7374
6312
3152
7119
5236
3661
7055
5890
2562
7358
6681
7608
2250
2667
2903
4883
7247
4610
7306
7209
6595
2312
3111
6565
2240
4726
5538
2212
3965
6396
2820
5779
2328
7598
7432
5892
5994
3829
5993
2755
6467
7020
6953
7061
2510
2753
3275
7882
7033
5275
3149
3345
2088
3478
3072
3039
2103
7699
7250
4076
6950
5040
7353
2019
4803
4581
4823
4224
3986
7274
4060
7164
3661
4938
4597
3553
7321
3417
6875
5033
7906
7200
7755
4264
4322
2792
7549
6356
4537
2333
6365
2584
3439
5092
4271
7636
2561
3813
7352
6771
5490
2624
6510
2384
4194
5712
2057
4092
6448
6566
4238
3296
3743
3787
4598
3337
6625
3286
3842
2960
3104
3146
3544
2878
7693
2664
7589
6586
6040
2278
4515
2296
5121
4839
3854
5911
4864
2320
5486
2861
5869
5454
6785
5291
3993
7016
6425
2717
5142
5312
3493
4920
2117
6225
7786
4085
4895
7336
3601
2219
7368
3435
5808
7954
5034
4125
7898
6451
5210
2335
3359
4569
5473
6450
6265
6961
4056
4268
2132
4639
2679
5052
5086
5655
6654
3049
4580
5080
6593
2507
2666
6419
6189
3677
6926
2190
3343
2601
5665
6356
6902
4132
6176
4823
2145
6983
5275
2584
7548
5593
2377
2271
7335
7041
5435
4538
4267
7078
3049
5242
5318
4576
4185
7546
2395
5827
7199
3566
5970
4316
5366
7912
3910
3739
7881
6734
7154
7848
2453
4374
3461
5967
7051
4520
5259
7473
5580
5705
2903
4677
3152
6174
2386
7642
4059
3181
2056
4436
2207
7233
6318
5556
2625
3952
2683
4206
6246
4996
5522
5798
7663
2174
3209
7794
4054
2045
2508
7825
4410
7752
7810
4417
3288
5721
7806
4142
6309
6569
4641
4262
2918
4602
3455
7237
4870
3760
5801
7990
7494
3630
4084
5443
6838
2649
7256
6692
3840
4721
7031
6871
4116
5870
4492
2629
3822
5742
3712
6840
3031
6977
5612
2234
7351
7544
4351
5404
5303
5738
5930
6107
6471
6532
3030
6422
6271
5232
2629
2004
6488
5176
2012
2662
6415
5741
6621
6808
7386
7635
5262
2423
2473
5691
5728
4354
7744
3571
4948
6531
2621
2520
3395
7550
6917
6959
6873
3115
5345
4157
5805
2659
3005
3379
5511
5869
2142
6211
5006
6596
7236
6668
2592
7850
7555
2026
3809
2777
4421
6342
2353
5505
5211
2500
4898
3778
2049
4194
4512
2234
5741
2209
5902
5926
2450
4879
4455
4363
3756
7822
5253
3855
7305
7774
2919
3667
6350
4511
5398
4212
4662
6505
3061
5932
3127
6617
4662
6645
3324
3194
4805
2743
3168
5699
3930
7244
4568
5374
2496
7580
4610
4037
2919
6817
6983
2695
3899
4816
3059
2822
5363
7732
2446
2304
6947
3472
3104
2367
5438
4945
2545
6740
3060
2504
3216
7328
7758
3447
5772
2192
7322
5355
6258
5253
3057
2653
5043
7607
7210
4318
6226
6595
5768
4239
7691
4650
7582
6310
5862
2616
3711
3988
4697
6379
6577
7003
2249
2083
4954
4852
7595
4793
6497
5863
4310
2789
7909
3467
2634
2340
6657
6772
6349
3627
5250
5293
4835
5309
3673
6886
7074
3706
5969
4041
5341
7760
4488
3049
5172
4619
5922
2308
7628
6197
3800
6644
5318
4294
3903
7518
2295
4662
3651
5344
5274
4344
3548
4923
7951
7745
3762
5516
5268
7417
2988
5887
6396
6092
6886
5288
2882
2303
7622
2455
6215
2127
2742
5203
3473
5864
5904
4199
5570
2717
3000
5244
6088
6637
3423
6973
7190
2949
5676
2203
3132
5938
2228
6727
6194
6730
6463
7195
5640
5879
5569
3626
4650
6156
5218
5844
7525
6666
2925
3639
2312
2914
2022
6290
7330
5505
6454
3995
5740
7375
4224
4714
7910
2445
5864
2781
5492
4622
5461
3745
3258
5767
3492
2851
5182
4956
4064
7311
6921
3639
6244
2476
2848
6339
4136
6051
7438
6109
7872
7858
7332
6554
3039
6069
2876
2075
7157
2900
2176
6046
6577
7684
3353
4620
7213
4376
5168
4398
3675
2190
7176
6703
7583
3049
6989
6204
4366
7819
2972
2524
4911
7712
2275
3609
3215
2376
2136
6542
7565
6968
3117
6820
6801
7458
3693
3216
6638
2747
3610
3168
3679
2319
2780
2788
6412
5777
7393
2566
2743
4622
5527
2838
7709
7169
2147
7091
4915
4834
7938
3281
4698
2948
5134
3979
6126
5571
6312
5593
3757
2343
3218
3198
2407
5977
3751
3514
3054
6471
3523
6533
2896
4521
5115
3338
3875
7873
5447
4541
3504
7586
7035
3321
7649
6047
6650
4291
7264
2773
7772
3211
5681
4999
7158
6482
2667
4215
7390
6816
6792
6609
7659
4756
7540
4718
2140
7434
5953
4428
3089
4655
2655
6400
4734
3645
4246
5191
5285
3175
7565
7316
7318
3899
6564
6049
6754
5056
3224
5291
5361
6648
4724
2360
3948
2963
7395
7030
5376
3586
3450
4662
2223
5926
2987
4009
4445
5471
4365
7534
6780
6174
6837
4755
2093
2477
6310
4692
3525
2618
6839
4685
7574
7258
7909
6898
4102
7010
5424
2364
3001
6533
5786
6188
4381
4890
7240
7330
2996
3728
7990
3440
4040
2171
4131
5252
3645
7364
2871
6465
3894
2315
2042
2233
2092
7387
4523
7264
4839
7413
3952
5003
2770
4981
7089
4843
5448
3425
4235
4427
3318
7961
7347
4794
7513
3811
6073
4534
7459
4080
3342
4134
2719
7358
2448
7633
4733
5441
3923
7177
4584
3254
5278
3489
7014
5452
4205
4290
6373
4135
6595
4058
6979
4784
6441
6859
6870
5545
5242
6089
7905
4841
6242
5762
2490
5621
5281
6595
2660
5795
4876
4701
4812
5679
2301
3144
4082
2485
5039
3570
7988
3080
4153
2448
2982
4109
3442
4158
4286
4606
3420
4770
7938
3767
3489
2725
6238
4479
2918
7258
6860
4104
5559
6452
6605
3353
2058
2803
7035
7840
7946
7328
4379
6314
2002
3749
2088
3531
3692
3502
4206
6053
2368
3033
2000
4527
4691
6736
5830
6732
2876
3650
4252
3840
7655
4551
3476
3587
7127
3639
7413
7495
3611
2690
6528
3390
2313
5511
2440
3609
2512
5283
4394
4067
3243
7492
4779
2416
2392
7680
3821
3614
5255
4540
6737
3407
4116
5018
4671
4525
4398
5996
6778
3870
6257
3174
3044
4765
5379
2368
7941
7035
4343
7550
3031
7439
2656
7192
5698
5860
7749
5989
6467
7285
7136
6741
7803
3780
4088
5304
4990
3118
5583
7443
5869
2318
3065
3695
6547
3114
6441
5240
3095
3931
2855
7911
2582
4421
7488
7256
7061
6466
3496
4191
6539
7704
4274
4586
2981
2200
7119
4454
3223
4982
5202
2420
7941
7915
2696
3829
4775
4851
4370
5487
7149
4047
3832
2141
4224
4862
6431
4791
3122
3852
2212
4402
3172
4995
2956
7105
6424
2757
5478
3300
2801
5646
7255
6151
3292
7310
6140
6626
6872
2652
5564
2494
3547
7180
2371
3692
2535
7874
2124
6858
7803
2197
7712
6811
4412
5557
5097
3277
2531
2652
7767
2611
4487
3336
5337
6296
7128
7155
2664
5618
3693
6210
4133
3353
7695
3580
2287
4621
5387
6151
3318
5480
3076
5008
2123
4130
5153
3710
2408
2024
2164
4164
2159
3263
5683
7477
3026
3300
3216
7836
4649
5140
4547
5352
5616
2631
5526
3158
5978
3756
4949
7519
5237
5758
6815
5573
7798
6778
6365
2400
4524
3619
5968
5214
3658
3712
5932
4365
5140
5365
3990
2391
6670
4146
5596
6564
2174
4602
7434
2083
5287
3728
3430
3278
7111
5456
6274
2579
6477
3375
3490
3998
7675
2500
3412
7288
4636
3166
4125
4897
2211
6124
6616
4700
2785
4269
7406
3839
6973
3851
6386
3712
4668
6672
3342
4335
7249
6151
5100
3204
4921
4029
2406
7663
6108
7674
4510
3236
7628
3958
5154
4408
4805
2394
7838
5365
7041
2221
7944
6224
3496
5614
3626
2096
4688
3350
3039
4352
5811
4034
6527
4783
3879
4881
3995
4088
3533
4204
3483
5151
6580
7094
2775
5371
5587
2003
2714
6182
4246
2204
2010
4969
6758
2595
3474
7367
3027
2111
3885
6606
4295
4680
4302
2936
7044
3006
3556
3290
2599
6282
7680
2128
5486
5519
3571
3375
4308
7259
2514
6740
7931
5400
2268
4292
5274
7533
4813
3356
3485
6453
7815
5510
6872
3082
2681
6917
4514
7864
3746
4584
3046
5868
4675
7037
6219
7715
3354
2731
2746
2658
2911
5317
6606
7145
6996
5986
3880
2396
4672
6814
5840
4381
4510
2221
2685
3597
2648
3970
5533
6720
4281
7572
4556
4743
4223
3507
6130
3147
2506
2917
3699
7543
2588
3729
6160
2750
5574
3257
4284
2053
2117
2607
2376
4070
6510
5538
7606
4460
7578
7410
6070
4663
4722
5831
4662
2756
6819
7169
3270
5588
7499
5733
5246
6116
7203
3980
3749
2230
4436
4350
3020
7462
7927
6556
6721
6840
3142
7221
7424
3951
6445
2890
2944
2237
2247
4769
3980
6817
5718
4407
3389
6867
4192
3902
2687
3935
3318
6881
4362
6977
6244
5723
3735
4963
3940
4828
4968
5256
2915
4228
5314
3709
5570
2013
3147
6839
5472
2881
3598
7519
7092
5308
2488
6687
5142
3515
3926
3115
5782
7507
6146
3612
7893
5248
6496
5963
7014
5157
3841
2025
3072
3065
2971
3220
6647
7741
6363
3848
4127
6935
6011
6769
3774
4275
3665
5333
5193
7381
7145
4681
5162
3659
6060
4749
2082
3340
5508
5935
7462
5066
5982
6872
6969
3963
4705
4205
5672
5103
5543
7163
7696
5138
7610
3794
2236
2447
4262
2574
4180
7867
7797
5416
5210
2381
6459
4103
2696
3653
6612
5988
6222
2966
3523
7836
7877
2624
5260
3553
6635
7497
2198
7769
5438
5659
6448
2405
6150
4110
2652
2552
5031
5802
7711
4634
3105
3446
4434
2914
6081
6155
6300
3550
2512
4033
4330
7944
2443
6649
5788
6589
4148
7018
6904
5880
7393
2212
5011
2884
4766
2665
2729
7316
6760
2117
6743
6784
7413
2925
3704
6933
6289
2373
3042
4138
4412
4783
5069
4778
3709
6972
4434
7129
4532
4552
2815
6941
4037
3282
2612
2109
3099
7256
3990
4775
6800
6042
4562
3704
4797
2422
2903
5805
2408
5612
5707
3642
3378
3930
2744
4710
5776
2898
5880
2066
5988
7281
5771
3509
4798
5750
3013
4376
3994
7676
7875
4196
2649
7039
6761
5947
3967
5686
2238
2137
6860
2493
5559
4642
2456
3557
5223
5440
6763
6728
4712
3130
3503
3009
6600
6382
4774
5120
2816
2991
6793
5800
5374
6318
4528
3735
6126
5899
6508
6024
3688
2283
6773
3016
4596
4472
7681
6901
6335
6227
7414
4248
7514
2579
7587
4549
7434
7678
6878
2931
7219
5173
4182
4710
7093
6773
7020
5075
2930
5416
3945
2199
3405
7890
4414
4006
7872
7133
2149
7394
5010
5518
6277
3464
3950
6739
7752
5461
4876
2279
5487
6212
7262
3628
7085
7556
7817
4711
4035
4384
4318
6363
6074
2800
4347
6287
7356
5069
2279
7979
4169
3175
5695
4172
7597
5376
4454
6734
3318
2949
3831
3557
6941
3571
7824
5329
3625
5539
6599
3995
2216
2022
6682
4968
3209
6100
6213
3504
4370
5361
2267
3217
3840
5277
3288
2534
3865
3519
3481
3575
2158
5733
7190
5361
7498
6749
4511
2380
7172
4563
3285
7330
6921
7942
6288
7540
2210
3209
3456
3768
7956
3284
4303
7242
5317
6442
5137
3371
3966
5148
4929
6148
3638
6024
7690
7626
3217
7178
6921
4984
5537
3159
3884
4987
2179
2138
3965
4461
3069
2048
6002
6798
4333
2358
4242
4473
5143
2233
2817
6932
3361
2569
3949
2865
3730
3253
2933
2363
6703
6176
7870
3451
7042
5864
2464
2540
7150
4444
2761
7583
6507
4453
6759
2896
7883
7332
2208
3509
7012
7752
3016
2935
6855
4729
2976
7243
7055
6933
4641
6207
4641
7901
3733
2940
3375
3890
4370
4047
7217
3389
7754
2485
3837
6124
4579
3202
4884
5563
4753
7400
2336
6394
4644
3540
2439
4092
7159
4062
5872
5927
6392
7752
7960
4251
5714
2337
7392
6819
3469
4241
6672
4455
2052
7641
7552
3818
4772
4106
5933
3091
2140
6374
2122
7058
7562
3407
6725
2085
3350
4321
6110
7078
2911
5810
5743
2759
6905
3792
3676
2418
2705
3051
3954
2077
5575
4003
2078
5048
3148
2838
2452
2511
7758
2148
4153
3669
5094
5724
2627
4093
6732
2460
5176
2905
4961
6500
2235
7668
6204
5510
4873
4748
2928
3903
7249
4489
4422
7990
2704
7195
3679
4030
7134
2310
6483
4893
5932
2019
3169
5752
7477
5061
7772
3838
3520
5974
2452
2563
7213
2051
4338
4369
5366
4077
4478
3987
4765
7655
3648
6507
4260
2099
2595
2824
7750
3475
7971
5552
2669
4458
4159
6232
5809
4821
2771
2568
3170
5926
2901
6574
6924
2938
6436
5282
7827
5735
7682
5351
5606
2775
2305
3554
3801
7665
5934
3730
5317
7775
3333
6202
3594
2605
4595
7631
2278
6699
3989
3101
4327
2287
6681
6753
4577
6391
2370
3732
2594
4660
6848
4460
3630
7997
3472
4937
5399
7666
6712
2666
5434
2823
7093
6790
2152
2142
6929
3495
7873
4313
2161
2606
7378
6136
3157
5013
6897
5809
3883
5445
2759
5461
7896
7185
6637
2036
3268
2059
7722
4633
2981
5193
4526
6976
2676
4064
3637
3276
6851
7062
4542
4290
2925
7291
2968
3105
7684
3002
3931
4778
5200
6578
4713
7307
4121
5883
5505
6036
7786
4174
4777
5449
7566
5141
3469
7999
6710
6337
5754
6297
4072
3232
3679
4232
3413
5982
5095
2324
4447
2809
3135
7618
3247
5036
6585
2846
4344
2409
4325
2938
3129
5797
3390
4767
3427
6500
6786
7803
6704
5220
3662
7335
4918
3944
3675
6095
7369
4421
6468
7835
3570
2703
6481
7982
2560
2096
5201
6216
3847
3089
2801
6212
7090
7753
5613
3492
7351
6033
3031
4488
2532
5924
6067
2308
5751
3441
2520
4932
6209
4709
4663
2613
4922
4456
3077
3707
7991
3789
2991
6395
5962
3734
5628
2114
5520
7609
5053
5138
5362
6052
3546
5247
4900
4412
5938
7096
3642
2429
5749
6744
2245
7273
4327
2144
7608
3327
3430
2762
4345
2478
2597
7893
5335
7841
6087
2004
7238
3827
5567
2828
5028
3083
2304
6385
3942
7855
4867
7028
7533
2735
2749
2388
7367
2996
2253
2343
4828
3354
5434
4768
2097
2087
6262
6137
5912
4849
6423
4451
6080
4069
6050
2455
5050
7599
4634
3218
3582
2211
3481
3848
7596
6854
2171
6828
7890
6019
5335
5192
5206
3710
2554
7255
6938
3505
3585
2930
5635
5933
3545
7926
7984
4042
5188
7510
5282
3029
5807
3344
5448
3669
4897
6844
7665
6948
6795
5207
5809
2850
5718
2247
2527
5240
6126
5414
6536
2278
5449
2757
2370
6329
4985
7124
7252
3919
3882
6268
6637
3839
4746
2558
4223
3378
7933
5796
2255
6299
2662
6449
2421
4905
7082
7549
4107
5043
2323
6302
5659
6807
6029
4377
5332
3619
6134
2059
5175
7987
2534
7453
3474
4383
2250
4100
7847
5459
7420
4189
3807
5455
3123
4081
2514
2210
7499
7808
6268
5760
2374
5336
3249
7861
4254
3319
4454
7602
7134
3257
2004
6143
7127
6601
2151
2719
7192
2450
3003
6869
6900
6143
3645
3609
4139
2918
3017
3605
5580
3681
5703
7869
7160
4124
7874
3218
2454
7131
2738
5484
6750
5077
4765
5465
4105
6540
2118
4828
7846
2497
4141
7113
2360
4964
2184
6846
4972
2913
3395
4562
2447
4039
2415
7151
2672
4065
4701
3300
5183
4008
6963
4570
6519
3275
7222
6828
7592
2250
4088
6263
7227
7938
5832
2564
4981
6263
5040
7293
3233
4975
5960
3718
2476
3709
6047
5523
4400
6197
7899
4754
6608
5376
5061
5270
5542
5105
6961
5857
7936
4203
3129
7449
2482
2272
7775
7098
2776
2945
2249
5473
4139
6593
4144
6125
6769
2676
4592
6831
5111
6834
2364
7904
3814
4151
5862
4329
5355
3954
4693
4420
7350
4396
4508
2919
7270
2374
3508
7741
6966
7842
2011
5710
2003
2937
6692
5828
5865
5700
2468
3190
5374
6145
6795
5283
6047
5501
3987
4312
6297
7396
3787
6860
4455
2081
7622
4881
7348
7518
4733
3278
3378
6390
2657
7613
5054
6705
2805
2684
6579
4228
7015
2865
2078
6978
5033
7352
7455
5306
3157
7716
4787
3019
3047
7496
5722
6745
6014
7527
3344
4422
4864
7109
4644
3258
3948
6632
2449
2744
2615
7080
5936
6147
5523
7650
3996
2508
2565
3378
7055
3616
3112
2215
2007
4227
5489
2457
6802
6227
4440
7339
4185
7952
4919
2497
7120
2168
7228
4349
3652
7902
5458
4234
3841
6511
2683
6039
7478
5034
7818
4016
2227
4547
3814
7394
4971
3780
2978
5208
3820
4425
7086
7682
5642
2096
2910
3805
6485
5362
6743
2700
5043
6401
5018
5891
5239
6763
6238
7366
5585
2944
5291
5787
2827
4696
5421
6993
6019
4792
3981
5069
3878
7148
7510
4333
2961
4178
3862
7200
4733
6125
4542
2248
7814
2878
5386
6886
3237
4020
4574
4335
3029
5307
3252
2025
3523
7970
3343
6694
6064
2836
2684
3961
6487
7804
2724
7378
4465
5929
7889
2222
5307
5182
3119
3974
4736
4587
2568
5040
4242
6274
4024
6606
7258
4573
7091
7512
7035
6640
3415
4874
5355
3693
4793
4712
3267
6744
7860
2456
2508
4331
4279
3824
7667
7541
2996
2389
4911
5134
7333
4703
3756
4016
7636
3411
3353
7796
2332
3511
6797
2989
7821
4558
4724
4647
3962
4828
2411
3043
2171
2749
7665
3123
4996
3750
6077
2042
4255
3588
4209
6260
4556
3309
4818
5761
5961
6392
2452
4246
3805
3159
3626
4725
4344
6122
3933
3642
4235
7979
3033
7899
2932
6140
5458
5703
3915
5275
4241
2525
5623
5403
7696
4588
3915
2348
3651
4919
3657
7755
2284
5253
6436
4010
4522
6875
2733
5833
4403
2773
4080
6727
5883
3104
5611
4689
4355
5529
4089
6369
6844
5371
6350
7229
2972
5635
5544
3171
2099
5734
6552
5054
4509
4674
6330
5480
2867
2600
6781
3135
2864
6599
4074
4240
3705
3677
4475
6308
4263
2919
5197
2167
7388
6996
6440
6906
4845
5948
2519
6901
5000
2372
4884
2181
2951
6644
7314
3166
5839
5716
2785
2297
4357
7576
4143
2157
3079
7133
4907
4061
5530
3097
2296
3902
7264
5583
4920
5515
4514
2085
4716
7488
3357
7387
3092
7891
4507
4640
3156
3043
4093
2847
3558
3629
7362
4174
2459
4531
4966
4904
6903
6239
4462
4476
5338
7019
3414
3465
4081
7530
3342
5689
5391
4546
6160
3310
2710
6027
2312
3330
7241
5009
7387
4126
6575
4395
6558
7128
5842
2816
4651
3735
6796
3872
5531
7959
6407
6739
5782
7231
7877
2315
4766
7294
6452
4804
2869
5117
4473
6692
7983
2191
3114
6877
5865
6437
7223
6250
2301
3935
6259
5092
3572
6584
4983
4503
7301
3582
3351
3610
3587
4355
4309
7091
4786
7441
5124
5054
2069
3193
4101
6596
7474
6566
2940
3494
6666
5593
3893
6773
2487
3898
3230
7509
2169
6032
5524
5175
6611
5013
6661
4005
2093
5601
7667
6121
2422
2714
3868
4423
3719
7596
6575
2791
2110
5614
5398
6527
6458
2869
3426
7017
2099
5161
2669
5572
7527
7907
7675
7965
4783
5655
7655
4402
4033
5337
2906
4539
2282
7834
3490
4675
3982
7347
5525
3747
7214
6040
5469
6916
5510
6228
7036
3258
7995
4687
6603
6142
5188
5643
2374
4490
3205
5298
3360
6601
2621
5508
7687
3172
2357
2359
4940
7917
4707
2119
3631
5531
3103
4404
5695
5865
5459
5729
7007
5436
6405
3070
3664
4643
5712
4058
6337
4770
5998
2664
2634
7516
2950
3152
2859
6857
5154
4921
2516
2505
3812
3350
4509
6531
2718
4418
3079
2413
5452
3946
3876
7394
6784
4557
6466
5689
2133
4608
4615
4231
3882
7371
2129
4523
3566
6150
4131
2700
4675
2114
4986
4530
6066
6088
7064
3741
2962
7109
2562
5913
4978
4169
7320
6271
3201
4049
3870
2498
7877
3302
7821
5308
7378
4643
5031
7912
5896
6112
2621
2074
6826
2623
4907
3699
3584
5622
4913
2859
3300
4749
3545
6260
3284
2680
4460
5917
4075
6254
2989
2000
4147
6690
4289
3021
3116
7341
6822
7712
7105
6614
5080
4847
5509
5398
2098
6899
4412
2218
7416
4555
6755
2960
3988
5491
2975
5512
7716
6858
5321
3854
4363
6624
3880
5940
5830
7301
5693
5244
5032
4585
2517
5544
5584
3928
4486
4789
3287
2322
4752
2065
2200
3094
4257
3880
6255
3685
6420
2409
7690
2247
2636
6391
2451
3260
5188
5342
6793
3192
2831
6200
5171
4016
6965
6997
2498
6874
3676
4228
3725
6116
5276
3898
4789
5787
5560
6987
2463
7109
3490
7311
6420
3599
3717
6248
6262
6659
4175
5604
5990
4393
4382
4180
7328
5751
2328
6814
5038
3693
3190
7475
7511
2934
2645
3074
2956
7963
6208
6613
7696
3541
3038
5810
5546
4794
4411
7983
5978
5939
6977
3529
2125
3671
5661
2213
2399
4470
3333
5146
2400
4111
2688
4011
5316
5690
4851
6948
6829
6979
2077
6266
6545
4307
2466
7055
2265
4400
2840
2945
4285
2751
4318
5355
2003
6070
3853
7918
3778
7728
2904
5017
3571
5091
7632
7710
7935
4957
6139
7059
2876
2612
6381
6012
2076
4167
6117
2349
5513
4658
4436
4059
4020
2758
6101
5607
4884
3611
3348
5624
5155
4328
7879
6964
4913
5938
6417
4674
2833
2365
7131
6077
6397
2240
6853
4457
3245
7225
5284
3174
5218
7284
4304
4210
5414
4587
2009
2454
5149
7024
4916
4499
7817
5716
6909
3022
4884
4224
2655
4920
2136
6991
4409
2608
2010
5448
7182
7505
2731
7170
7513
3157
7599
2279
5749
4045
4762
4093
5622
5050
2884
2672
4439
2917
4525
4984
7693
3801
5494
3284
6568
6476
2826
4038
6465
3563
5005
3374
5513
5189
7051
7307
3413
6183
6169
4248
5778
3918
7506
3496
7134
6441
7657
4349
3645
2047
4085
4745
3778
7056
2905
4107
3918
3468
6870
4256
2228
6787
3048
2661
7157
2135
7360
6975
5483
3595
5584
2600
4579
6224
4547
5295
5039
2321
4557
2183
3662
2191
2097
2067
5708
7657
2039
7414
2557
3221
4887
4386
3056
4703
3591
3760
3829
6757
7942
4106
7537
7742
4189
5342
6516
4385
6034
2848
4016
3526
3105
7366
6478
2982
3593
2200
4363
3118
5106
7021
5873
2105
3296
7378
3161
3419
2373
6379
6121
2185
6000
2649
3403
6268
7601
6690
2700
6987
7335
7321
2399
6542
5739
4201
2870
4359
4952
6487
2153
5165
7032
2738
6392
6827
4357
7696
6041
6325
4417
6049
2286
3160
7466
5096
4513
4641
3197
4160
6163
7448
7782
5166
2427
3066
7242
4161
7800
7083
5903
4579
4649
5171
4795
3567
2292
3815
3626
3099
6652
5790
2430
5390
7273
2510
2696
4365
6266
3892
2828
6021
2026
4181
2416
6768
6736
7678
3696
4766
6634
2915
3975
4636
3579
7890
7325
5898
7792
2785
2493
5508
2512
3430
6545
7388
3503
2298
4148
5719
6241
7476
4631
6256
4220
3672
5854
3987
7334
4591
4875
5518
7350
5946
5176
2562
3984
3056
3036
3383
2967
7194
4457
6699
4464
2386
2309
6159
5731
7718
5872
7868
6588
2094
7039
7982
2554
2876
4192
5009
4580
2379
2437
4015
2853
3701
3664
3015
3708
6819
5991
3795
2461
3992
2801
4886
5830
6713
5263
2411
2814
2442
2927
6028
3398
4019
6954
7101
7132
6775
2152
5796
7001
7961
3019
2508
2596
3179
3310
3580
5800
2746
3619
6040
4260
2240
3362
6258
5300
7283
2551
5864
5618
7085
7316
6448
4782
2651
5074
4091
3437
5516
2561
2368
7535
2961
4346
2740
4405
5354
5429
3588
6680
7093
2331
2933
4501
4719
7933
5778
6043
4954
7716
4653
5131
5350
4178
6038
2578
5672
6857
5979
4702
3358
3553
7057
2180
5896
3669
6237
4250
7898
2427
2713
4471
5680
7666
2922
2634
7723
5926
5354
7919
5314
5013
2807
3736
4017
5525
4091
7018
3587
6890
3750
5481
2289
4411
4179
7332
2325
4145
4194
5222
5596
5487
2067
4032
7287
6221
2164
6285
7810
5185
5128
2758
3010
3038
3880
6478
5885
