4500
2596
5300
4481
2661
3677
6444
4185
7208
4152
6183
2840
4583
5755
6263
6914
6957
7108
5728
7914
4347
7199
5971
2682
2035
2502
6446
7450
6143
2237
5794
7328
5864
7890
3193
5060
7347
4820
2369
5624
2916
6528
2348
6185
2560
4640
7744
7369
2440
7827
2003
2630
4853
5512
6046
7634
2908
3578
7645
3527
6031
2511
6046
5844
3610
3778
5925
4618
3507
7470
4693
7177
7405
5847
3275
5693
5721
3633
7844
4114
7397
4134
2941
6617
7532
6558
3473
4089
7965
5079
7054
2143
5625
6053
5614
2151
4139
2085
5635
3612
6582
7114
6998
3934
4190
2759
3583
7641
5364
2397
6361
4153
2830
3801
4896
7084
2901
2402
3724
6254
3675
6753
6181
7893
5353
7159
7088
7015
3656
2856
2320
2666
3770
4225
6290
4481
3095
5633
2302
2395
6386
3021
6601
4491
6182
5243
6310
7101
7201
6494
4458
6785
6732
2281
3992
2053
4372
7643
4951
6185
6511
5200
7851
4107
3265
2913
2867
3442
6256
4532
2484
7812
4786
5517
2656
2403
4321
7636
4950
6738
3126
3701
4952
2377
6957
6417
7418
7076
6231
2483
6598
6142
7347
5732
3526
2620
7771
2931
2622
5873
4126
2615
3017
6424
5147
7167
2118
2481
2981
6678
3333
5399
3988
3324
4925
5185
2974
2540
5018
4270
6077
5083
3082
6158
2318
2845
5025
3905
4179
7180
6385
2931
7203
2547
5496
3787
7673
2792
5793
4652
4720
2223
7089
2843
3049
7404
6847
2478
5967
3011
5459
4265
7614
4156
6312
7777
6881
3153
3654
5305
2092
5830
3737
2203
3416
5703
7647
2362
5277
4644
5573
4124
2404
7595
4105
4828
7948
3861
6510
7222
4535
7871
7763
7023
7817
4087
3005
6446
7734
5066
2997
5742
2903
3194
3823
3085
2030
4542
6435
6811
7540
7237
4454
4282
7903
6375
6004
3599
5958
6599
6361
5744
2321
3954
3732
2978
7348
4034
4450
5718
7990
4099
6616
5744
4506
2009
4517
3734
5061
7243
2927
6903
5152
4041
4781
7393
7718
7789
7127
2728
3520
6528
7572
3364
7711
4461
5419
6029
2497
2937
5991
2588
2378
4475
6071
4756
3978
5179
6309
7367
4412
5996
4090
2168
2163
6766
3509
6054
4544
3557
5384
4348
4069
6079
6619
7278
3713
4326
3489
3282
6933
3572
7223
5981
6498
7923
6554
3004
4219
6775
3702
6064
2486
6103
5627
4132
4054
5787
3978
2872
2357
6224
7268
6879
4135
4696
4313
5178
2673
2671
7335
3006
6197
4616
3119
2862
5728
3277
7067
5936
7758
7158
3594
7618
7619
6217
2311
4359
2948
2440
4277
3173
7919
2132
6840
7383
2122
6234
4337
4602
3344
5415
4980
7617
2413
4080
2020
2791
5874
7279
2552
4996
7745
7490
7328
5609
5881
4932
2490
3748
2909
7745
5578
2603
2937
5977
3248
6613
5363
4848
5813
4331
4380
4900
6695
2541
3775
6172
2508
5526
5014
6225
4700
4632
6757
3353
5341
6102
5143
7815
2424
3580
2029
2720
7869
5886
4923
2199
2509
3743
3740
6811
5717
4038
6868
7173
6031
5760
3266
2262
2336
7668
3632
5072
2499
6355
4303
6872
7546
6495
3859
7391
4419
3871
5640
3570
7467
2319
5751
3152
5443
7793
5378
7222
3984
7764
7662
4982
3015
7196
7151
5242
7563
3311
4109
2418
3396
5975
5250
3804
3382
7170
2922
3654
5705
2980
2811
3685
7495
3517
5896
6084
4800
5062
7319
5090
7768
2871
3369
5448
4469
4245
2846
4314
5299
6973
5514
5952
5606
5502
2065
5755
4984
2834
6622
6903
3046
6302
5737
4510
5468
6670
7550
3723
6211
3731
7003
2741
6016
6372
6205
4328
7173
6414
4005
3985
6767
3472
7356
3695
5179
6759
3413
5433
5805
3495
5180
5261
2227
7340
5920
5360
6700
5618
4775
6328
3775
6945
4375
4171
3453
4433
3477
4076
6850
6398
4294
3618
4544
2722
6475
5487
3517
2293
7002
3044
7923
3833
7047
2970
4105
6949
5691
5608
7025
6745
7285
2359
4237
2790
2855
3148
7712
4807
4043
4342
4280
3755
3044
3511
7175
7499
3691
3392
4511
3992
7782
2203
2457
5179
2437
3681
4506
2181
3430
2922
5505
6667
4292
6845
4838
3765
6394
2422
6926
7215
2312
5098
5224
3700
2724
4646
7260
2751
4330
6369
6462
2441
3241
3780
4270
3133
7286
5186
2635
3347
3540
2562
6851
7178
2348
2160
3271
7315
5876
2418
6852
4905
3095
6639
4643
3135
7886
4322
4840
7263
2201
2075
7199
3710
6108
3605
6837
2896
5296
6442
3939
4770
3851
5520
6842
5379
7801
4960
4888
7062
4458
3548
7718
6078
2037
4668
7490
7977
2541
3324
3842
2848
5506
6229
4265
2002
4780
4477
6692
3665
4853
2406
7917
3807
4711
4051
4147
5132
3040
3723
3229
4536
6966
5756
4084
2417
3365
6911
6340
6691
2153
3371
5496
7920
4693
4444
6774
7877
2441
4694
4551
6656
4513
6290
4996
6613
4963
4153
5116
5234
3361
4880
4795
7082
6167
5212
7579
7757
6540
7418
5392
4491
6014
3174
7348
6080
3549
6182
5729
3096
3637
4730
2562
7030
2830
5706
4604
2638
7805
3900
6551
7312
7308
2219
7702
4140
2331
4261
3477
3309
6354
3968
5000
3305
6927
7091
3378
4876
4811
3505
5892
4400
7972
3140
6792
7605
6546
6427
2336
2173
7709
6024
2221
4300
3677
6497
3272
4518
2583
5422
3896
6742
4118
5967
3125
3335
3551
3712
4534
5285
7873
4490
2231
5223
7538
3520
7960
2618
7951
3621
5321
4729
3394
7917
7543
7748
3630
2542
4129
7847
5064
3248
2983
6135
2441
3107
7753
4320
7261
7172
6289
6832
4599
3395
7661
6121
6491
3623
5499
4567
6227
5511
7562
4371
6265
6553
6671
3503
3643
4786
3194
4409
7276
4367
5162
3994
3848
3493
6606
7793
7824
3557
7461
5698
2407
6022
3656
2435
5212
4183
4477
5585
4832
4670
7580
5756
4872
2371
3231
4911
5248
5841
2552
7707
7493
7129
4637
3587
6779
4327
5014
6349
6811
3315
7703
6183
6876
4769
6459
2250
2239
7466
3369
3086
4533
2655
5206
3060
3150
6309
4680
4852
5896
5443
6439
6776
7160
3655
4724
7780
5185
6227
7088
3370
4418
4186
3440
4047
3917
4001
4957
4316
4594
4411
5776
4144
7382
4616
3941
2258
3854
3010
7370
6165
3496
7516
3966
6710
4717
7705
4461
6680
5585
4464
2332
5966
6155
3111
3200
5777
3835
4627
4665
3320
5577
4769
6743
3376
6305
5531
2538
6617
6825
4872
2578
3225
2684
3742
3591
4441
7344
7949
4425
2137
4165
5615
3444
4761
3777
5782
2345
6430
5096
2159
7337
2948
6708
2900
6072
3825
2149
5915
4491
2592
2622
4634
5846
6569
6628
3748
2873
2548
5287
7912
2963
7592
5841
7344
5130
3927
4675
4199
6166
6866
6350
7118
5592
7231
2538
2616
4306
7715
6230
7920
3655
6575
3591
3847
2313
2043
3882
2577
2197
2996
7313
3680
2769
3248
2962
2563
6888
5071
2015
2964
7187
6259
6650
5141
7139
7248
3965
3944
7931
4998
4940
6402
2371
6151
7995
4580
3800
3744
2811
4168
4047
3263
5402
5232
5039
3185
5050
7031
6348
4944
5686
6517
3096
4866
7988
6813
2420
2320
3234
4312
2991
3223
3926
4985
7705
4494
3554
2922
5589
6768
2520
6998
3222
5859
4571
3892
2050
3236
6741
3482
2806
7848
4918
5889
4297
2326
3937
2516
7711
4292
3842
4240
6396
7220
3475
4939
2004
4966
4928
4745
4481
4071
4046
2392
7973
4592
3074
4055
6332
4689
7657
5520
5803
4316
7236
2632
2501
5018
7046
5239
4085
7090
6343
3533
4990
7449
6092
2414
3944
6938
7190
3110
3215
6487
3929
7415
5646
5012
3434
4071
2181
4130
6960
6380
6975
2680
2648
5951
5541
7004
4578
4923
4798
7087
6117
2826
2616
3982
7565
5987
3639
2497
2403
7661
2368
7095
7450
3447
5923
6480
7699
7129
7395
7287
6094
7453
7534
3997
4492
4600
3939
5949
6544
6410
6257
4968
7188
7859
4581
2459
6581
7236
4109
7289
2435
3021
5974
7894
2024
4208
3044
3811
3495
3208
5382
6652
4154
4437
2408
4991
2490
5756
5470
6520
2083
7514
4530
5128
7527
3834
2782
2805
2294
5361
5099
7529
7611
3885
2998
3852
2193
2924
5386
3660
5708
7352
2811
5010
6672
3727
6564
3114
3491
6126
7814
7126
4199
2498
7362
3812
6115
4236
2208
6715
3724
3970
3573
3188
4043
6143
2103
3525
2721
5804
5385
2629
2535
3043
7847
5011
6077
5530
2344
4632
2415
5872
3362
3389
4025
6243
6839
4738
5402
7232
2247
4077
5195
6035
6120
6157
4709
5543
6419
4862
6618
2480
7094
4841
2196
6723
3989
5135
2884
2424
7801
5246
3372
4337
5281
5428
2274
5785
2197
7433
6897
5830
6254
2139
7435
7822
6828
5437
2000
7298
7909
3578
5084
2271
4074
5500
2079
2882
4857
5357
3020
4347
4945
4933
4026
6241
7981
4227
7242
3510
4806
3290
3139
4655
7321
2861
4424
6563
2925
6388
4178
4274
6811
4041
4806
3430
4268
4534
2147
7996
3857
4809
6916
7017
3828
3519
5416
7656
6037
3352
6021
5754
4303
6749
2261
5369
5457
2590
3060
2985
7065
4262
4291
2396
3815
3474
2490
5122
3647
3916
6215
3188
7662
2048
6167
7633
2061
6600
4755
4674
4179
7903
2272
4496
5598
3408
7947
6883
7074
5199
4021
5703
6049
2335
5524
3964
7089
2059
5957
4264
3367
5318
4556
7736
5019
5529
3199
3913
6411
3235
7980
2081
5130
3804
3364
7531
3895
5497
3397
7163
6434
2454
2388
7274
4598
2084
6219
7435
5052
6788
5455
5976
4773
4164
4701
6250
3881
3736
6226
6670
6302
6441
2066
3447
7608
6967
6750
6633
4894
6503
5486
3104
2098
7233
5118
4741
3722
5766
3171
7416
7505
5282
6713
3080
4238
4764
3747
2400
3675
2460
6780
5780
7562
5414
2245
6703
5804
6267
4873
2673
6529
2324
3047
5800
6597
2637
5593
3722
2199
3647
5629
2333
5865
3140
2855
5783
3811
7404
3706
6220
7589
3943
4817
7735
2041
3817
4408
2716
4254
5070
4616
7341
5173
3099
3616
3673
4722
5081
4064
7763
4472
2801
7380
6829
6427
4953
4071
3458
3626
5503
5468
2394
5282
4859
4329
7812
5093
4633
4244
4826
3903
4410
2022
6695
2648
7977
5051
4292
6349
4072
2618
2142
6091
4039
4647
5069
7237
7463
6626
7388
4106
3501
4310
2728
3826
3618
7618
4687
7494
5640
3421
5403
5318
4240
4672
3962
5050
2303
3457
2950
4588
6833
5528
5523
3356
2162
4427
2175
3880
3521
6824
6372
5182
2019
3580
2984
3172
4722
5877
3755
4748
5640
6068
2335
3795
2443
3336
4344
4138
2827
2412
7343
6401
5785
7449
3636
4988
2985
2757
5894
2565
2556
3380
3065
5935
5068
2060
7704
2789
5086
2414
3713
6887
7375
4830
3823
4030
4880
6561
3431
6288
2046
4159
2929
4658
6604
3486
6282
4531
7753
3771
4189
5189
3394
3700
2413
7369
3611
3734
5933
3116
3447
2669
2258
6539
2256
5191
2662
3904
3248
6930
2611
3088
6978
6798
6048
3852
6773
6073
5531
3617
4752
3813
6459
5846
5716
2496
4885
3187
3344
3945
3401
4712
5529
2645
3308
6905
4290
7132
7310
5849
7454
6430
5119
2355
6212
3470
6754
2063
7513
7570
6956
3644
3277
4405
7903
7778
7774
3928
4767
4406
2841
3901
7100
6157
7925
4353
4411
4899
3391
3780
3668
7967
5482
3536
3663
6824
2521
7145
4291
6625
7089
6259
5654
4423
4482
6932
4762
4323
5656
5609
5833
7809
6727
2335
3658
2361
4677
2840
6514
6310
2791
6072
6873
3246
4148
3207
4610
2244
4003
7983
2573
2460
2666
2080
2413
4173
7217
6704
5946
3125
6743
2493
2731
4328
4629
4379
4124
7997
3546
7484
5165
5392
7092
3838
2599
5790
7996
5390
4038
5688
2721
5869
4276
6666
5349
3727
3154
6957
4756
2471
7853
5777
5486
7209
5845
5729
3267
7977
5752
5232
3111
7152
2757
3782
4028
3445
2516
5597
4587
5600
7798
7115
3568
5119
5599
2404
6121
5710
7449
6728
2618
7459
5549
5569
5143
5711
5482
2969
5775
5893
2381
4718
7628
4293
3194
2647
3641
4046
3702
2453
2619
7388
3559
2419
3782
6302
7657
4403
5323
4691
2034
3552
7895
3201
6337
5905
3112
5452
6346
2050
5099
5067
3119
7460
5998
4197
3145
6367
2164
4772
2955
3295
2582
2437
4748
3304
6244
5829
2905
3204
4977
4997
5390
3530
4559
2843
6482
3156
4157
4225
3708
4610
4734
6423
6958
6497
6752
3450
6597
7778
6035
5266
5606
2774
6426
6029
2643
2951
7990
4810
7779
2556
7871
3650
4549
4963
2503
6314
6228
2233
6350
2679
5175
3982
6875
4158
4375
7086
2326
5332
4738
7873
3122
6700
7587
2321
6531
5420
4210
3672
2428
4493
5981
3201
5360
4547
4146
3006
2008
5448
3746
6111
5027
5544
4393
3492
5346
6801
7281
4201
6520
4835
4465
4087
3804
3760
7354
4491
3973
3211
5396
7196
2633
6395
5434
3560
3933
6760
7672
4502
2796
3026
5224
3565
4094
6466
5932
6967
7327
4023
3229
3211
5450
3931
2377
2380
5347
2504
6798
5182
6654
3135
2279
4572
6456
2074
6222
4307
5765
5778
4935
3898
5138
2680
3968
6049
6190
7778
5627
6903
6764
7358
6628
6127
3573
4614
5635
6248
3824
2174
7943
3434
5981
3299
2789
7439
6059
4263
7900
6763
6706
5759
7071
6472
5009
2694
2303
3459
4790
6760
2328
3956
4166
2393
2213
6791
2420
4572
4710
3744
2291
2792
4659
5402
3500
5292
7517
7532
4348
3296
7240
7796
3178
2629
6166
5108
7518
7279
2356
4291
3233
7684
7436
4869
7841
3633
5667
4025
4309
4570
6740
2315
7494
2246
2092
7782
3539
4195
2665
6317
4548
6166
6628
4202
6113
3140
7212
3298
7503
4561
5029
2919
2598
7234
5646
6269
4381
7839
6971
3778
5915
7002
5734
7920
3668
6610
4495
7208
3414
2459
3930
2885
2211
6535
4135
2339
5195
7529
5234
5289
7843
2329
3922
7547
2775
6746
3392
2118
6121
7411
2889
5686
3976
6235
2874
4024
2461
4524
3797
3044
7966
4193
4496
6468
4111
5124
4723
4711
5206
3498
3370
6972
5588
5182
2912
2494
2259
4415
6380
6692
3753
6598
5423
2207
4204
4064
4405
3779
6718
3215
3880
6776
3566
6265
2467
4810
4151
3331
4034
6140
2900
6361
5916
6670
6162
5608
4507
7958
5204
6558
7005
5869
3605
6885
2952
3115
5084
2547
7469
3340
3469
6251
2860
5349
2223
3332
4461
2193
2169
5856
4355
2945
4855
7860
4069
5653
4440
7306
6652
7281
6433
5884
3983
3879
6931
5514
6419
5813
6287
7813
4366
6789
4439
4304
5478
4636
6755
2091
3424
6994
5985
5162
5706
5414
3625
2411
5568
4245
2047
5116
3460
6079
2281
5593
5877
3656
3166
6844
3192
3048
7492
7246
3967
5164
5247
4426
7940
6283
5746
7135
5633
3813
4630
5769
7128
2652
4665
4851
6495
4046
4690
5718
3961
5380
7038
7876
2624
5370
3734
6367
2857
4271
3469
2132
5125
6984
4390
5416
4911
4056
4622
4686
6110
4502
5902
4697
5435
5285
4020
7265
4663
2837
4457
2497
3736
4926
2456
3172
6070
2358
5549
3921
7133
3848
3937
4872
5820
3814
4047
4502
4515
5098
3760
2562
3562
7316
4660
6367
7492
7065
5679
4778
6530
6312
7886
4189
3993
5864
5009
7187
2174
4366
4555
2040
7038
6920
6121
4805
2835
4579
4182
4179
2394
6274
7329
2703
6494
6392
7582
6889
4819
4403
4870
2690
2968
4073
6797
6448
2148
5753
4733
6482
5875
2317
3520
2153
5826
2107
2587
2448
7678
2755
3302
5491
3306
6632
2785
2481
6300
2513
3922
5706
6080
3628
7024
3263
4639
3862
2742
4693
3907
5789
5193
4773
5643
7487
3088
6906
3729
3404
4733
4897
2380
2796
3972
4350
5464
7623
2268
6830
4710
2388
2884
3457
4346
5363
3643
2342
7461
6312
6352
2004
2438
3469
7341
3236
3089
2606
4326
5827
2855
2678
7646
6272
3485
3472
2808
2255
4578
2777
5152
4679
2396
3570
3203
5980
4440
2135
3321
6208
7960
2931
6372
5674
5223
2669
5374
7806
3278
4956
7896
6883
3268
2563
2169
7026
6903
5120
5672
5991
4877
4023
2416
2748
7556
5354
7331
6931
2766
6103
3629
3734
3432
4352
2525
5033
7921
5938
2704
4597
5622
2636
4439
3227
3956
4295
3831
6404
3630
2613
6722
4548
2701
5590
4602
4086
4538
7240
3721
3763
6988
3325
7850
4530
7617
5201
6585
6256
7621
7649
5337
7020
5848
2847
4998
2306
2741
2739
4581
4423
5152
3716
7863
7149
6669
6630
2955
6798
5274
5311
6979
5697
5057
5976
4122
5845
2980
7455
2837
7079
4581
7585
5492
4574
4953
3941
3826
7127
2295
6592
4030
6062
2800
7295
5092
2350
5018
5707
7668
5374
5463
4174
2130
5907
2589
7322
3720
3856
7083
5184
5423
5368
7875
3334
4100
3074
3172
4200
6919
5590
2971
2811
4834
4732
2525
5601
5817
4307
2471
6048
7154
7210
6979
2958
5737
5582
7061
3109
7184
3019
5116
4807
6555
5847
2809
3585
2711
7144
3683
3987
5467
6179
3697
5550
4133
4752
3683
5527
4013
3667
6553
6548
3148
2597
2711
2510
2988
3592
6338
6071
5691
7585
2973
2759
3408
6664
2698
6108
6651
3632
2474
2378
3567
4806
7481
2817
6802
4636
7623
6832
3324
2546
3411
2191
3786
4966
5440
6495
5944
2883
4059
4094
3879
5830
3694
6358
7262
6991
3203
4496
5392
6321
2855
6472
3379
7308
2417
7218
2234
6525
5456
2243
5322
6143
5765
6766
2012
5871
6757
4789
3706
2090
4726
6750
7630
6942
6994
2993
4069
3153
3892
2471
5296
4872
7684
3928
2839
6229
5487
7192
5823
7338
5102
7850
3431
5533
7441
5432
5101
3632
5935
5289
6895
3170
7722
6472
4118
5697
5032
4669
7827
2942
3500
3529
3821
5142
5530
7687
2883
4841
2942
5874
2837
6822
7202
6725
4518
4207
7600
5248
7562
5846
7248
5566
6407
5800
7323
3978
3791
7726
3156
3551
3224
7934
3848
5988
4015
6685
3351
5844
2897
3131
3722
2949
3949
7071
2575
7502
2774
2649
3629
5252
2547
3652
5181
5465
2448
5147
3769
7029
5867
5615
3213
7667
7724
7308
2236
7818
2527
6425
5903
5875
3012
7001
2833
3919
6885
3101
5122
2799
2243
4465
3338
5523
7068
3671
3885
4540
6814
7024
5770
7146
6710
4452
7452
3365
2403
3740
4353
4127
6336
2368
4273
4730
3245
2192
6156
7276
2158
3156
7960
6587
6772
4051
3185
7297
7971
2206
3061
6521
4847
6035
2778
7800
2527
4076
3838
3882
5829
4259
6907
3862
7823
6670
7345
6489
3103
6610
2687
4432
7495
4842
2141
4238
2238
5966
5928
4335
4079
7920
5218
4752
5740
5424
2693
2234
4395
7773
2318
4733
7268
3570
5354
3126
4119
5741
2607
2813
5534
4453
6705
6750
2733
4759
2892
2186
2325
2648
3835
7127
3157
6621
3907
3557
7448
5872
7599
2495
6196
2547
3980
7520
7121
6140
5661
7879
2075
3782
5336
3835
6956
4551
6216
2821
5583
7115
6085
2518
7493
3501
2189
2950
4433
3375
7731
3922
6284
7509
4648
2033
6482
6149
7862
4690
5931
4336
3086
5459
7683
2658
2017
3587
4792
7032
2371
4046
5877
3361
2136
4450
3988
2267
7891
7287
2340
6492
3411
4224
4120
3334
2571
4158
2525
4974
5075
4213
7636
2681
2771
3782
6401
5377
5558
2761
6920
7482
2019
4223
4137
5702
2259
4608
5331
3752
6376
4144
7786
7037
7316
3031
2910
4109
3395
5016
2689
5681
3172
7352
7302
3013
4656
5995
2377
4674
6963
3805
2856
2820
3214
7224
3207
5288
6663
3907
7400
2001
5349
4541
5058
5932
5187
7789
4037
2867
4708
3768
7330
2301
3823
2948
2104
2317
6847
3719
4498
2653
6392
2134
5884
5600
2293
5464
3267
4606
7888
4843
3212
2535
2764
6777
4285
6829
7600
4711
7439
7555
3847
2453
7568
7267
5868
3959
2319
4263
6966
6918
7498
2288
2561
7071
3980
2483
3610
4417
6814
3664
7165
3082
5041
6086
7899
5728
4494
5103
5005
3785
5448
4276
5459
4610
4921
7110
4690
5272
3793
6392
4811
5291
5801
6368
3055
3788
7563
6327
3089
5750
6403
5205
3940
3054
3329
3629
2543
3144
4732
7976
6656
6144
4482
6235
2517
5038
6921
5103
7201
5061
5578
6335
7730
7297
7320
3240
2892
7768
5242
3627
5500
7767
6736
5917
5989
7404
5526
2644
5786
2071
6271
7664
4724
5306
4575
2938
2042
3021
4326
2412
3871
4072
4101
6167
2555
7741
2922
3251
4206
2665
7111
6563
6789
5088
5797
3177
4119
3769
7803
4520
6570
5669
7158
4858
5516
3952
2540
3925
2501
5357
2686
2155
3717
4180
4377
4134
2673
4259
6146
4409
7530
7863
2128
5011
5886
5095
2082
4291
3442
5278
3539
4309
7925
3749
6673
2445
3827
7001
4455
3666
3670
7051
2113
4401
7472
2795
7964
6327
3175
7364
7189
5890
6721
7539
6678
6505
3605
3726
2629
2036
7707
2132
2987
3689
2047
5225
3515
3605
5347
3283
2103
4555
7448
3076
5669
3979
4137
2390
4617
5222
7053
2656
5950
2123
6336
3515
3028
2269
7789
5335
7800
7121
7535
2986
3753
5699
4504
3883
7234
2098
6449
7746
4763
5690
7386
4269
4826
2551
7514
2590
4939
4623
7613
6843
2067
6765
4438
5796
6186
7151
4572
4898
7230
6372
6341
6026
3297
4512
3664
3674
7293
2519
3600
3673
4705
5929
6981
5110
3649
2298
4977
6525
6206
3514
3357
2871
6748
4996
3687
4686
2123
3818
4573
3143
6911
6263
6920
3274
6229
4163
2663
5219
4739
4539
3660
4483
2329
6369
2697
3417
3882
4248
7367
5037
4820
2179
6550
6836
5385
6230
5209
2687
4847
6251
3325
6503
4532
4809
4283
7218
6228
2729
5574
3066
6398
3624
2587
2417
3373
3456
2226
7839
7054
5184
5748
3389
6600
3641
3123
2448
3342
4277
5322
2441
6912
2110
7257
2976
3064
7655
7579
6107
4936
7083
5910
7210
2759
2591
2786
4340
4998
4865
2214
7466
2062
5878
4243
4745
4349
3225
4149
5929
4095
4261
6822
6219
5707
5033
2784
2402
7962
3009
5047
3844
3996
2561
5011
6126
3781
4471
3642
5705
4785
2233
7208
5936
4634
7702
2481
7874
3361
2264
7725
5436
7555
6480
5913
3553
4250
2702
3686
4616
4945
4927
2420
2283
3126
3611
2009
6003
4699
2522
5762
2128
2729
2812
2556
5312
4292
5506
7375
7823
6183
7357
4121
6031
5380
6360
7383
3076
2245
2936
2688
5344
7847
6656
6655
3165
3754
4559
7176
2705
5597
3393
5435
2463
4357
6754
6029
5326
4900
5161
4987
7470
5952
7420
2306
7096
4104
3095
7380
5989
4036
3524
2551
6376
3001
5270
4517
2751
6594
2325
5810
6265
4919
7788
5263
6562
5464
7936
2858
5649
3880
7980
2716
6892
5832
2837
3078
2580
3307
5105
5128
4251
5746
2076
4681
3508
5473
3069
5763
7042
5836
3884
4759
7494
5428
2861
3829
5253
6072
3613
7142
5149
4946
2696
3994
3950
3852
5948
2169
6712
6230
6444
4234
7365
2530
3245
3984
2747
3392
2697
2949
4911
2842
2252
6216
5402
4461
6654
7851
2469
2989
5380
3193
2073
4520
5806
4274
2631
5408
2325
3672
5510
6157
7502
7587
2651
6085
4540
5343
2459
5568
6496
6473
4357
6591
5018
4571
7602
3862
4873
3772
5023
4740
7656
5462
3640
5387
4951
6939
2503
5486
6791
7290
5634
7615
6523
2915
3628
3105
4857
5521
6230
3540
2697
5732
6929
3109
6469
7839
2179
5113
3433
3197
7358
6852
3452
4925
3914
3523
4872
7493
5370
4600
3550
5451
3082
5061
5311
4049
3908
5946
2996
2943
4730
4624
4856
2808
4721
6239
2439
4071
4523
7521
2316
4441
2680
6763
3926
2144
3250
5075
2046
6137
5690
2336
4025
6382
2094
2552
3794
2205
2461
3795
3884
6794
2368
6634
2645
6085
6505
6380
5992
5425
7749
6276
6641
3801
7698
5932
7184
5177
6002
6578
3769
6405
7044
3029
5560
2772
5031
7679
6797
4615
7380
5429
2983
7237
4355
4045
6245
3250
6974
6931
6957
5851
7192
2801
5781
6058
3301
3095
5352
3587
2588
7505
6594
6033
3685
4561
4487
3860
4706
5605
2646
2900
5085
2578
4396
7049
4131
2442
4729
3219
3341
2571
6390
6717
4225
3478
5606
2848
5852
6956
2450
5115
2654
5552
5726
3934
3478
4733
6131
3262
5185
4348
7326
4200
3950
2323
3614
7915
6650
7919
7797
3551
3943
5503
5368
3917
4280
3689
3427
3266
5334
4081
6761
6428
7168
5782
6702
4620
4401
7659
6204
3445
6149
7044
4137
3299
5658
5805
2656
3588
6834
6531
4609
5615
5052
4104
7563
6656
2996
6941
2224
4976
7588
7479
6072
4311
3999
7186
7120
4065
4969
3474
5763
6369
2519
3282
7140
2917
5388
3638
7782
3310
4075
6169
3783
7347
3105
3425
2158
2126
4923
5323
3459
3243
3176
6408
3724
6504
7457
2828
2219
4851
6956
2406
3504
3972
5821
4226
5446
2964
3037
3576
2595
4088
2769
5627
4561
3038
4738
5167
4943
7414
2585
5098
5751
2294
5824
5993
3158
6338
3828
3421
7556
3325
2478
4078
7268
3114
3720
4504
4580
5608
2902
3158
7620
5426
6964
3936
6316
7263
3340
5458
4251
5614
5577
2626
3009
4794
4520
7844
7220
5386
6393
5673
5194
4975
6296
5865
7584
2599
2540
4135
3225
7484
2019
5903
3397
2497
4748
6306
7105
3667
4683
4011
3111
3284
7388
5706
6267
7413
5636
2497
6394
6967
7365
4577
3645
5286
3288
2465
7151
5845
2139
7467
4878
3809
6093
4190
5406
5536
5273
6640
3884
6790
4816
6059
4457
6219
3995
2204
3215
4840
4031
6445
2697
6523
7621
2169
4666
4320
3466
2935
3706
2546
7464
7085
6427
7708
7900
4121
3813
5364
3123
2791
4358
3074
6952
4244
6681
3544
5159
3881
2744
2263
7142
7927
7034
5062
4921
5950
2972
6063
5238
4551
2140
4928
2556
4819
3083
2816
6185
6806
3821
7213
6519
6684
3889
4237
7581
2279
4896
2169
4889
5947
4392
3289
7603
6521
2554
5596
7446
3445
7045
4933
3381
4052
2600
3177
5320
4067
2866
4241
6769
2824
6787
4037
7117
6568
4281
6579
6499
4338
5907
7234
4792
4733
4808
7254
4635
2981
5381
4875
5697
7703
3970
2316
2094
7734
3030
2481
2412
3968
7337
5966
5658
3582
5308
6474
7550
2068
3785
4164
6739
2597
6634
7222
2458
6044
3312
3099
3463
7380
3452
3360
7654
3417
2388
2342
4514
2905
6859
4650
3934
4325
5426
5533
2225
4369
6682
2768
4170
4999
7665
5342
2345
7546
6320
3296
2124
6488
3907
7548
2868
2992
4084
2808
5109
6569
6994
3716
6497
4442
5090
5589
5708
6809
7076
3079
3170
6327
5361
3277
2251
3614
3636
6117
7019
6448
6481
3886
7994
6196
3099
2246
3550
2666
4972
3125
2055
4031
2939
4024
4586
6233
6405
3024
7995
7940
3438
4528
4905
3708
7561
4982
5328
2457
4735
3534
6277
5848
5785
2919
2672
2510
3538
5543
3378
6271
5791
6850
7230
5211
4062
4936
3674
2304
4144
3973
6822
4092
2782
3690
6657
5209
3558
