4500
5139
2462
4596
2164
4379
4841
2880
7454
3454
7677
4293
4792
6007
2450
2416
7713
4524
6122
2721
5983
2259
2722
2862
5210
3957
4952
4293
4350
7506
7474
3058
3633
6610
2684
5602
2477
3574
3558
5336
4065
4988
5451
3636
2333
4604
7193
4092
5962
6736
7717
3225
3302
7641
6387
5661
4072
3819
4570
2672
7734
4213
7023
5394
4812
5043
4513
2342
6741
4371
4760
6691
5696
5645
6593
6969
2754
6750
4704
6187
7331
7029
4296
6427
2737
6807
7203
7929
3316
6282
3731
6550
3704
4571
4172
4310
3115
2330
3119
3873
4159
5003
6648
2841
3911
6984
2627
6034
4559
6314
4509
7687
4998
3423
3660
4643
2017
2329
5732
5602
4986
4789
6011
2561
2559
2036
3349
3089
3541
7596
4610
2325
7583
5635
6346
6104
4157
4347
4637
6708
5198
2114
7479
7696
7149
2686
5367
7024
5930
4857
6732
6956
5188
7227
6769
7611
3637
5756
7846
2808
7328
2454
6631
4656
2560
5489
2583
5645
2578
3137
7455
6068
2494
3135
6319
6566
6275
7931
7003
7014
5479
7759
4688
4232
5774
4954
5382
4523
2113
3063
6498
2109
2935
4035
3778
6117
2170
7318
5149
2891
2811
2300
6553
3619
5237
5404
7385
3756
4710
5719
4214
5345
2592
4428
5691
3503
7716
7059
6370
6839
2654
4574
4952
3925
5549
4912
2928
6610
3044
5395
2204
2026
3186
5463
7266
4596
4166
2848
2449
6163
3015
2127
3685
2233
6566
3195
5438
4801
4224
2897
2855
3678
6129
4879
5870
2222
7954
5055
4837
7381
2205
4106
7132
3911
6080
4720
4282
3503
3530
2033
5057
7217
5273
4240
7203
7472
3457
2838
6285
7791
3598
7160
4459
4401
3980
7335
3269
7615
5404
2315
7133
4236
4727
5093
7965
2722
5828
5073
5313
3799
6455
3200
2228
6218
7027
7745
2624
7925
3622
6409
5655
5494
2036
4265
3176
5469
7821
5108
5491
2559
3130
7989
5635
3391
3741
6891
2388
5492
3465
7995
3634
4383
3869
6443
5652
7781
4269
7642
4385
2194
5603
2186
3088
7008
4244
4200
4677
3429
7572
6938
4664
2444
6021
6525
7763
2133
5833
3343
3830
4157
3816
3194
4860
7080
5916
3370
2402
4243
3681
6015
6901
6942
4050
5408
7893
3360
6474
4124
4558
4052
7783
5345
5230
7098
7501
2486
3905
2440
4910
6788
4492
7888
6795
4018
4310
7980
7726
4901
3719
4413
3130
6117
5608
3593
7324
5731
7412
3586
2359
7289
2300
7142
4041
2732
2995
5729
6926
2574
3599
6587
3055
7924
7739
5510
6200
4724
5677
4395
7862
3500
2181
4074
3559
7427
5741
6941
2323
4730
3966
7263
7771
2484
2564
6544
3250
2036
3761
7907
4500
4122
6920
6631
7812
6238
5124
7249
4633
5672
3831
2325
6387
7379
6950
3813
2007
2172
4299
7403
6023
7390
5596
2081
7828
5057
4465
3843
5086
3493
4607
3036
3605
4523
7969
5098
4001
4448
5602
4662
3061
4921
6621
5875
7299
3770
6836
4289
4638
3939
2728
5602
3013
4009
7921
2677
3923
4327
5489
3555
2356
2170
3846
4964
2090
5226
5928
2831
7371
5561
4445
6187
4075
4042
4244
7458
3778
3108
6273
3794
6898
3891
5668
6627
2187
3625
3829
4350
5849
6972
2972
2090
6720
7506
7512
3112
3962
2055
2150
5978
7912
7742
3343
3025
5707
6156
5088
7266
7827
6258
7237
2873
2620
5218
3694
2832
5461
5625
2025
3570
3199
7059
3115
6122
2801
7661
2182
3024
4412
4150
6039
6419
7986
5943
6098
7963
5723
3975
4163
3871
6944
2162
4399
5528
5500
2520
4519
5192
6469
2561
4708
4577
2309
4490
3517
7194
3783
2005
7926
4968
6400
5026
3554
2379
5424
5825
2900
5205
5962
4038
3601
4715
2744
7448
4375
6645
2456
6837
4323
3140
5939
4429
7338
3439
4039
3672
2377
7953
7673
5576
7617
2636
2086
2805
3784
5201
2850
3920
4143
4595
2291
2805
2872
6803
2247
2476
4164
5976
7092
5217
3189
6029
2197
5332
2067
6160
3978
4092
2078
3767
6835
2841
5448
3628
4631
4272
7340
3808
6955
6064
2745
2338
4109
3330
6777
4380
6871
3087
5516
4059
5730
2183
4961
5037
2914
6719
6908
5069
6788
4932
6562
5932
5233
5545
5627
2636
4048
7748
3501
6973
2443
6132
7495
2156
3233
2137
2325
4615
2705
3291
6105
5230
7072
7288
3487
7053
4144
6362
2357
7456
6125
4148
6793
6000
6743
6291
4004
7797
5292
6417
3906
5827
5114
6627
2633
2691
7103
4551
4570
5826
6501
6939
6115
6542
5183
6847
2407
3829
6341
6659
3994
4678
2813
7866
2616
2112
3248
6369
4570
4936
2590
4737
5989
4573
6589
7149
4680
6070
6011
6950
7485
7973
4027
4344
2736
5233
4533
3104
5870
2585
7850
6845
2437
6555
2490
5316
2942
3424
5444
2893
7158
5749
7786
3286
6264
3934
3390
3026
4468
2635
5539
7528
4088
2053
5219
3365
2550
7760
5110
6027
2793
2236
7621
5427
3779
6474
7954
7462
7697
3462
4668
5598
3033
2609
4855
2217
5011
5816
5248
6338
5007
4863
2716
4003
6349
4613
5778
6698
4915
2856
3127
6627
4329
2872
5889
2856
3050
5277
4604
2071
6262
4266
2696
4797
7102
7490
5300
4958
4251
2279
3854
6415
7322
2443
5525
2755
5396
2552
2902
6891
6014
2769
2015
2745
3879
5032
6912
5967
5134
3801
3293
7476
3965
3968
7655
3320
2791
3900
4144
4748
6853
6982
5500
6513
4883
6369
2566
5208
3544
2362
3909
3487
7322
7972
2413
2433
6333
2380
3166
4941
5736
2389
4853
6676
3432
4855
4332
3925
3227
5454
4068
5901
2627
2828
7842
7304
2178
2665
6417
3568
3423
6139
6266
2300
2426
2227
2434
5039
5895
6079
3336
6082
5477
5680
3299
7821
7396
2638
5726
2087
6473
2177
3398
4819
4260
7040
2079
4848
5258
7261
2556
4581
4232
4894
7985
7308
2739
4681
4865
5617
2863
2776
7644
3136
4397
6267
5125
4179
7339
4408
3026
3647
3028
7090
6425
4008
2080
3516
2121
3379
7542
7577
4796
6599
2959
6177
2759
3241
5437
6150
5154
5861
2410
4905
4390
6197
6679
2400
4607
2732
2511
3083
4057
4276
6939
6519
6257
4352
2059
6225
3618
2365
3440
3523
5184
7825
4488
6599
4151
6866
4807
3091
4898
7294
3422
2206
7346
2785
4408
6573
2302
7870
2247
4053
2322
3122
6494
2943
7712
3561
6694
3350
7440
7703
6663
4515
2872
2429
3780
4293
6841
3176
2023
3686
6564
7671
6110
6432
5548
7796
3417
5610
5503
2506
3872
4746
4837
4768
2140
3927
7126
7037
5365
6015
7725
2148
4285
7779
3788
2236
3582
3114
6974
2200
4293
3892
2217
3804
2722
7074
5420
2487
7808
6459
5491
5245
3754
7746
5163
4363
6566
6808
4813
2369
2785
7808
2531
5926
2281
6633
4309
4867
4541
4604
2091
3949
6816
7279
4703
7483
3565
3355
6318
5892
2026
3605
3484
2713
4496
2034
3156
6038
7727
2134
5726
6864
3968
4510
7038
7374
3561
5118
5238
2798
4905
4452
6438
5566
3392
5434
2433
5858
5636
7335
6633
2567
2652
7739
6316
4659
3569
2990
4669
2938
7278
7245
3501
7422
4012
3284
4943
7353
6187
5967
3894
6192
2786
4738
4126
5341
6092
6515
7868
4361
6628
3138
5941
3560
7556
3024
3573
4050
2767
4415
3364
2460
7671
7033
7930
3316
7558
5107
5162
4501
6967
2977
5884
4994
5135
7943
6910
7576
6681
6802
5872
2968
3458
5395
3849
5697
6600
6600
2841
5612
7973
3871
4099
5849
6602
6054
5054
2035
6865
4369
7557
7268
3646
3682
5943
6291
7914
4175
3132
4132
6289
2413
5379
7785
3249
5133
4243
7276
3109
7362
6188
4474
4555
4428
6026
2584
2357
4797
6098
7027
2085
4616
4896
7985
6002
4702
3710
5784
2700
5661
2696
2266
2108
7609
6319
3692
2487
2418
4307
2947
4312
4880
4678
3575
4738
6908
5653
6075
2778
3582
2331
7835
6727
4950
7040
4080
3229
4782
5913
2788
6313
4792
4673
2312
6668
3717
6302
4607
2744
3706
4642
2642
2389
6096
3353
3281
6316
2543
4749
7484
2444
3969
2476
4195
5416
5220
7092
5799
7201
4683
5059
3967
4011
7079
3594
7337
2831
6080
2633
7080
6915
5959
2963
4403
3239
5741
7777
5660
5537
2169
2290
6217
4278
4690
2456
6645
3269
6208
7987
6595
6952
3265
2223
6334
2397
2045
3305
2113
6752
7388
7459
2759
7928
2126
4540
2987
3559
5216
6823
4661
3479
2122
5506
5187
4922
5859
7500
4117
5212
5726
6192
3078
3606
3089
6672
5789
4684
3166
7776
5803
6395
2602
3518
2156
4432
6878
7584
5093
4078
5290
3208
2265
3354
3543
2757
4567
6697
3098
3092
4188
6194
3670
7545
6381
5353
6955
4785
3882
6855
6145
4768
6001
3439
7402
5781
7710
6172
5707
3283
2193
6138
7323
2415
6743
5418
3564
5088
4054
7408
6509
2194
6098
7709
3841
5151
2656
5119
4507
6102
2768
3518
4185
4484
2506
3505
2612
5262
4421
2261
2583
7139
2980
6120
2990
4858
4149
7326
4839
4657
7560
3440
3692
2208
5236
2869
3013
2518
2112
7863
5221
2634
5023
6027
3958
7217
4945
3073
2676
7558
4394
7993
7958
7381
3774
2433
3049
6204
2582
2640
2591
2282
4261
7964
5464
3749
5535
2473
7166
4475
5020
7695
4549
2244
5819
4884
6873
4647
7555
5855
7347
5165
6271
3019
3485
3603
3247
4671
6088
4907
4199
4853
2491
4381
5820
2944
2137
2867
4543
7260
2115
4922
6478
2630
4381
2128
6316
5613
5306
6902
7750
5468
6585
7441
7078
6852
5899
3085
6444
7615
5350
7945
5009
7566
2899
2772
4759
6908
5358
6289
3200
7869
6364
6722
6898
5753
3614
7150
3917
2704
6611
3007
4390
7306
2658
7862
3891
2813
4411
2829
3012
7771
7795
4528
3505
2758
7894
4991
6224
3877
4093
4062
7201
6646
6679
7723
7656
7071
6871
5693
2371
3726
6646
2989
3347
7462
5958
5942
5342
5656
5233
5238
7755
3864
5116
4212
5216
4031
4916
5087
4893
2946
3061
6392
4833
7238
7260
3024
6423
5960
6733
5479
7872
2523
3535
5849
2807
7073
5741
4120
6519
7729
2301
2955
3584
7012
2573
2803
6966
7485
2507
2058
6621
7249
4382
4470
3758
7554
3052
4844
3908
2285
3643
4157
5252
7372
4066
5973
3225
2150
4698
5141
4647
3035
6920
3902
6783
7998
7188
6313
3970
5346
5602
2687
3769
5370
3651
4060
6510
5187
5916
2887
3519
2740
3376
7010
2726
2342
2240
4693
7739
4925
3830
7891
6904
4753
5360
5919
6376
2060
4840
4364
7064
4203
5897
5885
7176
6100
3071
3054
3022
5121
3871
2698
3169
4945
4300
2882
6884
6119
4308
5582
5588
3065
3330
2808
4337
6940
4109
6147
3862
3524
3349
7829
4293
4935
5723
2690
3554
6272
7656
5051
7668
4260
6150
2127
5318
4159
2024
5585
3134
2401
5172
3226
6804
7680
6927
2596
3224
5330
4835
3309
2233
7836
4394
2278
3375
6189
3445
4317
5181
6517
7497
5229
2141
7031
4644
7875
4427
6816
2562
4451
6987
4286
5215
7590
6549
4618
2701
5974
2418
7401
6431
3040
2458
6278
7196
2068
6447
6249
4545
7839
3999
4063
2736
4673
5326
2027
3329
4098
3393
7088
6625
6621
5512
4800
5254
4509
3223
2171
2510
6149
5177
6901
6588
2664
2199
3418
3098
3950
5874
7433
3507
7544
5690
6325
5094
6849
5114
7683
6706
2346
2323
7187
7024
4413
6155
3567
3387
7048
7823
3842
3979
2007
7757
2114
6801
5575
7672
2947
7046
4164
5856
4045
4586
6385
5811
6159
2010
3541
3423
6792
2971
3979
2711
7675
2375
7859
2149
2632
7974
4476
2760
5363
2008
4767
4660
3932
4662
3139
6591
7604
5822
6814
5148
3583
6163
5272
2853
3771
4815
6887
6375
4001
6687
2592
3450
4957
2261
7767
2244
3174
5105
7534
5142
3497
6132
5299
3281
6274
5861
3497
2394
2029
6913
6623
3944
2357
3132
3535
2083
4619
3580
3356
5957
4845
3999
7221
7211
5509
4620
3671
2054
5969
2742
4042
6225
6678
6298
5636
3225
7275
7076
2719
4472
5399
4458
7379
6194
3626
3413
2863
2433
2819
7938
6633
6388
7031
3171
2205
5958
3669
4781
3961
5176
6416
5912
3437
2394
6662
3418
2259
7480
5599
3336
2280
4304
4537
2967
2308
3957
6744
6010
4512
7037
3691
5430
7813
3632
4735
2111
7439
4136
5275
3824
4143
2770
2956
5046
6888
2251
6226
4239
7737
4551
2445
4655
7815
4102
4181
2066
6797
2901
4940
4263
5591
3773
7951
2243
5508
3011
7176
3936
4520
6741
4649
6424
4626
4365
5924
4980
2175
5985
6288
4359
4955
4821
2373
3615
5769
2950
7040
5901
3573
7064
3403
6688
5796
2609
7804
6892
4012
7619
7847
5776
6159
5825
2551
5422
2142
7990
5794
5966
6485
4551
5182
6696
2367
5364
4473
2423
6722
4052
2123
4458
7040
3381
5310
5274
4544
2440
5639
3498
2522
4297
7287
2595
3206
6566
6678
5206
3998
6000
3753
6756
5221
6248
5973
3151
5597
2662
7254
4853
2208
3296
2024
3588
3751
4036
6260
3780
5205
3032
5660
4535
7263
2031
5440
3693
6227
7169
4090
3231
5676
6242
3443
6662
3591
3868
4438
3014
3135
7396
5930
2101
3260
7638
7545
2860
4060
3411
5252
4450
4829
5661
3103
2775
2990
4833
5962
3869
5856
6160
7374
6847
7239
2682
5563
7063
2476
7233
6503
4779
3404
2763
5445
5878
4485
3683
3813
2738
2716
2461
7632
3648
2022
2568
3212
6220
3456
2901
5102
4517
3267
3337
7346
6026
4681
5716
7309
5552
3004
7303
3685
4186
6986
7857
2299
3811
4149
6589
4175
7241
4155
3637
3520
2581
5987
2245
2136
4496
3934
3185
2030
2774
3302
6461
6368
3895
7484
7364
6848
5885
6003
7914
3756
7306
5558
3342
4211
3490
4395
4893
5389
6812
4322
6501
4599
2017
6516
7152
2627
4080
5303
4635
6949
3993
7976
3727
3399
2484
3789
3199
3850
6153
5091
5657
4232
5260
6826
5090
2648
5798
7520
2373
6222
4452
2327
3429
6417
4596
4103
3120
2891
2820
5464
5109
2379
2998
4241
7525
5192
7854
2402
3536
7527
2613
7413
7151
5506
2636
5751
7698
2988
4453
3144
5571
4499
7826
2158
6050
7297
7449
2832
6218
5570
3465
5420
2450
3133
3569
4574
6122
6396
7892
2003
6792
3065
2512
4767
3340
4287
5998
6386
2806
7354
3394
6979
4122
4066
7675
5973
7628
4104
3664
3768
6429
2624
4044
2740
7943
4156
2316
3711
4046
7691
2136
6311
2021
5013
5893
5457
6850
4835
4765
7240
5744
2166
2490
3144
2428
4230
3055
2982
4257
5568
2370
4690
7649
2561
3285
4809
2589
4390
5827
6601
5278
6708
4360
5808
3320
3993
6124
5283
3511
3321
2247
4581
3139
7631
7375
4489
3927
3493
7756
4999
3538
7173
7125
5207
2150
6564
2631
3921
2041
2875
2685
2395
2623
7627
2855
2980
5557
3563
3585
3522
5253
7863
4304
7154
6115
6555
3527
2975
6029
7620
4699
5481
5779
6182
7444
2487
6296
2232
5895
4392
6654
3884
6100
4440
6762
4609
2812
2423
2145
6011
2673
2887
3886
5650
4241
2108
7334
7923
4461
5026
5857
3481
3084
2236
4709
5946
3779
7550
6338
6940
5370
7142
6553
4693
4324
7628
2663
4889
3180
7190
3803
4678
6464
3510
3968
2910
4592
2761
5798
6335
2017
3074
3621
4502
3534
3782
2179
7715
2602
3516
7163
2378
3434
2959
4691
6323
6723
5558
2871
2406
3342
6762
5363
3971
4425
4754
6029
2804
3156
3293
7038
5824
5219
4616
6544
3453
2947
3915
2695
4510
6599
2877
6235
2302
4201
5746
4988
6299
4709
6849
6491
5447
2923
6003
7004
2270
6948
2929
6484
7497
2526
3129
6250
6424
6553
3330
2771
4731
4074
2873
5419
5748
5045
4990
3016
7212
4475
5384
2742
4425
7974
4207
7491
5984
2098
2249
2341
2866
2868
6745
3619
2158
4514
5491
6046
5701
5185
5959
5615
3455
5984
2331
4755
5375
2820
4404
3976
5145
4443
6655
5792
4902
4216
4265
6326
2613
6590
3124
4899
3496
2870
6738
2851
4456
4147
7519
6754
4645
3350
5515
4077
3133
6094
6564
2794
4347
3194
3340
7979
5635
3820
2207
3730
4384
2471
4195
5385
6445
7875
7783
2784
7750
6500
7724
4871
2315
3254
5248
3328
6239
3091
3631
5656
4077
3623
6110
5185
2597
6392
2721
6704
2338
5410
7850
7710
4529
7142
5061
7481
6676
6344
7326
5675
4662
5220
7542
5672
2663
3915
4044
7734
2354
4446
4938
3181
6594
3955
7068
3946
2864
5497
6024
2102
2762
2477
5600
6994
5748
2127
5998
5248
6284
5629
6058
2760
3791
5737
5303
2046
2937
5383
7821
2573
7966
4027
6266
6448
4177
7391
4122
7771
4591
3197
7793
7196
3134
4354
6048
7920
5734
5993
5534
3360
2194
4633
3292
7605
2789
3612
4063
3158
7460
2896
5256
4416
6711
5723
2583
4790
2458
2119
2836
7574
3397
2811
4486
3717
4411
7697
4036
7582
2486
3530
6029
2145
6620
2125
2836
6488
4150
4515
5048
5644
7976
4706
3440
4873
7710
3162
6993
3385
6606
5788
3060
4312
5798
4195
4524
6962
4337
3870
2144
4732
5437
4623
4150
6732
3920
7709
5682
3880
6652
3983
6959
5599
4271
5323
4951
6885
2727
6570
6312
7811
7300
2423
3847
2726
3590
3939
3659
3632
6192
7900
4074
5518
6472
6700
2090
4475
2685
4148
4693
7887
5673
6453
5113
5718
3511
6298
3639
4882
2422
7130
5983
4996
6506
3549
7360
4667
4723
3686
4461
5708
4615
5066
2908
4186
3303
3325
6836
3635
4779
3121
4210
2780
2413
4149
7029
3934
4051
4109
7232
5936
3292
3057
6722
3949
7156
4445
3074
7585
7619
7594
6649
7629
4531
2128
4460
3380
5570
2606
2469
3504
6811
6404
6429
7430
2107
6274
6675
2007
6579
4264
2788
3868
6223
7583
5786
4382
3754
2386
2286
3891
4279
5187
2837
4679
5165
3832
4182
3966
5470
3503
5331
4112
2102
4537
4165
6831
4703
5413
3830
4160
3972
6151
5158
3734
3897
2389
7809
7552
7872
2431
6904
5276
5760
3378
3124
6818
3764
4353
3442
4212
3156
2485
3389
2570
3279
4994
5900
2235
4533
4849
5112
6592
4037
3045
2693
5949
3041
5908
5479
3106
6941
6029
5001
2295
2222
6646
6289
5512
4227
5291
3114
5604
7387
6177
3767
5504
5138
4585
4045
4195
6848
4273
4437
7387
5117
5781
7203
2423
2581
7334
4703
5972
2975
5925
3388
7618
3969
7128
2341
5915
2205
6051
5651
3502
7320
2526
4270
5081
2331
7968
3497
3644
4498
5421
4719
6646
6747
5535
2176
6777
2749
3530
4578
7888
2299
7890
6884
2054
4840
3470
6328
6688
2078
3765
3900
4638
3173
4238
2381
4791
7905
3216
6548
6117
7308
6850
2994
7162
5337
6517
3977
3829
5753
6963
4780
5235
6528
5568
5287
6553
2161
6362
4468
7339
4797
2609
2643
3041
3030
3801
6417
3460
4455
7789
5436
3981
6431
3757
2559
4195
6285
6605
6934
2101
6277
7638
5468
6354
5129
2248
2491
3765
2886
5723
6319
6736
6030
7507
2407
6936
2734
5020
4160
2810
5766
3034
2524
7999
2886
4795
3998
6968
5486
6186
6728
3371
5088
3370
3713
3423
5605
2256
6570
3057
5091
5366
2599
6558
2500
5257
6191
5025
5207
3742
6017
6165
3823
6194
6715
3828
6118
3403
7635
6980
4849
3250
2338
4731
5188
5396
2136
7459
3530
6423
4500
3266
7912
4587
4726
4080
7630
7765
2049
6296
4684
3930
2949
7770
5989
3433
4495
5180
3945
3068
5141
6284
7950
5807
4379
2065
4117
5965
2468
2543
3508
4565
2209
2280
7651
3629
6296
3157
2072
6910
3919
4222
2322
5688
2558
7359
4483
4338
7262
5545
5327
7497
6653
6273
7140
3652
2373
2710
4966
6258
6960
7724
6161
6011
6723
3295
6725
3732
4277
7196
2669
4701
2965
2723
7595
2134
2099
4174
2946
4704
6703
4349
3503
5517
4312
3427
7808
6185
5691
5711
2000
7942
7225
4068
6984
4590
6912
7089
5059
7068
3327
5192
6314
6776
2398
2113
5301
3955
2425
7107
4228
5176
3152
6967
7794
5989
5015
4299
4062
7801
5831
4398
3796
5377
3719
7590
5087
5853
5576
3933
6585
6695
4604
3275
6085
7935
3209
5438
5137
3654
5547
4510
7101
7611
4391
2297
4305
3030
6438
6379
5202
4749
3734
7062
6759
2497
7630
6326
2431
7572
4906
6490
4738
3530
3948
6613
7472
3030
2722
7419
2079
5834
2119
7488
5134
6369
7619
6767
5945
3725
7641
2948
5236
7628
3679
5570
5155
6772
2901
7129
3025
5401
7500
5166
7343
2412
5577
7963
2565
4772
6822
7083
4649
5050
3085
4890
3264
4406
2168
3853
3353
3168
2185
2471
7295
2149
3991
3057
2661
5298
7483
7888
4793
4297
2702
5232
4670
2684
3462
7112
2982
2248
6840
4242
7233
4110
6592
4390
7545
4536
5486
5262
7302
6678
3838
4891
3493
7780
6712
6260
5577
4559
3461
7346
3573
5424
6154
4348
6868
5358
5472
4700
2783
7062
7549
2987
3043
3167
6941
5925
4941
2796
6386
7175
4317
7350
3934
7996
2846
6370
5508
5726
7253
7004
4562
3409
2665
4315
2137
7159
4838
4180
2249
5018
2515
6223
2278
3823
5653
5565
3003
6179
7786
4768
6273
7673
3483
6316
5544
3897
2587
3790
5195
4672
2009
5778
3335
5295
2011
3323
7365
4029
2698
6299
3785
2478
7063
3765
4864
3846
4887
4973
3659
4430
2396
2835
7846
3605
7103
2710
2384
3981
3968
6368
7847
3220
4495
2758
3082
3942
4573
7144
7685
5538
3263
3273
2424
3215
2650
7016
4353
6673
5766
2119
7804
7508
6808
4430
3544
7630
5366
7405
4003
4866
4338
2192
2188
2500
3001
5129
6908
5224
3942
4761
4083
3593
5038
5470
2844
3567
7916
3107
5344
5689
3266
6855
3283
4834
4397
3899
4992
4147
3882
6965
3690
5227
6238
6119
5276
2388
6217
6292
4375
4936
7656
4958
6907
5041
3906
7577
3083
6907
5982
4369
3058
2661
5281
6317
5737
4059
2114
5129
6461
7340
7404
7695
7156
6349
2508
5685
5518
6391
6352
7206
6703
2273
5425
5659
5664
3138
2472
3704
4184
4941
5892
3446
2246
2494
5829
2274
2388
4314
7907
4384
6295
2504
7141
5774
3694
7597
5735
2612
7593
4335
6254
7216
5328
5801
5893
4800
4479
3301
6411
6365
5468
3262
3320
6510
7546
2007
6844
6940
5014
2156
5013
2504
7728
6878
6276
7032
6414
2019
3780
6026
4632
6567
4004
3039
3954
6324
3715
7071
2326
5216
3656
2731
2940
2392
4697
2780
7904
3847
4766
7251
7071
2200
2298
2288
6715
2854
6174
2309
3430
3693
6902
6659
7829
7279
4241
3006
6797
4479
6673
6625
7599
6427
6375
7415
5280
3715
3480
2482
6395
3714
6923
3681
5233
7762
4204
5436
2334
2449
2645
6249
7135
2069
4981
6824
4123
7847
6524
7880
4343
2571
3891
6177
6575
7328
5878
3155
2016
2743
7929
2678
2453
6179
7185
3065
3779
2415
3184
4523
7201
2367
5468
4220
7849
5386
6313
3595
7114
6101
6672
3484
2550
4972
3395
2621
3432
2011
6321
7551
2155
3900
5105
2137
4974
4638
4587
5685
4692
4567
6214
4456
6412
6372
2429
6701
2010
4735
6220
3082
2077
7601
3982
4641
2674
2807
3864
6049
6924
3121
6792
6956
4741
5078
6294
6077
6786
6815
3273
3192
6081
5492
4166
7520
5074
2729
2934
3150
3379
4125
7717
3819
2271
2235
3806
2201
3163
7308
3333
4114
2928
4731
3729
5418
7216
4659
3698
4428
2859
5777
7471
3395
6570
6379
7312
5094
4371
6489
3927
4395
6140
2880
7763
3292
7415
5162
2116
4471
7959
6874
6759
7196
7373
2349
4401
3570
4444
7922
6897
2595
2119
3586
7078
7094
2338
7670
3462
5817
3869
4761
2738
5761
2916
3734
6562
3132
6127
3587
2024
6498
5739
7019
3540
6326
3394
4963
5175
3192
7090
7639
7417
3294
5958
2103
7981
4143
7670
5133
2904
2659
2436
2291
4406
3354
4688
5994
4257
4128
2853
2876
6278
6307
2282
4370
4739
3672
3395
2901
4534
7535
5617
5327
4477
7850
7868
5423
3982
4379
7531
2706
5672
7246
2309
3152
4227
6247
7564
6376
7699
7721
6991
2671
7709
4667
2796
2297
3716
5947
5771
7368
6040
5931
4477
6580
6535
4442
4983
4783
4101
6298
7593
4609
6558
7651
2526
6015
4941
7505
7038
7548
2233
7152
2224
2376
6528
3532
7050
3403
5458
4749
6535
3158
5563
3105
7154
4893
5528
2460
6434
3224
4192
7978
3552
7498
4138
5987
3198
2659
5474
7295
3481
2602
5937
7870
2302
2086
4334
5481
5554
4631
4203
4045
2632
3210
3278
3235
5103
4198
5824
2121
2397
5861
6235
2198
4234
5621
5596
3917
2379
2716
4985
4881
6889
4066
3163
4513
4541
3693
6120
3045
5043
2406
2352
2305
5952
4592
5206
2462
4407
6492
7506
3869
6884
4472
2512
2044
5834
6393
5397
6400
4653
2731
6381
2850
4209
3698
3758
7515
6345
4951
6399
5577
5964
4841
3272
2213
2765
5243
4726
6296
5424
5838
5494
6013
6721
7498
6721
2716
5407
2036
3820
5816
2479
3574
6297
2676
4475
3472
4931
5240
7059
3872
2969
3361
3051
2720
7703
4458
3464
3387
3526
7049
2243
2107
2818
6824
5026
2782
4973
4412
5022
5914
2915
4655
4288
2740
6824
4393
7687
5220
5887
3685
5375
4654
5493
5558
6041
3577
4962
3689
3571
3019
4218
4815
6917
2616
6690
3684
3952
5762
6119
7131
3838
7227
4210
2670
3795
5722
7841
3332
3163
4401
5590
3779
4082
7994
7569
2389
2330
4674
2555
4613
4368
5525
2430
5812
5290
6422
3164
2596
2844
6882
5964
7020
6121
5965
6469
3646
3376
7450
2663
3683
7979
6083
2762
3694
2643
4532
2713
6681
4785
3316
4139
6614
3134
4803
2735
4417
3106
2167
6196
3079
5494
4557
2449
2711
6453
4907
7623
5076
7378
4073
2346
3291
2842
3853
4963
3012
4329
4704
6559
5511
6317
6120
3626
2013
3156
2814
3087
7648
3309
3108
3990
2573
4676
7742
4680
4643
2684
3564
6188
7265
2766
2029
4157
6383
4626
7946
4765
4058
3882
3467
2273
6339
6042
6621
4320
3580
7388
2912
6232
6944
2569
4765
6451
3826
2838
3746
4226
4560
6660
7503
3924
5120
3453
5364
2577
7176
2414
7664
7197
2965
6372
5106
5755
2156
6846
7308
2589
7883
2742
3833
7979
2078
5622
4951
3638
7566
4492
2734
3566
3878
5028
7342
7803
5052
6815
4244
2351
3534
4275
3203
2960
2297
3835
4556
6204
2848
7952
4089
7694
2445
6711
4261
4435
2473
4436
2906
6710
4338
5020
6141
4508
5291
3070
6417
3834
3689
5212
7827
5594
5754
2993
3337
5410
7058
6596
3653
5380
6155
7942
7848
6193
4986
7227
3393
6311
2703
4181
6474
5976
7682
5680
6608
2479
4989
3261
7331
4636
5391
6568
6231
2862
4807
4414
3260
3980
3663
4405
4241
4152
2079
3124
2567
3049
4489
6698
6203
6094
4418
6792
2389
2747
3574
4288
6254
6109
7552
6296
2952
6081
3849
7057
7489
2502
4529
3458
7772
2835
3526
5789
5115
5840
2631
4723
