4500
2142
7302
7628
3704
7845
6812
6162
7727
3187
3923
2307
6476
2951
2105
7004
5896
4271
2514
2143
4931
2839
7549
2475
4486
3118
2466
2394
3938
3774
4894
6932
3566
7328
7010
5727
6463
3073
4092
7463
6291
4591
2683
2156
7473
5352
4099
4470
3696
7514
3421
4330
6379
7535
6832
6459
2923
3609
7862
7576
5139
3257
4803
5758
6779
4190
6700
3531
6004
6500
7901
7156
2733
6823
4704
5645
5533
3365
3520
2344
2600
7217
6735
7198
4367
3152
6964
4296
7634
4175
4301
6271
3122
2685
5523
2863
6547
6787
4336
6020
5092
2054
2268
4930
3290
5100
4869
5622
4704
2813
7008
3873
7181
7082
6325
7163
5097
2192
4033
7754
4816
3541
4020
3377
6518
4409
3288
2918
4363
6162
7827
7534
7429
4602
4004
2554
4719
5746
3795
5987
5629
2110
6067
4631
5593
5937
3967
6178
5206
2251
3540
4407
2811
7259
6254
4589
2490
4136
3065
6636
2637
7645
7431
5419
4188
4946
4863
6215
6356
4773
3670
5649
6573
6789
3994
7203
7666
5179
2045
5185
2601
5362
3651
6054
4207
2310
7289
4660
7719
3530
4085
7913
4818
4835
4339
5836
3313
3508
3750
4139
5850
5270
4457
7751
2965
3063
5400
7002
2953
7341
4648
2548
3225
5169
2078
3107
6729
3856
6607
7900
3522
4407
3344
4925
2769
7351
3466
4072
3866
7466
6299
6026
4318
6681
5344
3023
2071
3784
3226
7418
4599
5526
2814
3650
3150
4226
4210
4203
6804
6668
2058
4532
2244
5521
5721
5938
2084
5765
4282
4668
5178
5143
6902
5450
5602
7907
4158
3296
6409
3187
7413
5588
4153
5129
4439
5313
3573
6827
5439
5739
2807
6209
2958
2617
7813
6293
3030
2558
3426
2894
4738
3345
6172
3186
7444
3956
4672
6916
2357
3225
4861
4283
2664
4794
3577
7981
7233
6884
2263
2474
4339
3747
4546
2202
2456
6109
3677
6503
3566
4245
2195
3637
2575
6105
3352
2313
2424
7367
7647
6541
7298
5981
7398
7542
5544
3901
6350
4760
7684
3330
4580
7194
5920
6550
3998
3895
3513
4327
3987
5891
3633
6311
6495
4966
2743
2794
3568
4181
3390
3205
4376
2111
7515
5589
4977
4731
6106
5028
2768
6344
7735
3600
2728
6362
5524
7061
4292
5857
6264
2068
5888
4045
5676
5009
2232
6447
2674
3205
3263
5410
6612
6710
7801
5403
5940
5373
5354
3421
5915
2585
3205
7980
5027
5133
5819
5818
6136
3120
2622
6456
7286
7650
7667
2609
5962
6346
7802
4720
3701
7981
7634
3850
4973
7373
7385
3020
2296
5898
2992
2477
6117
4872
5802
5568
4245
7210
3250
3082
4108
5860
6857
3949
6083
7962
5079
5762
2155
3998
2489
3757
4283
4379
7265
3541
2191
4543
4746
4824
5115
3070
4875
2693
7594
4213
6751
6312
2613
6456
6876
3606
5812
2379
3044
4539
2498
7293
3076
7610
6656
4549
3909
4440
6413
6643
3206
4409
6496
2329
6668
2928
7504
4117
4688
5771
7282
7494
3089
3794
4442
4737
5273
3922
3968
5705
2079
4810
6373
5540
7076
2039
4885
3132
6695
6138
7002
5631
7358
6334
7796
5764
6891
7267
7351
3083
4873
3327
5194
5407
3494
6268
2555
3582
4436
4823
3590
3388
3039
6969
6502
5823
4500
4855
5181
2808
5648
6973
2943
7749
4870
2043
4113
4382
3167
3069
2186
7372
3832
2618
7339
6649
3582
2207
4748
2014
7892
5839
2311
3670
6620
3434
5318
6596
2142
7770
3228
4700
3608
5355
6274
7272
4827
7599
3675
3077
4490
4814
5744
5627
6734
7136
3987
6288
7820
5793
3149
4578
5973
3340
2429
2957
6217
6629
3932
3792
4373
3997
7863
3116
4748
7963
6434
3856
5680
2451
7022
5118
6481
2190
2643
3952
5557
2064
2678
4173
4185
4956
2417
4341
4751
5377
2344
5351
4325
2666
4626
3054
6391
6233
7203
3813
5928
5703
7700
5722
2744
6358
7778
5243
4887
6619
4516
7154
2474
3094
3910
5876
6798
3968
7031
4119
2428
2518
4339
3783
3677
7892
2210
7303
2948
6198
7609
3556
2895
4704
2294
3319
3487
7812
5356
4079
2655
4802
2493
3838
2504
2291
2660
6917
3300
2742
2566
7711
3484
2096
4369
5308
4589
4672
4529
3439
3322
4227
6981
2641
2504
2721
2909
6642
2209
5897
6456
3448
4088
4998
2799
4250
4530
3420
6756
2182
2988
3623
6262
4982
2405
4073
4566
2774
2241
3311
2431
6829
7674
2382
6233
6452
4105
7695
7651
2412
6842
6964
7651
3849
6078
5119
2390
7611
5088
7835
2903
4889
3964
7888
4312
3265
5373
6036
7071
2995
7841
5754
4444
2491
5249
5266
4684
6886
5985
2601
3477
7313
2584
3282
5597
6680
7261
7858
5745
3191
6490
4248
6326
5382
2604
4959
2980
4856
2708
3106
5878
5515
7707
6761
5567
4276
3999
2458
7211
6500
4438
7264
3398
5275
4652
2846
4591
6167
3707
3555
4040
2363
5531
6818
2659
3924
2128
3587
3317
3059
5247
2497
3204
4115
3668
3410
3962
2844
7526
5923
4324
4780
3214
2415
2910
2538
4379
3511
3536
6955
4237
2049
6397
2927
4691
2371
2961
2388
6590
2420
2500
4894
7875
2294
4846
6518
5252
7714
4306
2957
2956
5871
7724
3127
6843
4673
7397
2233
3946
4113
6910
6563
3931
5899
6823
6693
7075
3140
3640
5894
6792
5047
3169
7890
7706
4104
3509
4846
4760
7638
2807
2989
4657
6580
2571
7827
7990
4893
7144
4596
6052
7248
7893
5436
3004
3199
7636
3347
7783
7843
4149
4156
5663
2491
7302
5832
3042
2745
4425
6260
7174
5361
2021
2932
6120
7311
6328
7954
4529
7018
2168
2343
5617
5538
4145
5160
2909
4734
3337
4360
4583
5040
4280
3440
2006
6764
7796
6402
4829
5001
3680
5083
4971
6783
5782
6697
5159
3006
2993
4323
2993
2155
5773
4012
2932
4762
4687
2886
3115
2730
7424
6461
2176
3529
7251
7918
5640
7154
2107
3884
2319
6171
2700
4361
4120
5458
4461
3342
3568
4839
7611
7514
5118
3894
3997
6190
3462
7578
3767
5721
4944
7955
2782
3957
5408
2581
6283
2688
2505
3483
5047
6622
2095
2193
7590
2558
4514
2669
3396
2417
7167
2999
3182
2359
3903
4353
2260
2169
2914
3728
2287
3250
5846
2073
5378
5402
5348
4158
6790
2135
3233
2503
5030
6673
5013
3249
5092
3984
4386
7262
3892
3942
6358
7169
6104
6514
4686
3004
3305
4131
3730
2033
7868
7445
5227
5630
6603
3472
2576
2899
2114
5094
3294
3880
2394
3279
3834
6594
7681
6202
7514
4727
4496
2869
7822
3116
2460
4299
4388
5706
2105
7581
2044
5789
7731
3292
4501
5755
3033
7459
6576
5305
5674
2230
2726
3494
7331
7083
6687
4533
5198
6897
3725
5763
7372
6768
2172
2923
6846
3662
4586
7613
4914
7349
4327
7096
3788
2903
4571
6344
2486
2197
4408
3031
3373
3626
3088
3943
2531
5010
3923
5192
2350
4427
2021
3872
4237
4263
6853
3649
2408
6783
2140
3366
7534
4054
7359
6921
5378
5351
3834
5656
2344
5895
4920
3497
7167
2080
5785
4572
6842
4457
3541
7216
3668
6908
3067
2991
4367
6427
6985
5668
3685
2662
7449
7482
6200
7823
2170
5765
6085
3717
4522
5860
3934
5430
4026
4429
2525
3388
7977
4279
4232
2024
4857
4733
2363
3025
5424
6634
4326
3819
2368
3547
2849
5500
5915
5960
3975
4328
7622
2975
5800
3791
4335
3353
5140
6296
4973
3783
6056
6997
7405
5430
5503
4325
4447
5931
2113
7451
2312
2831
7006
3131
5841
2115
3586
2180
3737
5605
5125
6491
3353
4464
5428
5298
2704
7390
5908
7097
4321
7149
4754
7042
6221
7598
5329
3281
4892
7163
6887
4643
7468
4211
4554
2495
2242
2885
5970
4937
3174
7717
3427
7739
7060
6594
4144
4618
5609
7498
3662
5489
2104
2217
2447
5318
7053
2017
2968
4508
6705
5190
5770
3992
4613
2791
7839
3592
4229
3465
3794
6457
5648
4393
4440
3098
4129
2099
4687
2998
4477
7299
4150
6018
4704
4581
6581
5874
3430
7847
5582
7590
4254
7619
5440
5575
5447
5587
6947
3710
3784
2708
3962
2031
7757
5904
4725
3389
4698
2862
3733
4913
3172
4343
2785
6737
6347
4847
5652
3149
2876
4061
2960
3401
6406
3518
7971
4156
7222
4083
5816
2326
2007
5733
2020
7788
5287
6774
2961
7291
7377
2736
2451
4532
3540
3396
5954
2323
6519
4219
2969
6610
7412
4973
4887
3730
4440
5198
4603
2742
5792
7167
2996
2900
5965
2543
2851
7574
4587
7860
5348
4589
5732
4918
6712
2247
7835
5615
4908
3011
2155
2951
7104
2715
3573
2738
2037
6310
6424
5558
7775
4248
4037
6131
7294
7176
4431
5598
7961
2841
5965
5245
2439
7631
6078
2029
2249
6307
4395
2246
5060
2294
2079
3729
6398
6380
3995
6342
3750
7516
2733
4178
5085
2338
7485
3128
5717
3675
3327
4752
7305
3608
3783
7399
3578
5526
4933
6290
7680
5218
2859
7059
5960
6827
2469
3169
7159
2757
2812
5502
5771
6862
5178
4172
7468
7130
7498
3146
5350
6791
3076
3579
4120
3630
3552
5681
7888
7416
5015
4370
7169
7064
3885
4015
2097
5369
3135
3907
4510
3911
4953
5746
4748
5664
3901
5737
6816
4437
5276
6555
6526
3959
5654
5150
7311
2227
5109
4861
2914
6967
6473
4771
6629
6167
2126
4452
5529
6576
4495
6845
6139
5421
6853
5859
4275
2408
2048
2577
7551
4489
3630
3965
3085
7347
4662
7278
5163
6320
7276
7546
7512
2551
6527
7342
4119
4058
6102
7160
2517
5956
3456
7623
2859
7785
2593
6923
2920
2169
2166
5392
5223
2798
4253
3325
5952
2791
4574
2768
5870
2520
5305
7337
4675
2549
3640
2204
5756
7681
6635
6144
5708
2764
2414
2356
6413
4840
4997
5500
5353
5429
4567
7525
4021
2740
3350
5695
2013
6232
2848
4943
4603
6057
7650
2985
3404
3797
3416
7535
5123
3138
2207
3005
3896
7183
5552
2999
2945
6771
4778
2970
2606
5777
7139
7209
2480
3553
5537
5090
2881
3003
6474
2118
3453
4800
7648
6154
4358
7786
4547
6774
6079
2648
7986
4630
2793
3146
2098
6442
5131
4230
5558
4899
5927
3791
5409
2431
3757
2218
2531
3908
2784
4564
2261
6569
6358
4933
7560
6339
3320
6649
4631
5987
7909
6389
3545
3615
4767
7323
4133
7408
7791
2372
5539
6579
3942
3824
2010
4851
5261
4086
4204
3536
5015
3056
7825
4230
5373
5012
6178
3956
6376
2764
4114
4578
2595
3079
7749
7238
5656
5952
6200
6998
7521
7672
6158
4910
5288
2780
6499
5743
4111
2447
5247
3094
5380
2321
6320
6001
2708
3760
3506
4254
7065
4912
5902
4693
5005
4528
3332
6038
2848
2962
4985
2447
2251
3109
2015
5093
4590
2525
3375
2756
7805
4937
5514
5025
2622
3532
3730
2162
2078
3864
6791
3608
4710
4166
2538
5549
4751
5537
3574
4957
7771
5205
3426
2993
5140
3827
3295
7573
7425
4776
3605
3071
3114
2857
2713
5132
4345
6092
4289
4979
3835
6496
2727
4574
3903
4268
3598
2876
2338
3583
7528
5153
6411
5501
4032
6699
6792
3491
3369
2091
2417
2251
3445
7519
4723
5496
3369
5293
5252
3024
2522
6346
6523
7953
7944
6868
6457
6735
3884
4161
6724
4592
2968
2400
6384
4013
4532
6103
7753
6156
2882
7985
7250
3752
6465
6765
5671
7381
2554
2364
2232
6218
2702
4725
3438
6062
7201
6423
6036
4434
2771
5119
4243
4238
2265
6460
2064
3901
4745
3956
6157
2928
5013
4724
6907
2594
4340
2883
7107
7411
7204
2536
6774
2963
3669
2974
2567
7985
7140
2992
4045
3817
4496
3170
7618
7765
4849
7084
5736
3258
2727
7774
4148
2703
4694
4272
3527
3970
4275
3542
7667
3157
6237
2290
4157
4861
7450
7144
7166
4116
7574
5231
3111
5072
6843
3145
3242
5767
6418
4007
3001
5491
5144
4710
5027
7463
3020
5340
5648
2969
2276
3741
6446
6139
7823
3369
4624
3133
6515
7599
2277
7480
3951
7482
3952
2007
3836
4857
2119
7532
4641
2410
3253
7980
3177
2895
4633
7133
7196
3147
3567
2840
2737
5341
5463
6618
2977
2532
5798
3596
2901
3216
7852
3871
3640
2951
3761
2648
5817
4272
6555
3822
7609
7521
3969
4685
4271
4474
6970
6457
5526
2262
3482
3737
5061
2388
7667
5819
4864
5479
5731
4107
2288
5603
6913
6039
3579
4969
7126
6429
2044
3087
3826
5561
7503
6458
7363
3171
7221
4298
7370
6598
7064
2782
4189
2932
7290
4446
2798
3715
5338
5450
3524
6243
5615
6324
4146
7625
2788
5436
3454
4700
4530
5922
4067
3482
7680
6394
4048
6339
2353
6371
3738
2469
2385
6720
5182
7396
5584
4893
2236
5318
7579
3433
3207
2160
3590
2093
5529
2050
5057
6810
2310
5291
3048
7276
2225
2735
5586
3494
3680
6373
2892
2102
4266
4981
7424
6011
5440
4658
3773
4394
3857
2238
2229
2730
5530
2457
6855
5543
7166
6938
7376
2919
5099
2860
2473
4654
6247
7763
4469
3167
4592
3538
4623
4768
2604
2928
6210
4732
3125
5710
3366
2221
2126
3090
5469
5356
3978
2291
6938
4305
3191
6362
4726
3496
6678
6849
5099
6512
3788
2180
3271
2652
7654
3119
3524
2296
2037
3964
4248
7484
5859
4140
2023
7733
6340
6630
3296
6625
4394
3451
4955
6294
3389
5223
3130
4219
3934
6676
2830
3611
3504
3935
3094
2522
3522
7252
4414
5907
7984
2982
2696
4364
2260
5134
3150
2965
6238
2633
6612
3572
2237
4843
2458
4275
2565
2466
2706
2618
5005
3586
4509
2689
4944
4003
3661
6017
2246
5995
3764
4672
3729
3401
3470
3910
7744
6461
6379
3696
6063
3934
5029
3967
2129
6980
3388
5242
4702
2024
6030
7268
2933
5054
6342
2134
6585
4577
6750
5447
4068
2278
6370
6608
6772
7004
3920
5554
6736
7715
4953
5160
6314
7438
5094
2555
5344
7762
3118
6389
3759
3488
4638
2765
7448
3096
3221
4642
3179
7010
2392
4474
7479
6756
3219
5748
5533
4188
2478
2926
4827
5703
5683
5959
2795
6158
4596
6973
2339
7134
2235
2746
5974
5864
5933
4563
6236
5286
2191
2305
2188
5686
4446
4636
5544
6758
4860
6486
4161
4737
4464
6199
4927
6854
4230
2765
3322
6202
7192
5228
6006
4934
3163
4381
3539
7363
7740
7402
2006
7884
7306
4302
5776
5962
2138
2378
5049
7543
2815
3505
6672
2678
6615
3187
2616
2822
3419
7126
7260
4719
5452
2211
7632
2762
4496
7531
2445
5945
7201
6812
5200
6005
3115
2545
7028
5785
2355
5316
2312
4191
3912
2967
3272
2185
6634
7470
2189
3306
3879
6236
3802
7580
2417
2318
7246
7821
6027
3765
6692
5096
3373
2595
5330
3264
7501
3006
3686
7726
6550
4140
4931
4899
2721
7849
3940
7735
3040
4919
6264
4430
2143
5105
4639
3607
5355
7729
4305
4856
2188
4428
5073
5902
2220
7524
7262
4181
6121
2319
7731
7831
5126
7667
3736
2799
3176
2461
5534
4910
3575
6083
7135
5909
7434
6320
7595
2616
5427
3707
5705
2803
3718
2079
2563
5391
7514
5249
7647
4304
6006
7618
4447
7425
5046
4109
6392
5063
2133
2801
7922
7705
2533
7384
5997
5126
5944
4470
2087
6771
7603
5324
2365
6799
6498
4584
6150
5554
2279
5368
3136
6403
3203
7951
5517
2022
4161
2222
6186
4543
6471
6267
4242
6717
7297
5810
2572
6438
3730
5806
5159
3496
2927
5053
4025
2175
7478
3893
6827
6183
6900
3073
6202
2825
3127
6609
6546
6539
4293
2686
7354
7707
7429
3226
5862
2906
3183
2029
2383
5126
2066
3115
6349
7217
3813
5599
2237
5679
4432
4191
5952
5992
3272
2445
4505
4821
4358
2351
7981
4560
7533
6667
5257
7746
4433
3597
7405
4617
2684
6883
5912
4375
2387
3490
5326
2858
2442
6764
7879
6745
4946
3342
4455
5611
6638
7811
6966
5175
5173
4088
6498
3526
7022
7765
3724
7086
6635
7698
4382
2034
5805
4552
4178
2621
6373
6166
6244
5344
5874
7196
5214
4498
7432
3692
2347
4206
2731
7516
6824
4053
5249
2533
6431
6242
4253
4127
3454
3929
2186
5148
2459
2708
5089
3625
4539
6304
6724
6574
6163
4881
2540
4176
5111
4303
3714
3663
4822
5940
6521
6730
2943
7750
7875
4430
2140
7358
4714
3333
6064
5140
3875
5706
7529
7710
3638
3874
2906
6882
2404
4091
5302
6898
2413
4500
4618
2076
7683
3730
6046
6863
7457
7712
6610
5097
5852
6381
6921
6266
3816
3262
3181
4137
4730
3754
4760
4049
6819
6399
6404
5169
4498
3461
3366
3777
2248
4446
2371
2250
3596
3668
7762
7592
3907
3996
3140
6580
5480
3023
2640
5208
2362
4565
7532
3820
7082
7230
4321
2709
2638
3713
5462
2255
5459
5450
3675
4357
3097
5511
5583
5232
2493
4029
7250
6544
3261
2581
5069
4106
5891
5303
3837
2829
6146
4112
5952
4215
4296
6188
5790
6031
4928
7558
3756
2475
5165
5044
5824
2816
2834
6555
2249
5371
2405
6130
4783
5944
5954
7042
3211
5624
5204
4072
5626
5667
6311
4905
4401
4159
2238
6984
2720
7890
2577
6107
6021
4760
5463
4386
6335
2112
7012
2468
7209
3098
3933
2403
5519
4469
6456
2436
3636
4523
3428
6314
2176
6198
5482
3751
6391
6497
6085
2655
2419
7117
7080
5233
7529
4597
2666
4488
4288
4356
4636
7123
5512
4130
4356
4270
3415
3671
5086
4063
4799
2343
4896
6251
5520
5641
7959
3688
4970
6051
5980
3760
7062
5582
3999
2281
7280
7525
4400
7389
3900
5843
5086
3575
4701
7059
4131
3883
2426
7032
6362
6686
5087
5412
4995
7043
3358
4597
5781
6971
4607
5610
7647
3621
5206
3969
6154
5198
6149
7889
7515
6075
2353
3186
2476
4454
3858
5054
5222
4923
2946
5006
2047
3783
4231
6529
2228
6963
2249
4090
5741
4349
6545
7103
3275
5411
6817
2309
4776
6283
7710
5633
2305
5151
5760
3812
7044
2138
5949
6311
4260
7336
4790
7145
5573
4787
4098
4115
6540
4538
3370
2587
5927
5440
7004
7581
4033
6050
6731
6370
4415
6406
7806
3765
2651
3861
2820
4927
3022
4626
7620
7581
7200
3953
6415
5321
4905
7893
5791
2672
7404
5519
4150
5481
5161
3958
7116
2751
7289
3434
6314
5428
7938
5068
5919
3493
2078
6132
5393
4581
2330
4758
2641
6532
6266
7087
6003
2862
6577
7891
2826
4991
5933
7276
2798
6483
2022
2825
7256
7209
3101
2980
4431
5098
6827
3016
6917
7474
6614
4317
6730
6526
3281
6201
2526
4238
7626
4260
4440
7151
7628
5111
3728
2957
5289
5920
3571
5261
3328
2791
6621
5389
7766
7780
5219
4235
4935
3338
6564
3398
6513
4660
5021
6384
3672
4106
6981
2880
7064
2905
7197
4522
5009
3259
4940
6389
5465
7693
4678
2038
5469
4862
3545
5388
3002
2239
3606
2592
2917
2082
6577
4474
2819
2765
2128
2699
6008
6239
4898
7678
6159
7765
4672
2991
2289
3630
3792
6213
2719
2422
2354
2176
5358
5695
3784
4327
5084
6334
5733
5953
3327
5283
4586
6984
5079
7769
5623
6055
7124
2226
7595
3048
6378
4279
6450
4637
3410
6319
5037
3957
2721
3156
5303
6814
5294
4701
7800
4399
6792
7035
2572
6723
6882
6679
6363
5455
3361
3323
3110
4076
7242
7742
3207
4018
6519
7100
2395
3224
2399
2607
7919
4251
4600
6072
6621
7130
7853
2718
2915
6428
5340
6493
3633
6927
6702
4591
6735
5577
7884
3435
3792
4161
6183
2331
5591
7078
3327
4832
6841
5538
3092
5142
7962
6379
4210
2757
3350
7908
7033
4574
4071
7098
6454
2909
6701
6408
4620
7514
2772
4270
2913
2730
2811
5138
2293
7907
2784
3398
7906
5357
3728
4743
2335
7248
3177
4138
3314
3708
3884
4902
7656
4861
6247
6884
2722
3330
7884
2683
6738
5663
3925
4836
3489
7680
2578
2636
2253
5407
6644
2520
3061
2573
7755
4055
6491
2056
2464
2649
7379
2278
6730
5229
7867
3717
5552
6489
4590
3334
5134
5103
2680
6006
2842
2136
4744
6355
6613
4871
2877
5288
4526
6729
3012
2432
7737
4512
7802
3387
7109
2167
2705
7845
5170
7894
4918
4172
6199
7565
2882
3226
2221
5046
5243
2058
6228
6334
2638
4988
2792
6576
2597
4248
3916
3466
2152
6063
5009
6589
4158
3988
6408
3789
6880
6967
4089
4110
3081
3754
6305
4981
7612
6674
5737
4354
6666
5498
4039
2068
2372
2906
2714
7007
3729
5102
6288
7571
2902
2570
4797
7872
3441
4021
3391
4285
6617
2555
4838
3442
3509
2479
6191
2912
4290
7018
6133
7915
3604
2466
3617
7476
6929
4447
5550
5458
4564
5868
3597
7164
3121
6549
7203
4986
7906
6898
4516
6783
4603
2588
4213
4128
2553
4542
3256
4916
3015
3395
5908
5450
5479
2980
7373
5742
5238
5224
6177
2177
6661
4592
6585
4617
3018
7333
4071
5938
2768
2947
3590
6029
3762
5863
7685
7610
5839
4302
6296
3585
5677
2422
7348
5950
4825
2468
2612
3555
2453
2120
7820
5685
7093
4971
5997
5131
3646
4863
2181
2651
3221
7469
5298
3819
2814
3011
7213
5805
4792
2723
3264
3175
7224
7755
4812
4175
4482
4232
5159
2480
7060
7972
6149
3411
4544
5282
6623
2939
6424
3628
4602
4651
6635
4101
7742
6102
4667
3190
7789
6067
4106
2087
2300
4773
4676
2805
7082
7567
4004
5499
2922
4591
7199
5033
7000
5967
3623
2538
4895
6520
5171
2820
4546
7626
2655
3119
6745
2033
6453
2931
7740
3083
7650
2315
7300
6829
3979
3057
4601
6263
4697
5744
7804
6318
4587
4145
7836
6320
6329
4000
6222
6986
5156
5458
7943
4243
7415
3098
7170
6861
7131
3168
2002
5171
5313
4333
7460
2543
3570
6377
5315
3922
6851
4504
4426
5981
2685
2138
4769
4401
6249
2184
6841
5461
5146
7392
7331
6875
3615
7334
3029
7441
3330
5402
2776
2084
3303
7921
4406
4467
7880
7361
2452
7316
5732
4830
7486
3423
6416
2062
6440
4823
6991
4489
5408
2737
4807
4770
4580
7575
2350
5241
6156
5905
3408
5909
3488
5292
5803
3793
7079
7063
6709
2652
3325
3204
7264
7140
2774
2519
2707
7670
6940
5540
2665
4738
4026
5055
2061
3285
7488
3340
7966
2579
2775
2984
5175
6946
2388
4772
6938
4033
5488
2867
3171
3193
3036
5641
6399
6069
4914
2457
7216
2409
7630
3470
3648
7126
4921
2625
3655
2905
3964
3161
3595
4062
4853
6772
5516
5638
6839
3589
4472
5400
5163
3505
2845
4344
5398
5668
4750
6738
7362
2667
5210
6599
4042
5200
7873
4013
4164
4596
2967
4005
6445
5580
5306
2924
7125
4379
3705
6172
7861
7241
5097
5704
6289
3587
5590
7139
2136
5386
2923
2914
2417
7433
3071
7701
5572
3145
5674
4872
2377
6282
3154
7187
2993
2642
4526
7171
5101
4753
6871
7317
6661
2557
4920
5348
3765
3526
3292
2270
3929
2905
3100
3046
2177
5254
7137
3511
4772
4528
5528
2195
6116
2003
4744
4305
6845
3860
3460
3537
7898
5103
4693
6004
2163
3087
3642
4786
2405
6645
3506
3968
2400
7827
4015
6209
2892
3230
3751
2853
6797
2307
4483
4320
5408
5308
5230
6100
6758
3600
5400
3957
3483
2640
4739
5057
3461
5579
2383
2726
4079
4780
7671
4026
5770
5324
6705
4247
5409
6984
7181
6977
3246
4590
3098
6418
7802
7982
4803
3058
2288
7667
3487
7333
5402
2319
6338
5764
4689
3135
6764
6665
6269
5788
6898
3830
4323
2625
2671
6383
6683
3029
4552
6920
7391
2407
3492
7252
4310
5900
3380
2296
6333
6214
5109
5278
2367
3504
2130
5440
6840
2546
6944
2555
6871
2037
6265
2534
2425
2314
5494
6932
6513
5901
3950
2382
3516
2353
7235
2992
2559
2626
3185
4215
4298
7168
2138
3687
5114
3435
2042
3485
7637
2256
4596
7290
4971
3349
7338
3841
2093
5498
3578
3522
4188
2278
5483
2442
2519
3481
6002
6637
6082
5498
2316
2608
5377
2882
3582
3484
6121
2580
4642
3428
4165
4942
4819
3984
4728
6563
7219
7644
5572
3076
7205
2296
3357
5036
4453
4604
2326
3835
3833
4671
3868
3826
7868
3170
3649
4616
5620
5672
2206
3843
7993
3639
3915
4092
5178
5375
5005
6847
2121
7120
7880
3392
7946
6168
2710
6710
3552
3257
3769
2829
3026
3183
7867
4921
7939
4267
4896
2591
4742
7462
4391
5019
4135
4262
2631
6774
5468
2960
2359
4069
3239
4337
4650
2784
5193
2371
3604
6068
5443
7349
2496
4990
5266
4526
6641
2751
4120
5894
5785
5373
6653
3928
7886
3430
7396
3297
3202
6838
4350
6694
6337
2288
2978
7799
5362
4448
2939
4574
7312
6815
5007
7428
2543
7017
3881
6277
2237
4322
4101
7615
2248
3763
2314
7330
4931
4651
3195
3394
5394
6480
6528
5417
4318
6848
6703
3067
7900
7949
6623
4900
7629
5249
6391
5120
2789
5712
6617
2946
3202
7851
7453
7652
4116
7065
6839
4436
2868
2645
5178
7359
3843
3381
3686
6285
7024
7141
7585
5965
5894
3290
3160
7119
4369
6329
7529
5324
3084
4360
7179
6388
2839
4213
6844
4000
3864
4620
2015
7761
3211
7032
7792
2343
7404
7346
5449
3048
7739
7625
2565
6303
5073
3341
4396
2055
4728
6279
5341
6870
4933
5874
6216
2529
2167
5528
2079
2509
7876
7613
4850
4910
3711
2486
5384
3890
4579
7994
4927
3981
5590
3109
7265
3564
3621
2626
3402
6109
4422
5897
6261
4269
7032
5662
3870
3715
6220
6175
6860
4161
2905
3530
7574
4328
4375
7136
3886
7292
4707
5429
3155
4474
4010
7306
3566
7545
7927
5650
3351
7507
2197
2755
2758
4786
2293
4359
5631
3782
3030
3412
6581
7556
5813
5627
7804
4304
5936
4385
7249
5804
3590
5028
7696
2180
2917
4013
2634
2997
7025
7597
5433
4975
7757
2472
5672
4664
7200
7536
6069
7624
2571
5054
6808
5925
5922
5559
5318
4037
6196
2309
2399
7719
2585
4160
7112
2463
3907
5570
2758
4235
4410
2898
3124
4627
7998
7991
3386
5171
2041
3742
5108
2491
2014
7513
7965
2070
5157
4619
7374
7053
2471
6477
3005
2091
4227
2558
5047
7098
5260
6305
3463
2152
2504
6325
3635
6949
6795
5840
7140
4704
5584
5535
3657
7865
3262
2609
2575
6402
7142
5370
5768
7583
7596
7616
7851
3885
3411
3388
7752
7889
3622
2476
5443
7829
3919
2225
2128
5601
2415
2012
5313
7508
6279
4184
7055
5479
6667
5600
2839
3062
3418
3475
2740
6252
3390
6658
5931
4258
3028
3883
3749
6186
7111
3164
2836
5065
6953
3942
7669
5520
2613
3622
5286
3060
3870
4607
3052
6124
3149
7545
5335
3629
4299
2628
3954
3366
5092
4208
7973
6361
4410
5628
6350
3617
7204
6080
3175
6266
7013
2651
4347
4478
3866
6185
2655
7897
2424
4886
6787
6337
7435
3998
5586
7625
5441
3355
4782
4807
6038
4192
3648
6562
6455
6855
2505
3490
4194
7823
3654
5963
5341
5228
6449
6056
2890
4261
6998
4858
2261
4243
2494
2289
4835
6333
7843
7196
5143
2212
3514
2182
7456
3619
7703
6024
7414
7004
3709
6520
6618
2120
7748
4306
6456
5590
7431
6263
5369
6973
6288
