4500
3727
4070
2992
5626
2838
7884
6185
6629
6684
6653
6357
2657
5169
5220
4713
7454
7272
5976
4209
6677
3775
2028
4875
7150
6083
4023
6502
3998
5423
4029
6367
6015
5276
7213
3972
6979
5181
4972
5557
6131
7318
5604
5042
2041
6303
2768
6190
4003
7084
3619
3599
6440
2893
3174
2079
5246
3009
3380
6021
2634
3656
5800
2450
5383
3791
7436
3528
3077
6854
2654
6116
2839
2707
7405
3973
5340
5538
3234
7737
7861
2868
2008
3457
5996
4119
7614
2561
2803
5533
4115
7489
2195
6344
4613
5668
2090
4740
4574
6357
4791
3934
6787
2105
6061
2735
3682
3075
2466
5386
4271
2328
3035
6603
3920
5562
5763
2407
6038
5932
2403
3368
2028
2903
7481
5068
3903
2659
4341
5762
4546
4006
6484
2440
6988
4032
6877
4056
6257
4594
7734
3379
5832
7496
3416
4623
2791
2205
4824
7289
7115
3753
4277
6252
3276
4287
4786
6255
4367
2246
7938
4284
4840
7149
7949
7323
2359
5815
7201
2909
4412
5661
6354
7611
7954
3500
4769
6920
6452
7553
5337
3545
5693
6711
4373
6995
3803
5628
7745
2250
3253
5134
4540
2666
3974
7271
6616
4143
3016
6283
2989
5858
4680
3931
5056
5699
3952
4232
3933
7662
3717
6769
5982
2136
3419
2945
2244
4900
3424
3775
6823
3360
2558
6785
5574
7473
5714
5402
5131
4783
4859
2277
7489
2804
5279
2451
3078
7498
3455
2078
3185
3464
3934
6414
7540
2262
2603
7279
6829
5636
6679
3526
5726
5571
4661
5548
7935
6956
2641
3057
6370
4130
4168
4420
7549
5274
6784
6311
5321
6757
5471
3585
3835
2057
7716
6884
6050
3462
5679
4233
5295
6714
3865
3504
2442
4153
6868
7287
7598
3135
2013
3702
2691
3418
2750
7172
4441
3412
5909
7574
3695
7305
6437
3712
5345
6399
7917
4453
7541
2200
3910
5944
7408
3035
3547
6162
5760
3238
3481
2411
7384
6424
3700
6818
4385
3161
4638
3032
6347
7717
2656
2433
7234
7367
2328
4713
7778
5010
7565
7802
3329
2893
5690
3813
5275
6282
6976
6519
7715
3993
6677
4896
6962
7591
4470
2182
4664
5415
3890
7507
7288
5346
2919
6204
5181
3441
3605
7366
2947
4857
3425
4109
5786
2921
4043
6267
2820
2983
2802
4824
4352
4571
5322
7539
6019
3407
5053
6959
2685
5426
2408
5693
6895
4962
3956
7243
2114
3997
7038
7959
2615
2200
6112
7408
5140
5555
4432
7691
7171
5767
5845
6846
2934
6226
6341
6748
7321
6933
4659
4468
4964
3026
5476
3664
6032
5061
7740
6244
5040
5092
5829
4009
3653
2102
4036
7465
7132
7054
2010
2504
2807
6922
6852
3097
5697
5219
6643
5662
3769
2120
4437
7665
6733
7344
2536
7353
5847
2879
2123
4281
4998
7620
2696
5441
6661
6636
2155
3669
2291
4591
3623
4661
5017
3863
5518
7876
3904
7567
5777
2750
3956
6976
2559
6087
2289
2031
3696
4699
6438
4479
3048
2339
5446
3592
5132
3899
6653
4862
7714
2116
4264
4562
7127
2095
3324
4721
6549
3786
3240
4067
2784
4048
4048
6239
3898
3328
6028
3836
4185
2974
4512
6697
3015
5082
6125
7119
3903
4949
3615
5030
3022
2057
6087
2434
7135
3497
2513
6249
4672
4437
5612
7662
5941
5565
7949
3700
2579
5620
7291
2663
4785
7297
3976
3772
6866
6537
5099
7826
6512
3495
4493
2275
4455
4216
3329
6457
3944
4931
5334
6461
6592
5062
4321
5069
3684
5709
2671
4916
4522
2669
3879
6745
5205
7680
2809
2907
3648
4426
4740
6862
6702
3397
7770
3289
3509
4162
4669
3650
3364
7118
2707
7765
4439
2109
7138
2709
6971
5210
6219
4077
6058
4321
3617
3912
7828
3212
7440
5477
6706
6045
2738
7374
2496
3225
4506
6736
5139
5528
4103
4737
3698
3686
3643
3164
6576
7301
3834
3168
2412
2699
3792
6099
2296
4716
3763
3270
5502
4191
6146
3512
4025
2500
3731
6776
3206
4397
3095
5882
3152
2414
5195
3854
4891
3918
7645
5213
4661
2148
7604
3607
4695
4065
2772
6288
2045
3832
4234
3118
4922
5062
4415
4492
2501
2902
3663
6065
5738
5208
6111
4905
6315
5787
3671
4797
3694
7084
4652
4166
4620
5400
2730
7017
6722
6314
4127
4153
6323
4509
4008
4853
7870
3745
5438
3800
7359
2736
2644
4618
7110
4862
4441
7345
4812
5065
6383
2703
6400
7249
7273
3587
3959
5528
4401
2710
5480
3907
6494
4070
6903
2527
2995
4418
3451
6411
2163
7938
7241
5113
7541
3979
3972
4610
2358
7195
5976
3849
2392
6710
2716
2722
4291
5748
6748
5876
7515
7940
3428
5236
4830
4206
7665
4114
6661
2852
4775
6342
4461
3080
3702
2882
4800
6276
2898
2730
3007
4128
5858
4934
2208
2013
3596
3965
4248
7256
4597
2155
3648
2254
6719
4214
3308
4018
7744
4859
2633
4245
2266
2308
6375
3564
4441
4658
2171
4606
2343
2739
6325
7006
3054
2949
4398
5755
5864
3972
3709
3167
4730
4912
5703
3868
6392
5054
2390
2244
7896
7554
4628
3039
3673
6621
7878
3288
2810
5640
6768
3652
3988
3401
5280
6313
3014
7743
4947
6427
2027
6388
7764
2974
5142
4055
7093
3775
6002
6890
4278
4053
6060
4194
5582
5787
4803
2662
4038
6629
2089
4054
7033
3856
3540
7742
5718
3122
7353
3231
5264
5117
2434
3145
4582
4925
4393
2499
6145
2514
3228
7739
7728
7529
7003
3360
4618
5530
5772
5637
2578
2215
6849
6564
4988
3534
5703
7175
7895
3850
2018
3618
3286
4092
6485
3748
2742
7289
7526
7091
5339
4831
3935
6558
4644
4935
2425
3138
6203
2370
6066
4718
4136
4733
3835
3508
4053
7118
6921
2967
7791
2409
7930
7020
2466
6056
2556
5001
4760
5636
6819
5453
3349
7112
2249
2102
5033
3388
3986
2694
2288
5542
5186
2970
2521
7826
6241
3445
5701
4435
4241
6884
6518
3496
2303
4892
3983
6018
7998
4695
3263
2570
2641
2074
7133
5728
3229
4469
5966
6783
3902
2899
3949
5784
7363
7754
3709
4388
2580
6637
4467
2686
4091
3936
7995
5177
7780
3689
3710
4478
5336
4500
6763
4732
4014
4909
7915
6018
6321
3910
3581
4962
3855
7465
7777
6753
3069
3441
4804
2961
4429
4838
3425
7836
5342
5538
6239
7691
3919
3245
3035
7797
4625
6232
4446
3572
5107
4562
3555
4320
7452
7489
5531
2084
7869
3570
7040
3717
4649
2848
5453
7159
7475
7406
2788
2128
4305
6539
5814
5024
4786
7431
2390
7651
5502
5656
5938
5882
4223
3948
4422
6795
5262
6588
4317
2933
2062
4577
3518
4262
4464
4713
6481
7586
7815
5942
2380
7477
3913
4590
4353
4093
5589
4748
7926
7501
4032
7592
4336
2016
6787
3096
3963
6184
4933
2694
2592
2013
2562
3914
6676
5981
7124
6082
4515
5483
3179
3416
7303
6690
5000
2869
3304
4799
4918
3528
7743
6899
2053
5147
5381
4207
7304
6996
4791
5187
2059
6573
7232
7917
2259
2668
7388
3447
4382
4587
6020
5187
7517
4299
4147
6807
6763
7731
6996
5325
7311
4159
6156
4623
7388
6895
3394
4980
6242
3365
7150
7123
2748
5975
3667
4156
2484
7187
7940
3366
2037
4948
6176
7555
3800
6834
7178
3949
5566
5141
5703
6206
7351
3573
2852
2202
4838
2992
7595
4953
5257
3650
3453
7066
6946
3669
3189
6807
5135
4658
4017
2392
4709
7268
5255
5637
7641
5099
7136
5921
4599
7882
7813
5932
7650
6799
5341
5060
3454
7143
2859
6541
4092
5946
7715
2129
2680
5853
2849
7128
7166
6203
5062
6245
6746
2272
7221
2214
7308
3788
7789
4984
6843
4669
6980
3951
3045
7325
3619
3389
5248
4260
4752
3821
5593
2150
7338
3699
7589
5765
2631
4341
2987
7042
7187
7822
3825
2152
4298
7549
7148
2709
3200
2923
5454
3841
3980
3307
3860
4188
3868
2315
2491
7634
2478
5567
4837
6367
2356
6463
2496
7148
5089
3063
3123
2193
6206
2419
5153
4034
2705
3516
5922
3175
3982
4877
4207
2944
5131
2601
7829
2631
3680
7821
4885
4386
5034
5782
4942
2688
3085
4107
5765
4071
3188
5971
7613
7250
3440
2761
3313
5440
2598
3851
4750
6371
5338
3273
4595
2081
2004
4144
6511
4233
7675
3714
7002
7847
2141
5750
4285
3090
7726
4113
2332
3969
7833
3112
4588
3352
6974
7708
2111
5060
6230
7624
3352
4887
2685
2788
2874
3243
6434
3770
7790
2129
5654
5117
5546
6164
7320
3058
5722
6039
6535
4751
7411
7542
3910
7075
6946
4867
2229
3664
5765
4338
7991
4297
5420
5607
7422
4689
4878
4058
4227
7585
2679
2452
6429
5178
5881
3968
3269
5558
2386
4796
7414
2642
5762
3501
6345
4641
7776
5136
3816
5294
4326
2379
5745
2436
5044
5085
2925
4224
4056
3741
4555
3738
4387
7082
3984
7235
4382
3109
5215
3836
3799
7340
3088
5547
7105
4459
7933
3320
7324
3997
6090
4089
4266
5525
3922
4511
2287
4469
6427
2209
6015
5606
6196
3841
6150
7122
4470
2329
4597
7745
3455
5491
4250
3818
6583
2457
2912
7283
6241
3578
4254
5491
3461
6280
6662
5726
4270
3887
2227
7945
3863
3852
2285
4279
4582
2095
5838
7574
4077
6191
5401
2548
3250
3737
7370
3632
5126
7782
4865
2631
4417
2085
7376
3220
6762
2049
7618
2545
2258
7832
2588
3265
2833
5152
7016
5562
4706
7868
5330
5842
4375
2577
4303
5787
7077
3220
7687
2640
4872
2945
4390
2897
4835
4124
4421
5450
5036
3745
7275
2879
7523
5325
3461
3948
6160
5471
3964
6475
6322
5327
4413
7967
3109
6164
5897
5119
5188
3031
3200
2288
5538
3487
3393
2835
3475
2641
3891
6237
4100
6301
3720
6710
2844
7219
2818
3234
4010
6832
4021
7153
5265
3731
5707
5718
2693
3812
6341
2277
2207
7067
5938
7860
6452
2741
7164
5009
4226
4513
5157
6332
6498
5594
6364
2140
2895
3318
5250
3501
2884
7674
7928
4958
5323
2924
6320
5060
5381
4870
2450
7342
5945
5739
5158
5429
6979
4434
6527
2312
5946
4364
7550
3917
5967
6063
3610
3285
2355
2355
7050
4406
2660
4444
2107
7474
7351
3269
7411
3499
6272
7204
7681
5083
6957
4400
3337
2296
3646
5037
2808
3309
7594
3483
4526
4094
4620
2201
6475
3064
3089
5374
7512
4792
4713
2257
7983
4896
6784
7659
2263
2144
4789
5917
7226
7942
2017
2687
3811
6628
2277
7828
2275
2197
2814
7285
7681
3744
3242
2962
5582
4032
7294
4387
4297
2803
4563
5815
6448
2935
2061
5232
5395
5259
6345
7638
3056
3790
5070
5284
4822
2228
4988
6545
3117
2547
4027
3470
4252
3046
3684
5304
3629
5556
6458
4697
6430
7637
6631
2737
2925
2568
4501
4151
7165
5930
5442
7389
7055
3530
7289
4101
7487
3805
3709
5828
6282
5740
2533
5791
5488
3981
3391
4024
2707
6725
4143
4417
3587
2370
7341
3143
4024
5420
6362
7355
6374
2325
2469
5787
5635
4322
3226
2606
4268
5244
5752
6399
7903
2562
6711
2278
3902
2641
2552
4671
3272
6780
6231
3322
2009
7991
7978
5860
2274
4568
4945
6567
4098
3635
4171
5256
3166
4180
5658
5744
7188
2929
4567
3490
3634
3125
3503
3409
3265
6043
4775
5564
7208
5289
7147
5529
2675
7916
5437
5948
7185
2948
4058
4164
7050
6948
2190
4793
6698
3324
5950
4536
4366
3593
7655
4136
4593
4401
2430
7507
4062
4474
7621
6666
2512
7273
5133
7402
2468
4851
7935
5652
6834
6932
3681
2653
4463
4247
2057
3687
4979
7507
6503
6986
4026
2657
6049
6242
7078
3096
5171
6932
4924
3944
4770
3321
5360
2305
4771
2415
3423
6782
3891
5279
3858
7459
4522
2310
6637
7585
5524
6613
2967
2006
2088
5518
4844
4739
4431
2925
4292
3570
7241
3523
7587
6880
4589
3742
2099
4695
5153
6457
4782
2807
6210
7317
6214
2179
4333
2558
3761
4714
2383
3462
3751
3374
4401
5204
5541
7196
7387
3990
3660
4059
5157
3660
4002
4955
3378
7646
7234
7914
7750
6515
4772
6580
6142
7244
6266
7759
7355
4002
3452
3688
4149
4275
4764
3389
2099
7756
4750
7750
5075
3370
2203
3452
3629
4895
7941
7519
7773
3145
4938
5084
5830
2930
4192
3763
2334
5869
7623
5827
7672
3410
3960
7130
6056
7995
7734
6917
5650
3062
6676
7658
2150
4421
3079
3892
2222
6263
6300
6909
2485
5616
3824
6963
4033
5887
4059
3834
4535
3481
2867
7313
7993
4517
3810
5283
6604
3362
5722
7446
3192
7205
2173
6808
2345
3233
5958
2277
2192
3355
6870
2594
2751
2978
6845
5365
4917
6166
6703
7951
7507
2995
7736
3661
6489
4309
6309
4568
3192
6795
4264
6494
7805
2497
6045
6420
4254
4568
2597
7075
5986
3902
2005
3251
3623
5977
5920
2965
3274
2936
7444
2275
7448
5980
7944
2780
4057
4200
4300
2943
7056
5490
2549
4364
6774
5038
6639
7559
3880
2873
7114
5559
2610
5181
7028
6235
4622
7680
7166
7205
2489
5342
4711
5956
4043
3469
5402
6848
3250
3428
5897
3760
2016
7912
2351
7552
6158
4819
5841
4105
6844
6476
7834
2576
3165
2661
3032
3609
6535
4516
6693
4929
6301
2585
7837
5055
2166
5051
2251
3478
5002
3545
5027
3521
5816
5094
2941
6522
6386
5432
2995
5701
7840
4787
6372
4738
7083
4488
7980
7307
2717
2297
6962
3193
5053
3395
6830
3732
2552
5301
7558
6264
6047
3876
3847
2707
5635
6897
3931
6330
5039
5539
6256
2698
6283
6909
2508
4944
2035
4289
2263
7171
6005
3748
7741
7444
4737
2741
3734
6067
7185
4244
2200
3434
2001
2172
4713
6841
7170
4214
7328
4368
7076
5067
3784
6410
7978
4821
4903
3595
5996
7787
4898
4505
5087
2817
4694
3181
3526
2382
6955
5546
3678
6363
4327
3376
4147
2295
4192
6304
7549
7229
4461
4434
6371
2279
4433
6382
5520
3345
4481
5669
5042
4738
5139
2422
3736
2383
4632
5353
5052
7065
7251
4116
3938
2928
6756
3387
6722
5696
7660
5167
2399
3111
4008
7782
6117
7737
6933
4802
3713
4128
3113
2132
4901
4134
2458
3218
7668
3001
7755
5609
5792
3095
3166
2712
7039
2748
3620
6809
5867
7745
5652
4132
3737
7113
5699
5299
4217
7034
2793
7414
5041
2172
6655
4512
4153
2292
3433
6147
6299
2469
6903
3417
2132
4179
2505
4172
7844
4902
2909
2512
4573
5461
3333
5502
4523
5011
3863
4837
2515
7503
6196
3904
7823
3819
2758
4484
6167
7702
4791
7563
6700
4028
2934
3599
4606
3564
6519
6634
4019
4285
4583
5265
6455
5621
4220
2703
3497
6597
7634
4081
3267
6830
5873
2666
3396
4131
3043
7019
3241
3543
2317
5808
2046
2447
7921
5057
2121
6240
4254
6552
7996
5489
2619
6666
3997
3108
3258
5884
6719
4557
2320
7999
2967
6365
4384
5855
2699
3295
4911
5678
2749
6879
2841
4536
7976
6714
3684
5347
5552
4311
6129
6175
2650
3655
3558
5296
2453
5623
4762
5345
6800
2641
4113
4988
7912
2622
7408
5376
6659
5661
2385
7379
7028
4715
6117
6110
4534
6367
4657
3919
4022
4471
7374
5914
7427
2272
4910
2398
4532
6961
2196
4579
2461
3169
5303
7362
4942
4353
2462
4087
4140
2296
7159
6144
2702
3765
3242
7446
6293
3340
2781
6800
7268
6122
4239
2861
5800
4508
4952
7877
5462
6915
2326
4747
2322
4004
6208
3405
2653
6596
2026
4363
4946
6497
6730
4896
5628
4387
4959
2501
6054
7457
6303
6950
3322
2762
5290
3703
5502
6321
3329
3350
3984
5771
7768
6081
5563
6374
2837
5626
3354
5168
5275
6267
6461
6122
4095
4310
2542
5902
2173
4880
7760
5794
2220
6654
5776
3780
5400
6707
6078
3274
7021
6692
5325
2947
7487
5779
2234
7696
4625
3169
3429
3653
2922
2219
5711
7063
3381
7228
3109
4059
5776
6479
6275
7610
4511
5891
4688
6965
4919
4220
5001
7084
3592
7955
4610
7860
7205
4615
2851
5011
3368
5753
4039
4362
6609
6190
4830
4025
5869
6274
6939
5269
4829
2768
7247
6488
5290
6287
2693
2767
7170
2791
6056
6852
5499
4300
3335
2996
6347
5867
2928
4600
4831
4462
7662
3081
6608
7878
7002
4317
2913
7446
4018
5753
3807
6954
4352
7920
2727
7775
6174
4245
5794
4071
7890
5808
4858
3012
7409
4576
4009
5011
3984
2674
7554
6394
4301
6179
5113
2945
2677
7835
5604
3763
4289
4140
6187
3068
5542
3128
2003
5185
7625
3507
3465
6641
5128
4961
4555
7941
6554
5790
7225
4576
4781
4553
6197
5929
6346
7846
2395
6544
7746
3443
4540
7349
3422
2093
7734
6801
7048
4337
5552
4547
4323
3306
3575
4008
5083
7592
6653
2598
3854
7973
7272
2406
6571
2494
5279
6457
4467
6888
6326
7724
7629
3682
3746
3107
4840
5954
7871
4211
7872
2093
7071
2322
6489
4614
7569
6694
3926
5981
2620
2005
3916
7327
6749
5620
4765
4352
3727
6209
2064
2061
4631
4688
5634
2577
4771
4616
3503
5787
2070
7294
6132
7475
2649
3947
7707
4502
3235
2258
7671
6652
4766
5503
5128
3463
6049
6408
6355
3813
6047
4055
3935
4759
2675
4792
3610
7368
5348
7622
3116
4084
5698
6563
4461
4665
7401
5707
2873
6183
5162
6820
5861
2950
4067
5026
4700
6015
6205
3361
5579
5665
6580
4149
5651
4518
2444
5647
2518
3867
4935
5788
3800
2185
7805
3182
5266
3745
3270
4622
3435
6396
6286
2019
3556
2521
6180
5055
4160
4352
6711
7508
3476
3872
3396
2590
6446
7950
2146
2725
2037
4148
5567
4698
3141
5397
2849
7841
4622
7172
7943
3578
7153
5307
4685
6365
5406
5048
2743
3387
6519
6670
5799
4970
7205
2773
7571
3680
2965
4740
7490
3791
3523
5618
6344
3042
6284
7225
3833
7619
2207
3293
2773
6512
6318
2388
4522
7778
6023
3650
2576
3707
2224
3329
7412
4188
7688
2258
4883
3078
3377
3000
4238
5342
7552
6101
5470
7947
2729
5572
6141
3678
2254
7028
4756
6437
3577
6008
3848
5087
7305
4291
4262
3790
5957
7863
3811
2885
5164
7073
4770
3826
2733
4650
7295
6668
2231
5501
3202
7455
6629
2897
6338
2059
2551
4267
3049
6685
5033
3092
2949
7884
7110
4848
3762
4892
3963
3257
5398
5121
3426
7553
3981
6875
4793
6349
7257
5680
3327
3669
5264
2924
3578
3378
6334
5962
7554
6470
2452
4465
4268
4553
2406
3633
2461
7434
6002
3037
3557
4515
6343
5476
6487
2628
7974
6221
2217
5389
3160
6904
5871
3477
4072
5309
6321
4991
6951
6415
5861
3614
6544
6272
4744
3479
4734
3794
5918
2107
4349
3924
6717
2619
3790
4689
4409
6252
6268
5002
2406
5937
3939
3108
7836
6850
2888
4729
7033
3391
3740
3410
6580
4364
3076
2879
5801
5619
3762
4922
2598
6561
5332
3484
2361
2079
7021
6534
4636
3411
3462
7834
5338
5975
4008
3740
2948
4372
3524
5527
5647
4638
7893
3472
5936
3357
4480
2658
5422
5891
5160
6656
5057
6095
7764
6917
5206
4021
2863
5646
5477
4604
4656
2641
6552
5967
5425
7284
7726
2038
3399
7424
3274
5222
4590
6707
5676
4686
5794
5696
4651
3397
2810
5659
3614
2189
3147
7303
7070
5991
3890
7924
2792
2017
5635
7493
3575
6637
3033
4080
5593
5210
3470
3705
4588
3185
6984
2414
2875
4316
2103
2976
6683
6540
2914
6671
4309
5099
5814
4444
5867
2262
3399
3459
5070
7986
2719
5120
2630
5499
3210
2091
4592
2768
3056
3683
7676
6491
7070
3211
5625
4375
3390
7222
3608
2946
4289
5404
6948
2809
6110
6513
6930
5400
4382
7196
2187
2854
2112
5869
3166
6649
4013
5992
2155
2317
3432
3622
2002
4530
3918
3432
5652
5215
4979
5782
4461
7858
5647
5118
6783
5576
7372
6382
3614
3051
7822
3202
4994
3576
7719
3493
5526
4242
3794
6486
2709
2141
7296
4925
3199
3094
7578
5905
2361
5410
7149
5065
7482
2107
5013
7035
3294
7749
7120
6506
5972
6447
5847
5966
4220
2359
3732
7531
7508
3995
5116
6555
6847
5195
4254
2663
4853
2215
5058
2415
7128
4900
5974
7572
7095
2888
6928
4711
3077
6323
4717
6220
2229
2968
7728
3068
3411
6913
7527
7712
6932
3603
6042
5254
3076
3105
2964
3830
2109
3486
6540
3303
5593
3991
7256
3617
2794
6691
2795
4963
4018
3775
7223
7807
3947
2820
5521
5043
2643
7208
7518
4733
5850
5757
6343
3455
2841
2476
3848
4557
3540
5104
7319
7183
5736
5749
5757
2234
3245
2711
6679
7788
2697
6709
6803
4528
5347
2413
5841
2864
2744
2736
5779
5957
6987
2542
4674
5752
3018
5128
4397
2388
3664
3549
2633
4248
3464
3169
3072
4072
2670
5879
3757
3632
5888
3284
4658
2766
2935
2270
5677
2432
6390
3761
4014
5166
3932
5988
6479
6312
5822
7688
6262
4838
2510
3441
7283
7412
5289
7331
5930
2852
4666
6296
4542
5371
3588
4537
5413
4016
5142
5753
3535
5152
4239
3985
5413
3205
5775
2161
6004
2078
2322
4476
2881
7972
7863
7297
3061
4226
5007
5734
5962
3331
6521
4131
7014
7588
3700
6457
3457
3387
7343
2462
3561
2285
2546
5273
4434
2594
3938
5538
2696
6673
5344
4242
5459
5273
3527
5140
7979
5093
2428
5493
2835
3144
7169
2766
2652
6619
3396
3779
7563
2250
7099
6393
4413
6220
7034
4454
5922
4754
4392
4827
6694
7613
4264
7592
6095
2874
5401
4200
6702
7084
4935
6148
2139
6144
2268
2442
5947
5090
6982
4527
3493
5006
2805
7061
6230
6797
7248
7734
3620
4260
5687
6325
7673
5342
5514
4751
2818
5951
3930
3552
7189
3266
6761
5136
4161
5816
6472
6238
7736
2916
3380
2334
6174
2400
2673
5064
5264
6589
2204
3544
3788
3468
2368
6697
7152
2909
2733
3899
7391
4814
4132
7011
2784
6329
5066
3490
5261
3584
7413
7530
6621
3716
3621
7274
6162
4230
6059
5712
5997
4422
6300
3393
7306
3888
7842
4685
5912
2584
4637
3952
6796
6053
3516
7724
3683
2629
3016
4475
3333
2778
4983
5893
6917
2149
5636
2782
6153
7348
2839
4245
7904
3937
7770
5706
6453
5884
6832
3134
7585
4934
4030
5155
6393
7763
2091
7695
3555
3982
6143
7314
2718
2713
2443
7906
4308
5182
2112
7681
2098
2463
2838
6461
6807
6351
4249
3207
4618
7791
6939
7963
3522
7594
7665
7548
2671
3094
6924
3073
7245
6831
6085
2882
6099
7439
4157
2889
6566
6310
7177
6376
3429
4681
2760
6541
6649
6843
5835
6932
2784
4991
5600
5467
2139
4768
2052
3150
6703
3233
7546
2026
3252
3484
2624
2258
7785
6781
2861
4824
3224
4540
2343
2583
5714
2806
6716
5048
7316
2796
4335
2556
5246
2251
4132
2290
7461
2443
6656
6681
6317
4492
3118
7731
7698
6876
4293
6373
7788
2924
4185
3822
6312
6898
5548
3947
2073
4196
6636
6378
2006
7204
6030
3260
5042
7410
4121
5924
4471
6505
3270
4248
4645
3774
2711
6990
3675
7936
2907
3428
2164
5939
7336
3909
3877
5107
2190
4039
2726
6286
2432
4097
4572
5180
5547
4168
5696
4411
5359
6027
7144
3817
3184
3338
4927
6791
4802
6805
2900
4189
3382
2726
7214
7435
7404
4380
3548
7946
5965
4234
2289
3669
5904
5665
4039
5549
2045
6246
4968
4573
3108
2111
6083
3986
5800
5566
6638
2339
7414
4324
4300
7404
3497
7264
4595
6456
4000
6508
2300
6004
6981
2739
2201
4310
3381
4312
6205
3912
3072
4452
2189
5828
7829
2299
2572
7723
2321
5300
6206
5832
2933
6726
4668
5218
6706
4417
7183
4665
6826
7674
5995
4677
7277
2347
7768
6570
3267
5027
7476
3743
7562
2373
6516
5014
7691
2396
4567
2484
3537
6878
4251
4372
7291
4707
7963
4467
7449
5548
4190
3003
3873
2896
2762
2226
5135
6856
3296
3234
2399
5019
3547
6514
2359
4241
5484
3904
7965
4488
4548
2661
7472
2985
4615
4044
7075
6537
4587
2026
6880
7528
5379
6015
5304
3061
4608
7265
3032
6263
5418
3915
5473
4024
3234
5466
5260
2473
3337
3607
3757
6472
5368
4583
4465
3149
5682
6041
7398
3159
5132
6079
4229
2053
4445
3252
4537
6734
3029
3978
4149
7230
6807
2165
4911
7011
2438
2096
2161
6101
7697
4078
3990
6284
4847
3744
5309
6992
6915
7342
2020
7737
2579
5060
4361
4354
2928
6030
7969
2692
6734
6437
6910
2671
2139
2952
3058
6462
6860
7887
7569
7525
5881
7202
7249
5889
3174
2648
6617
7250
5377
5846
3106
6913
2943
7109
3060
7093
2260
7508
6407
7048
5283
7958
5766
2504
2199
7406
2280
6052
2380
7041
7362
4020
3225
2789
6808
6457
3420
7448
5655
4728
4592
3006
5166
6209
2833
3763
7258
2538
4253
6843
6507
4373
6677
7860
5759
5581
2265
3980
7459
2061
2858
6035
7305
3203
5257
2648
3978
6404
7118
3525
3641
3483
6309
2405
7570
2016
2540
2164
6406
4171
6358
2160
2768
3939
6987
2576
3568
7838
6701
4595
7152
3859
6017
6223
7083
7335
2098
3971
4429
3950
4809
5822
3144
7733
2296
4424
2500
3928
5698
2587
5672
4933
7969
4059
5348
2538
6731
6781
6072
2544
4389
2567
5936
2790
5105
5790
4068
5027
2806
3472
7942
3946
4852
3600
2754
5204
5502
2591
5390
3675
6001
4260
5335
2743
3677
6188
5563
6299
2919
4234
4231
5760
7060
6968
4194
7809
4509
4587
6275
5975
3045
5755
4947
7099
5470
7694
2950
3389
5963
4750
3840
3080
4596
2797
3738
7550
3525
5060
5504
3335
4999
3201
6021
3384
7079
3313
6612
2004
7165
6884
3625
4043
4990
6171
7041
4671
3671
6103
7262
5549
5109
6572
4615
2939
6436
7895
6897
4547
4159
7338
4429
3283
3098
3177
7147
3772
7487
2708
3791
5521
4310
4438
6905
3948
7995
6039
2145
7597
4605
2606
4758
4527
5252
2698
7545
6104
4797
4293
3451
3004
4598
4854
4478
3101
3360
4066
7498
4792
5691
2561
2072
2652
2608
4182
4571
2311
6926
3207
2396
7415
2632
7932
6941
4597
3680
6254
5307
6317
3855
6667
6114
5365
3570
4594
7570
7186
2837
3102
3313
4205
4234
4497
5134
7870
3505
5398
6201
2437
2641
5621
4985
4033
7898
4876
6229
4533
4095
3551
4977
6742
3881
5185
2572
6241
3033
3744
3830
6506
2550
2041
5173
7541
3852
3080
6050
6714
3900
6659
3438
5909
3797
2602
2931
6584
2111
2819
3163
5712
5349
5159
4679
3533
6195
4905
3421
2227
2902
4340
3398
6465
2390
3401
4332
5760
7125
5802
5712
2809
6942
4411
4299
2397
6263
5535
5233
3590
6684
4262
6427
7263
4212
2782
3412
6744
5361
4984
2801
2183
5194
4050
5243
2374
5489
2139
7156
5805
2838
2037
4754
4666
3089
3051
7152
6185
7307
5151
4659
2382
3657
4485
6897
3786
2030
5775
3749
3666
3787
4956
3652
3230
5898
2199
2376
5875
2200
7757
4607
4758
7488
6507
6033
7088
4956
2831
3976
3520
2248
3279
3641
2919
2765
2192
7533
4758
4471
7331
7501
7416
4187
4659
6003
2575
6121
2239
2781
3429
3529
6602
6208
4931
6591
4550
6513
4148
3735
7402
4942
