4500
2465
4000
5377
2779
6196
6863
2725
2365
2841
3360
7263
3909
7078
4241
2808
7713
2459
3855
5230
3938
5472
4355
4573
2115
7622
4925
7113
7758
2809
3704
3567
7408
2622
2281
5829
5843
6686
5832
6532
7363
7287
3445
4316
4250
3773
7178
6392
7384
2407
3445
6634
4847
7884
2269
6300
3588
5030
6680
7149
5793
5695
2131
3701
3210
6270
7269
3395
4195
3238
2449
5941
3053
3065
7154
2807
5333
6008
3237
2018
2503
2908
6183
6581
5109
7584
4103
2111
7135
2244
4587
4469
7858
7126
6315
3543
4921
4352
2219
2373
6260
3576
5913
7323
7046
4216
2145
2857
4667
6930
2175
5984
3864
5997
7711
7876
4795
5878
2904
4215
7232
6243
5209
3206
7499
2282
7838
6191
5407
7276
7026
5628
6626
6791
3702
2426
6168
5472
7727
4644
3391
6452
2711
4258
2192
5326
6208
6868
6051
3099
7894
2857
6682
7020
5950
6726
7501
3474
5536
7061
7745
5209
3840
6194
6366
7309
3863
4172
6906
6920
3347
2257
4406
6112
6251
6876
4932
4842
7340
7002
3715
6770
5441
6525
6628
2039
2541
3175
6495
7556
4136
7282
6026
5426
3685
3108
3525
3414
4589
6167
5459
6784
4491
3171
6015
5116
7600
6566
6855
7687
2038
3616
2411
4613
7094
3378
6877
4983
5595
5933
7711
7226
3075
4044
6298
5288
7792
4196
4080
4128
4644
6791
7872
2067
4443
3378
2368
2821
7265
5413
3723
5380
5636
6011
2465
2165
3262
3813
3503
7121
2877
2037
6462
3505
3552
3770
7279
6451
4522
7102
6385
3159
7090
7512
3117
5966
5601
5916
3740
3592
3918
2964
5827
5919
4154
4735
2453
5772
2102
3723
3692
4686
5221
6536
6561
5034
5247
4608
4526
2531
7555
5372
6281
4123
7980
2309
2937
6332
7967
4035
2407
2541
6323
4122
7850
3881
7900
6951
4387
4394
6200
2658
4911
4627
4137
2619
6288
3781
3205
2890
5300
5612
2646
4701
7838
2951
7549
3581
4018
7989
6317
6250
5989
3909
3386
5198
6338
2883
4553
5358
2966
5666
4829
5234
5509
5514
3234
6936
2512
3634
2127
5107
5819
7045
4239
5806
3018
2483
6887
4978
5487
5136
4246
4900
7237
4528
5202
7218
3106
3508
4316
5813
2980
2000
7579
4131
3607
7738
4167
4533
4554
2394
2190
5094
7721
7500
4764
5658
2727
7504
3471
4909
3542
2958
4302
7239
3031
6986
4519
6926
7000
5724
5835
5013
5699
3902
5560
2757
2318
4002
3603
3337
4438
4517
2979
3115
5225
4896
4141
5214
3483
7058
6500
4892
3327
4543
4646
2770
5243
7911
3686
7726
5571
3295
2004
4489
5537
3423
3414
3436
2738
6019
6614
6089
5146
7251
6586
3988
5209
2772
2086
2574
5960
2894
4535
5039
3725
6705
4214
3846
4812
3599
3790
4482
6699
4929
6936
6911
3329
6004
4376
7833
2455
5884
5764
3354
2593
3902
4023
3123
4971
3952
6445
7045
5482
2930
2060
6656
3594
6139
2072
4219
4642
7941
4116
3121
7704
5711
3921
3065
7767
2410
6949
5094
2632
3572
2649
3232
5032
4609
7420
6099
3510
7804
6488
3798
2362
6005
3122
2211
4462
6472
6118
6362
3773
2481
2181
7485
6532
7434
6170
5389
5656
5019
6365
3274
7724
6992
2578
3193
4634
2462
6641
5746
7341
4549
3594
2862
6829
4610
6748
3644
3888
6134
6826
7274
7605
2575
7056
6652
5682
4331
6487
5595
7256
6843
7430
3642
5780
6314
3033
2344
5620
3320
6556
7899
7623
6443
6157
2230
5396
3526
4089
2033
4478
2102
3986
2698
6818
6962
3534
6014
5448
7196
6313
5096
6488
6399
5065
2503
6824
2345
5643
2600
6666
5386
4280
2067
2303
2817
2313
6767
2759
4105
3261
6822
2763
2141
6004
7644
5779
5091
3727
3348
2138
3894
4718
7302
2869
6991
7440
7486
5216
7509
4501
3474
7517
7188
3050
7363
6127
6854
3154
7455
4356
3926
5185
5682
6743
6533
7461
2581
4900
2083
2141
3721
3623
5976
4168
7645
3179
2606
2974
4685
5557
7831
2758
7330
6401
6817
3628
7223
3508
2817
5400
3694
3021
4739
5009
7693
7793
3309
4538
5443
4819
2086
3324
4319
5419
3176
5912
7511
2005
4422
5577
4942
4546
4747
2863
6061
3050
6203
3606
3876
5343
5624
6402
3502
7924
7195
3467
7732
3947
7937
6423
3888
2224
6552
3305
7987
3248
5261
4498
3228
2085
2752
5266
6220
3965
7950
3066
3267
3601
4937
6373
4456
7640
7830
2987
7891
5819
5903
5909
7734
4581
2041
4358
3196
7723
4075
3531
6782
3441
5619
3771
2876
5217
4790
4643
2311
3092
2742
5925
3875
5611
3233
7517
4387
2817
5041
4926
6677
5317
2756
3107
7023
7412
4107
3989
3586
2022
6498
4236
3522
3762
4865
6302
7247
7003
6282
7219
2814
6852
3497
7955
4454
5145
2152
7832
7006
3719
3651
4467
3243
7953
5671
7897
2073
7590
2075
3658
2368
6488
2836
7391
2808
5851
7046
7231
2159
2909
2098
7333
4826
3316
2596
7044
7681
4604
4162
5600
7372
7761
2882
6641
3574
6832
6645
5017
4710
3397
3010
7958
6329
2448
2815
3993
6213
4588
7704
5698
6068
7402
3461
4631
2909
2061
2399
2234
5228
4482
5269
3350
7220
5935
3141
2353
2129
3410
5976
5195
3792
2366
2581
7492
7496
2148
2329
4157
7540
7452
6057
2160
7065
4774
3294
4404
7771
2269
3830
5241
4464
7422
7432
7290
3359
6209
4022
2124
4034
7279
6360
4511
5281
3396
7611
6823
4524
6083
2340
2462
5538
7352
5987
3767
6234
6855
5877
2052
6039
4746
3965
3072
2908
5412
4864
6628
4901
3780
3152
2268
3679
2630
3620
5601
5166
5557
5311
2375
4861
5692
4009
3017
2329
7614
7882
7666
3171
7463
2992
2176
7924
6007
4112
4235
2762
2431
7570
4717
2205
3319
4894
4828
2919
2921
2319
3400
4301
4014
7731
4893
4419
6494
6679
3728
2550
4602
6508
6099
5054
7313
7365
4369
4157
6638
5585
2966
6308
6007
5893
3004
2298
4167
4456
3275
4084
3140
3054
2428
7928
2725
2565
4550
6913
2915
3268
2733
2442
2713
7500
4134
7254
2222
2599
3981
2653
2382
4281
4859
2314
3824
7190
5220
3664
5372
6958
6697
3442
6071
4522
4921
7579
2049
4038
6896
2169
3757
3453
2546
3917
2475
2857
3619
5787
3021
6230
4614
7972
7971
2898
5869
5365
3913
5835
4216
6484
2759
7643
3797
6989
2462
4333
2640
6135
7140
4023
3673
6837
7477
7208
3976
3264
4025
6693
5281
3893
2065
4665
2837
2438
7495
3526
7551
5210
4421
2115
3352
2364
6871
7926
3323
2138
5692
6807
6214
3121
5354
2901
4555
4705
7559
2678
2300
2597
4832
2944
2134
3149
5594
4469
7277
5455
7667
5153
7206
5396
4322
6391
6163
3580
6709
3410
4004
3766
6618
2795
6833
2252
5502
4753
3343
2707
2259
2670
3210
7686
3725
2281
2481
3419
2798
3333
5880
2500
5229
5250
3174
7779
5226
5139
2915
7356
6496
6046
4876
3700
5477
6930
6556
5822
2533
5962
2185
6798
3999
5983
5099
3461
4731
5878
3632
7663
2429
3738
4143
3488
2744
2890
6038
3579
6213
4587
5005
7114
5051
4988
2758
2646
4583
2005
2036
2607
3981
4054
6978
6082
3938
4173
6759
7345
2125
3541
6820
3313
4660
7145
4495
6518
5568
2837
3858
2921
3343
7955
4492
4439
7713
3129
7758
7334
3393
7595
4820
2940
6941
6786
2989
3954
4574
2789
6776
7055
7910
4507
6786
4162
2131
3049
5181
3896
7721
6058
4925
3851
4713
5583
7450
2217
3814
4167
6626
6820
6789
7820
2899
6379
4805
3285
6212
4571
2862
5285
6856
2005
3982
7232
6923
2254
6089
2930
7642
5801
6006
3111
7128
4587
5581
6375
7971
2499
2635
3855
7680
7096
4426
4689
6060
4007
6080
5918
7324
2337
5062
2952
3175
7741
6856
2116
5079
6418
2000
2686
7070
7245
4301
6913
2741
2062
5388
2480
4829
2993
5617
4314
3416
2956
5790
3690
3191
6582
5845
4179
2004
5125
3616
4969
5595
7496
7617
4150
5604
5509
5322
7945
6532
5579
6090
5129
5562
4144
3544
4041
7970
5943
2263
5283
7696
7876
2484
3151
4617
3302
4296
2161
6452
3100
5722
4025
3815
3124
6447
5055
4750
3367
6492
2489
7555
6455
3026
5430
7339
4039
6240
2841
3948
6833
6917
5458
4911
2863
6478
2836
6639
2961
2938
4912
7888
2513
5864
7419
6692
3971
3037
7251
4021
4552
6729
5266
6136
6180
7737
4891
7619
5777
7222
7700
3846
7836
4164
3269
7465
4308
7907
2108
2334
7378
4231
5860
2114
5449
6050
6575
5423
7203
7088
3537
5651
6295
2935
3605
3301
2780
4056
7140
6038
7418
3315
5934
2166
4996
5485
7717
7982
6679
6434
2423
5446
4024
2450
3071
3061
5670
6984
5125
7168
5418
4654
6586
5367
6848
6775
7694
3057
5163
2435
2475
2910
4376
2950
2926
4670
5609
4859
2086
6976
5941
3980
3211
7363
2773
3003
2905
2048
2035
4434
5334
2516
7474
6857
5976
2735
7748
6532
7013
4062
2297
2434
5570
7729
6103
5849
5533
7132
2473
6524
2076
7628
3084
4964
5692
3151
6806
5296
4106
5889
3667
2200
2627
6591
4602
4522
6699
5136
7183
4824
3684
7209
3288
7506
2025
7613
4904
6266
4453
2973
4045
7744
3297
6498
4159
2391
4972
3255
7892
7066
7439
5005
2084
6291
7768
3262
2724
4409
5127
2266
5712
3596
2697
7100
7501
7759
2556
5825
7700
3151
2765
6174
4265
2906
5223
2698
5602
5428
2195
2188
4370
5677
2343
3574
3592
6051
2887
4518
2835
7391
2175
4520
7960
7364
4871
7779
5473
4197
7631
4046
7241
2584
7836
7206
2908
2989
6879
7161
5684
7111
6454
5717
2595
2909
4792
2176
4560
5973
3900
5343
6745
4240
4650
4463
5100
6501
3432
7222
3025
6287
3611
4881
6144
4845
6131
7075
5405
6095
5389
2411
6871
7859
5699
3136
4173
6334
7496
7377
2975
4727
4976
4286
5032
4668
4767
4680
5207
5789
4266
7990
2930
3629
2793
3415
2063
2428
5155
5154
5667
6564
5640
3472
7036
4841
5006
3080
5462
7731
4419
3224
2215
6709
2017
5381
4704
2735
2271
7714
4463
6923
2261
3003
7408
4544
6164
4266
5558
6085
6684
6600
2773
7340
3018
4897
2055
3151
3365
2243
7727
3253
5840
6045
6461
2626
7828
4658
4800
5099
6981
4011
7587
7851
2967
4616
7854
6013
5656
2865
6216
7043
4558
5880
7190
3780
7861
5606
2930
5007
7397
3300
5294
4009
4118
2098
3221
3418
5093
4103
7708
4824
6552
4275
3783
4757
3892
7409
7988
7435
7003
2435
4386
3384
3452
3903
4908
2850
3922
4024
4098
7583
5991
6960
7573
6192
4465
4567
2423
4211
6981
2976
7904
6872
3445
5372
4997
3075
6373
5516
4010
2319
3259
2755
7879
7881
4868
4895
2915
3919
2795
7411
2247
5299
4149
4976
7640
2617
2301
5757
5108
5921
2903
7993
4415
7550
3372
3424
6291
4160
4726
2487
7081
5431
4134
7180
6006
2342
5842
5994
2587
6053
5611
2917
2740
6132
7906
7333
5300
2744
5034
6316
5815
5058
6700
3013
3618
7085
5036
3360
3869
4325
7863
4080
6191
3813
7375
2797
2285
6967
3922
4370
2126
3952
4855
2419
7946
3241
3175
3137
4386
6029
7956
5790
7143
3551
5232
4519
3983
2452
6980
2099
7017
4150
5725
2112
2385
5934
6165
7711
7993
6614
2712
5786
6319
4796
3347
2057
3959
7698
7888
4971
4698
4828
2211
2543
2863
3236
2652
5068
3971
6952
2339
6382
2827
2112
2074
2114
6262
7586
2435
2951
2938
5550
6450
5187
2733
7694
3469
5007
5274
6070
5586
2762
5749
3524
6327
7600
4347
2849
7370
2481
2993
6910
7336
4426
2169
6772
6337
2920
4072
7551
3888
5785
3477
2835
6474
5545
7706
4675
7975
7783
5530
3144
7704
2114
7838
4492
7117
2887
7938
6529
5734
7091
2377
6386
5999
7494
5349
6385
6162
4236
3301
4784
3441
5240
3767
7116
2730
6654
3784
5519
3566
4262
6651
3012
4551
6122
4157
6031
3342
6799
2669
6110
7517
3225
7349
6593
5955
2256
3500
7999
6958
3070
6488
3078
4153
5717
6482
3056
5301
3024
7426
4671
2628
5726
4128
7115
3798
2439
5502
4546
4349
6326
5837
7343
7375
4688
6142
6171
4198
5377
6238
5172
2473
7060
4280
4899
2821
6782
4974
4974
3246
5378
3096
3096
4598
6703
6913
7909
2092
2208
6242
5960
3396
5357
6294
3563
4276
4231
5514
3413
6039
6806
5269
5942
7238
7403
7613
6298
6268
7252
3083
2831
3414
5092
5480
4573
3095
3475
4428
5568
6814
3113
7757
7669
2793
5746
2124
7669
3729
3964
2906
6022
4495
2878
4468
5560
5259
2968
4898
6875
2059
3345
4482
6325
7563
4052
7276
6054
4112
4889
4553
7145
7247
7705
6065
2360
7099
4908
4621
4159
4254
6481
3287
6441
3865
5597
5832
7575
4900
4971
7094
3359
7944
7095
2941
5454
3373
6440
7963
2925
5808
3365
2561
6324
6433
6415
6928
3223
2059
3173
7619
2822
4133
3729
3589
5736
3992
4907
4805
7347
2651
4835
5906
5406
7523
4911
2945
2041
6308
7049
3271
5685
4834
7748
7218
4507
2760
5407
4205
6976
5335
4879
6774
3406
4979
2716
3138
7071
2294
7347
4953
6844
4080
3946
5657
4139
3513
3154
6562
7345
2034
4330
4246
4999
4575
5459
6219
5642
6832
2596
6023
5396
6473
4921
4047
4378
5976
6763
4990
7027
7747
3563
5852
3147
4694
2235
2239
3398
2635
7763
2523
6568
6425
3206
2079
6283
6738
4651
3201
2708
5541
5204
4557
2218
5396
7840
6578
5154
7161
7571
7315
4870
3237
6303
3756
3064
5440
4178
6855
4203
4875
4894
4943
3305
5560
3932
5813
3044
4301
7786
2156
7734
4678
5986
4627
3573
5062
3600
3957
4276
6296
4997
3151
4249
3115
2160
7227
3096
6305
6042
4232
6025
7055
6633
2797
4441
7664
4175
6165
7280
3067
6605
3487
2863
2035
3748
3171
4718
3254
7998
3233
6706
6332
5532
2641
3580
4563
6237
7984
6776
6553
4602
6389
6431
2963
2368
7122
4487
7734
4589
3028
7732
3481
6689
3237
5238
5537
3191
5358
3074
7129
7227
5788
4137
6310
6083
5834
2977
2831
7503
6682
7796
3655
7422
7498
5209
3988
5723
6553
5116
7028
7309
4353
3951
7971
6036
6067
4488
3249
6800
4293
5801
5361
7979
5193
4654
7103
2470
3360
2580
7637
6969
7309
7897
2198
3716
5035
3587
4566
2006
5257
3373
3838
5399
6837
2691
3509
6685
2369
4142
5933
7967
7045
5764
7394
3873
5490
5832
2620
3272
7977
7802
5344
6569
3175
3900
3542
7293
3038
7629
4870
6249
2951
2949
4531
6453
7981
5421
2062
6631
3381
5230
7169
5444
6847
5569
4029
5632
5516
5836
4546
4654
6607
7117
4686
3384
2627
6459
7756
4730
5780
3306
6033
3916
5193
2328
2924
4129
6031
7454
4765
6333
4769
3212
2786
6586
2834
2346
6313
3717
7604
2689
2902
6349
5865
6103
4146
3551
3833
6965
6609
7386
5096
3919
7046
2391
4726
3691
6818
3585
2443
7885
5325
7344
2270
3516
4697
5871
6543
5925
6411
7925
6515
4172
6960
4476
7668
4018
3044
2770
5313
5990
3589
3081
3341
3143
6947
2554
4034
3379
2694
3243
4665
3000
6431
6680
7390
3557
3758
3137
3808
7016
4459
5900
3294
7739
6225
6646
5771
5099
5114
2527
5672
6572
6338
5342
3740
2821
3217
3972
2899
7602
4204
4424
2907
3854
4342
2679
4397
4186
6933
2504
5141
3732
5786
6753
5279
6207
4839
6371
2632
6923
4959
6171
2367
4263
6016
5858
7046
5362
5687
7733
4685
4847
6544
2656
7948
3177
3479
7496
6617
6972
2601
5359
6285
5195
2242
5687
2441
5893
3614
4239
2603
5472
6547
7765
2786
2046
2647
7210
5883
6961
3517
5742
2205
7036
6475
3935
2356
6684
4242
5340
6151
3775
3009
5744
6770
4681
6487
6733
6398
7319
2055
4008
5692
7727
5128
6022
2799
3175
3672
6784
2352
2544
5882
6507
3667
7418
6663
4566
7405
6427
5771
3732
4701
7648
7465
4047
7750
3393
4727
5408
7148
7404
2239
3503
2500
5144
7810
3382
2319
7882
5999
3503
2004
2282
4227
3891
4723
5841
7561
3432
4660
2814
2021
2851
6748
4206
7016
3568
6227
4753
7076
2861
7762
5939
5925
4832
3827
6533
5616
2988
3430
5605
7638
3829
6618
3395
4499
2707
2007
5286
5161
7130
6058
4677
2565
7331
4817
2289
2890
4747
4309
5955
3461
5073
3756
4334
7274
2993
2831
3523
3418
5286
6605
3495
2288
5082
6977
4320
3255
7084
7214
5615
2909
7878
6908
3282
6239
4197
3999
6393
2306
3450
4583
4057
3018
2231
6696
6792
3311
2702
7847
3060
5476
5794
5148
5564
5626
6449
6336
6346
3498
4555
7993
2865
7916
6449
7134
6782
2592
4397
2503
3550
3333
3616
7826
4050
7348
6597
7560
7480
7626
5606
4729
3486
6110
2442
4619
2373
6249
5308
4140
3040
5643
5485
3441
2338
3397
7846
2707
2333
5341
6267
4662
2455
3527
6549
6782
7166
4847
6476
5488
2977
3727
5077
7460
7944
5476
3399
2978
5405
2341
5649
3790
2213
7055
2820
3684
5697
3441
2820
3913
4567
3439
6618
5397
2777
2253
3785
3181
6456
5001
2251
4426
7158
6770
3624
5457
2793
6991
6047
6482
4495
7023
4388
5301
5166
2094
5309
7642
5537
2296
4167
5183
4624
6699
3119
6691
7388
6874
5256
6444
3637
2963
5040
5509
4257
7898
4242
7940
7399
4505
2722
2279
5738
7721
5139
4178
4984
2167
5905
2558
6112
4846
4056
2568
5896
5983
4653
3862
4824
5883
5342
3006
2925
5403
2703
2609
4273
2274
3439
7376
7336
4552
4017
4988
4680
3891
6229
7142
3783
4213
2063
4602
7313
4401
4233
2710
7106
5971
6898
5726
7633
6310
3136
3600
4884
3984
4226
6728
5227
3941
7858
5299
2083
3920
5113
7329
3457
6233
4291
6682
7249
4373
7532
5819
6462
3409
7546
5587
5731
3821
7630
2827
6661
2629
2748
7258
5536
7107
5054
4840
6898
3806
4008
2383
6442
5528
6391
5000
4414
2750
4119
6746
4424
4005
2214
7638
7748
5541
4624
4091
7000
2330
2431
2271
4593
7839
4036
4687
4568
2500
3982
5859
6118
3237
6129
2919
5078
7233
4523
4332
5113
2192
6278
4355
5164
2627
4359
2026
4228
5852
2604
2088
4138
6813
7172
7629
5341
2967
7050
2338
2643
2458
6129
4467
4938
6266
2056
7087
3208
2397
4669
3178
7076
6187
4235
5125
2601
2194
5232
4258
6063
2729
4243
4471
4562
3397
2183
4564
4681
3434
4797
2412
3988
5929
3553
4752
5168
5913
6051
2637
6875
7170
2706
5495
2222
2119
3204
6456
7161
4743
2129
6885
6045
3891
4103
5835
2053
6958
6938
5539
2852
3250
3987
6904
3795
4027
5071
4939
4235
5955
5958
2727
2808
7545
5730
7557
6847
2111
7344
2180
3930
5613
2863
4231
4342
2366
7587
7541
3044
4840
3632
3399
3969
4980
4509
6037
3473
5688
2368
7629
3114
6649
3007
6936
2310
7966
2471
3204
3009
2949
6366
6118
4169
4994
2547
4892
5557
2047
4308
7081
7645
2108
3096
3786
4884
7976
2063
2064
3246
4297
3987
6030
2284
5894
2200
4270
2083
2432
3772
5854
2746
7795
7107
3393
5555
5896
3603
3875
4732
3517
7280
6128
3520
2219
6240
3207
7975
2952
2760
4752
4214
7683
2361
3793
3813
7755
3991
6610
4112
4020
3372
7839
6238
4735
2244
2325
4015
6994
7460
2220
7132
5626
7293
6882
6398
4753
4660
7460
4031
4038
5898
5018
7553
6688
3717
4894
4343
6905
5880
2378
6829
2828
2486
6299
7410
2651
2847
6386
5387
7726
7319
2437
2181
2848
5434
2644
7012
4419
3590
7150
4845
3486
4011
3955
7397
5472
4361
5851
7724
4322
5732
2631
5543
4250
6641
5581
2840
5644
7850
3821
7794
4474
4549
7440
4842
3349
2649
7771
4288
3003
7530
6786
4072
3359
5986
7870
5404
3241
4619
3696
3422
2841
5273
3533
5103
4964
7886
2922
2795
6029
4660
2009
7780
5856
7252
3533
7473
7303
3852
4089
2840
6778
5201
2473
7920
5863
3739
2403
3550
4558
2633
4708
2285
5835
2280
2666
2116
6626
6827
3207
4733
5753
3664
4375
4974
3265
5407
2551
3299
3271
5879
4913
2405
7438
6092
4652
5439
5838
2664
2564
2847
6652
6422
4316
3206
5267
5398
2761
3218
4655
7150
3418
4920
7867
6212
3634
2423
3265
2236
2911
2684
4970
6287
6525
4981
2814
7381
3374
4621
4851
2383
4741
3570
2554
7681
6546
7099
6693
5177
4231
2676
6585
5866
4188
3215
4945
3452
2679
3318
6881
6129
2818
4173
3300
3681
2324
7067
3642
5751
5951
3870
6505
6206
7721
4316
3334
2004
2923
7673
6478
3546
5038
7062
3652
2311
4621
2324
3932
7771
7167
3356
4740
3046
3277
7747
4239
5210
3914
2246
2314
4567
4821
4073
5191
6269
3999
7998
5120
5475
3871
4056
7101
5328
4568
5324
4331
7389
5185
4811
2011
2500
2842
4625
6741
3572
4136
4815
5163
3508
5481
7717
7521
3520
5025
4184
3124
4433
5706
3533
5756
4282
5866
2019
4256
7957
3535
7537
5127
4117
6223
2923
2710
4989
5272
5099
7879
3950
3563
7165
7978
6695
5602
6957
3941
4915
6719
7310
3366
4040
4322
4522
6882
2658
2968
2262
5527
3542
3896
7629
5260
3087
2673
6422
2740
4174
3636
6683
5786
7665
5130
6954
3144
2805
5803
4299
5391
3757
6141
3318
6771
5292
6565
6266
7857
4349
5717
7863
3185
7974
7724
2428
3055
5893
4904
5260
5447
2732
3800
4901
4001
7166
2389
6068
2522
7611
5852
5387
3176
5934
2208
6967
2342
3996
2264
2095
5022
7445
5063
4274
2706
2689
4445
4903
2293
3314
7177
2896
6548
2354
6651
6272
5802
4979
5825
3373
5188
4362
4205
4568
6872
7509
2882
6685
4520
5386
7705
3573
7220
4790
6178
2884
2471
3124
3317
4585
5140
5074
6311
3104
6061
2278
3368
5600
6183
4556
5483
5076
5672
4954
4355
5030
6239
7499
2878
2787
4870
5635
5531
5991
6186
7412
7309
3599
4147
3947
2997
3880
5105
3920
2035
7858
5666
2801
4941
3494
6134
3100
6011
2518
2739
5922
5008
7435
2576
3689
3154
4136
3530
2158
7775
6571
6578
3979
3756
4836
4131
5126
5164
4690
7450
7676
6863
2940
7636
5644
5604
2310
3452
4396
3636
5468
5904
2948
2108
2677
2610
6038
3034
4461
2877
7791
7337
7942
7074
6367
4134
3761
2452
5911
5008
2192
5392
5451
4960
4828
3519
4678
5185
5426
5587
7891
3103
4198
6887
3199
5260
7646
6066
4615
4727
2253
4384
6759
6058
2874
7454
3303
6902
3639
6952
3753
3196
7319
6518
2876
3933
6675
5093
5515
3522
7579
3037
6781
4837
3155
6386
7883
3836
4109
7891
7401
4313
2049
5271
2507
3310
3246
2191
4395
7705
4389
4994
7669
3685
2557
4760
4815
5100
3524
4792
6400
5908
3543
3527
7371
5561
4124
7697
2161
7385
4688
7833
2384
5976
7940
6946
4225
4462
2588
7796
2484
6166
4453
3606
6668
6018
3992
3950
4899
4807
7582
2924
3236
3151
3057
3250
2272
7968
7167
5826
3809
6258
6252
5429
6203
4123
3390
3278
4886
2083
3700
2338
2734
3514
3397
2088
5210
6064
3950
5408
2822
2826
7250
2396
6789
4002
2895
3410
6966
2375
4594
3132
4235
7390
4314
2886
2100
3545
5637
2999
2115
5821
4854
4803
7787
5444
3044
3465
2911
4982
7167
4872
4028
3738
7790
5333
7268
5123
4238
5200
6195
6225
7930
7428
5124
4614
5250
4889
2623
2029
2734
2703
3270
3728
7531
4275
2503
6206
2482
3385
6635
7159
7567
7429
4316
7672
4291
5330
5503
5615
6822
6752
4944
2535
6196
7752
6305
7825
6148
4841
7249
7438
7086
6494
5621
6594
4737
7098
2179
6503
4661
7172
2424
3068
6490
4242
2827
4880
5486
4928
3021
5284
7543
6625
5120
7061
6061
7973
4415
6650
5303
4530
4283
5284
7568
4930
6366
5133
6725
2577
7452
4587
6003
7472
3534
2756
3180
7643
2783
6836
6850
4385
6465
7064
2862
5939
5895
7241
7494
4698
6258
7067
3531
3675
2173
3517
2007
7854
6334
3308
2913
2496
7859
4993
2538
2395
4541
3506
3747
7697
3962
2734
4246
5311
2504
3993
4119
2544
4306
2030
6767
3599
6057
5180
4107
7020
2792
6168
6182
4347
5410
3201
5492
7161
5884
3398
6695
2957
3824
7075
4466
3216
3962
4332
2232
5768
7482
4968
6346
2917
5816
2633
7705
3558
7575
5057
2986
2249
2215
3623
2360
6709
2196
5602
4252
7882
3541
6335
5878
6272
3928
5314
7950
2620
6001
3733
2251
2306
7469
2229
2012
3667
4969
3997
2844
3156
4952
7429
3830
2029
4372
4865
6433
6420
5412
3608
5033
3028
7650
6816
4736
6800
7063
7589
7796
3667
7185
6227
5612
4428
3197
5423
4411
7976
3707
4276
6834
4096
6205
4899
2886
7627
6990
2091
2878
3582
5204
5434
6226
6956
3481
4821
2274
6724
4031
7413
3880
2513
2814
4218
4315
3661
6955
2146
6681
6459
2182
7816
7769
6458
2414
4152
7969
6597
4306
5403
2505
2541
5138
2368
5452
6875
4728
6326
6585
2339
5188
3179
4888
7277
7625
2731
6284
3181
3371
5228
7127
5257
6017
3790
4401
6160
3216
4427
6065
4461
2834
6406
6505
2647
3693
3883
2671
6948
5987
5401
6808
5316
2276
2340
6309
3864
2401
3079
4702
3335
4804
5534
6441
6769
4896
5764
2238
7540
4381
7775
3708
3247
2334
2944
4318
4678
7517
3958
3586
6143
4968
3225
5125
7091
7862
6809
3621
6107
5106
2991
7208
2899
2197
6483
2606
5665
6013
3524
6285
7195
5863
4442
6943
7875
2584
5106
4575
4359
5973
5138
2127
5835
4510
5058
5225
3554
7789
7090
3925
4424
7316
6833
3300
6526
2885
6776
3021
2635
4735
3935
5438
6970
7060
3927
3340
4220
6450
7557
2717
7523
5762
2029
2453
3032
2999
2763
5092
3389
3140
3031
4791
2957
2369
4878
5323
3425
7524
7803
6910
3237
2265
5298
4219
5359
6672
5779
6425
2579
5467
7080
6720
2017
5929
4016
4356
2300
5155
3735
7432
2504
2404
2537
5517
5076
3639
4096
7771
4078
5687
4171
2932
5215
5836
7810
6001
2489
7772
2159
5733
3740
5284
4720
5054
6856
3648
7686
7704
5686
2802
3552
5553
4557
6681
3912
4762
4292
5162
3870
7771
6138
6782
6945
7428
3565
5289
5433
3723
6071
3609
7839
6832
6513
7604
3725
7561
6093
5867
2004
2094
7720
3423
4101
7651
6851
3614
3582
4955
2561
6812
6094
6114
4337
4671
5929
5429
5914
4270
6283
7283
3471
2854
2692
5961
2232
6651
6424
6922
2080
3040
4555
4342
7098
6675
6132
2759
6560
2962
2747
5200
5264
4772
5462
6990
3603
6909
2326
6011
3332
5316
3442
3316
6377
2561
4019
7067
2221
2547
6042
7864
5814
7190
4986
5087
6752
4342
2780
4888
4256
3417
7535
6757
5860
3364
5295
7238
4953
5049
4553
2124
5346
5178
2386
7559
5162
3647
2498
7348
2069
3301
4256
6053
3830
4553
2651
6780
2086
6149
4955
2941
6839
5812
3294
4743
5875
4735
4836
3946
