4500
2745
6538
5699
2800
3387
5409
7804
4971
3980
3084
5744
2005
2332
2877
7109
6606
6055
4382
4063
2477
4932
3389
5057
7139
5613
5020
5412
5378
4999
3850
3844
5090
5014
2528
4074
4931
3766
4332
7956
2344
6646
3188
4060
4913
6120
4636
3644
5798
2893
7888
7388
3245
6335
7841
6711
6948
5825
2916
4286
6127
6978
7060
4459
7273
5594
3712
2305
2926
3847
7064
2141
6985
5002
3423
4872
4964
6986
4476
3703
2910
3980
7291
6054
2861
2287
4337
7826
6282
4186
4639
3624
5042
2089
5070
5504
6433
3375
5631
4834
5184
5559
7387
5720
6578
6416
5551
3323
7409
6296
6668
2577
4654
4598
4721
7967
4108
3073
4947
7193
7404
2313
3701
5167
7389
7349
6639
5596
6709
3055
3852
2533
3046
3772
7221
5388
6017
6977
4813
2948
7429
2019
3021
4872
4127
2962
5583
6137
5437
3213
4362
5519
2535
5002
2990
4552
4742
2979
7621
7112
3923
3077
4851
2802
3781
7215
5044
3477
6571
2998
3037
2683
3348
3848
2593
2873
2434
3945
3938
3841
5520
3752
6685
3849
3049
3451
3610
5599
6628
5240
7847
5768
4339
4644
5700
6243
6027
2896
5738
3925
2717
4770
7236
4181
5970
4487
4153
4894
6060
4315
3772
2113
5656
6502
7791
4302
7280
5134
4048
4525
2461
6084
6243
4468
7052
7728
3888
6554
2234
7406
7073
3320
3883
3400
6168
5818
2135
5319
6937
5323
4418
2313
5353
7828
6673
5445
7604
5851
4480
7230
7903
2941
7629
5736
4494
5783
6954
5102
3330
2674
2585
7212
3242
2734
4858
5970
3295
6236
3948
6942
7920
6535
6047
3662
5892
7262
6796
3172
4529
3463
6053
5916
5208
3539
3244
3459
6698
4590
5960
6197
4721
7953
7569
2636
6957
4720
3599
7341
2045
7160
5080
6645
2480
4680
2564
2749
2277
7482
2292
4617
3648
3646
4411
6533
3640
5705
6106
6791
6013
5496
3026
4675
6566
7918
3219
4298
7740
5762
3467
7694
3979
5048
5292
2264
4546
4763
2532
3752
6935
6340
6974
5390
6181
6285
7944
5899
3269
2769
7619
6671
2163
2517
2957
6061
3343
5105
3898
3560
3789
4932
6375
3293
4502
2815
7295
2984
4317
4861
2826
4831
6783
6816
5988
7962
4132
4984
6866
2432
3886
7874
5339
4564
2579
5479
3612
5448
2421
3601
4258
6457
7596
6103
6133
4587
5387
7297
2706
7581
3474
2017
4286
2337
7155
3909
7396
3174
4019
5689
2821
7461
2182
3627
5221
5837
2954
5599
3817
4238
7584
2743
6635
7361
2993
2191
6335
3764
3634
3630
5642
6545
4887
3057
6208
2897
5647
7928
4977
4305
6416
6312
6889
2072
2086
3373
6458
4067
7501
5339
4056
7253
4748
4178
5126
4372
3130
4150
6434
3461
3064
7711
3399
3233
6164
6872
3483
5673
5273
3289
3989
6563
2749
6671
7617
2845
3161
3484
4352
5674
2082
2759
4095
4220
6243
6342
5443
4683
5211
4521
6899
5725
7344
5736
4027
2205
5760
5233
4442
4332
5575
5274
3358
2365
6997
2557
2061
6676
2631
5506
2329
4044
4877
2045
3761
5758
5872
3043
4792
4076
5667
5956
5209
5969
2655
5286
6054
2929
3287
6542
2008
2568
3603
2998
2601
3979
3301
4054
5651
4948
3602
4157
4285
6357
6005
4136
2491
3544
3986
4131
6215
3522
4496
6090
6446
4980
6044
3583
6442
7280
5659
5197
2149
4464
7075
4366
7490
2439
5327
6851
2515
7950
3180
2198
2920
3835
3938
7491
4031
7034
3541
2722
2927
3835
5379
3350
3084
6877
6715
3482
6387
5319
6013
6539
7126
5505
4316
3242
4903
5200
4454
4785
3015
4625
5101
3460
4389
7642
3373
3160
5483
3977
3922
7812
2284
3097
2852
2735
3639
2785
3200
6872
7851
6682
2018
3173
2916
5213
4050
2546
4260
2481
2310
3972
2487
3681
4136
2713
4561
3427
6081
7933
3528
3355
4795
3356
5469
6338
3544
4054
5650
4711
7214
6130
7309
7578
5742
6258
4723
3501
3667
3942
5154
3466
2829
7932
7578
7699
5025
6592
3214
5487
4593
5897
3901
4922
7884
4780
5327
4590
2971
3283
4690
6926
4397
4952
5731
4509
2722
4055
2754
5806
3691
7949
5165
4836
7540
6095
5726
2352
3362
2545
5567
3289
5428
5331
2668
6283
4646
3342
6427
6041
2420
2079
6291
7593
4529
4610
4299
5760
6998
7502
5616
2452
7988
6169
3748
4644
4094
5690
2493
5309
3128
2309
6077
4677
7941
5448
6737
3112
3022
2498
7528
5148
2200
3836
4102
6535
5192
3886
6976
5400
2588
6497
6468
7533
7701
7476
5315
2209
5954
7329
7294
7974
7456
4645
2276
2421
4311
2987
6656
4044
3735
6767
2767
6407
6490
7015
2041
2751
5533
6323
7626
7830
4490
3989
6348
2421
6422
7487
4355
5313
5606
3059
7641
4946
2107
2986
5695
5317
2157
7374
5863
5194
2747
6643
6105
3652
7825
5368
7846
7133
6177
6825
2818
4664
3443
4508
6422
4728
5411
7679
7493
4716
4043
4044
6676
7333
7345
4888
5484
3365
3185
4421
2315
5770
2868
2987
6529
6432
7725
2542
5794
4488
3841
4440
4286
2797
3372
2868
5529
2220
7097
7107
3604
5114
7807
6869
5843
4276
6606
3825
4127
2154
4768
3008
4668
2651
6315
3733
5169
4599
7869
2952
3196
5564
3694
4117
7127
3902
2430
4125
7468
5655
4362
7888
4179
6089
6252
3847
5008
3944
2564
3848
3954
4293
3565
2930
2802
3967
3957
5752
3080
4472
3087
2226
6387
7369
6758
2560
7771
6515
7364
4869
7122
7450
6922
2485
7721
4236
5129
6975
5272
4074
3523
4269
3121
7288
4715
2521
2954
7994
3998
7213
5127
2357
4438
2856
7867
5172
6317
5054
3853
7675
3026
6582
3661
6429
5188
2450
5315
5839
3739
6468
6923
3712
2274
3699
2645
5027
6460
2322
3674
3977
3015
5648
7409
7052
4587
2475
2636
4050
5200
6584
5209
6924
6709
5947
2610
5205
2789
3827
5634
3454
7848
6201
7593
5193
7666
2233
7392
3564
5310
4291
3925
4045
7088
7223
3145
7503
3255
2165
4613
4063
2537
2943
5676
5275
3940
3310
7708
2649
2820
5470
2138
3308
2561
2611
4745
3797
5186
6255
7505
4408
6523
4364
5815
3176
3973
7141
2524
7138
7036
5415
4657
4403
3141
2075
3020
4100
3425
5236
7926
4810
4025
6274
7100
2660
7864
4087
4871
3488
6658
6480
5784
2973
2471
5384
7478
4525
5289
7477
2348
6592
5866
7302
4546
3946
5343
6476
3493
2672
4327
3433
7978
5919
4305
3293
6735
3775
3659
4005
2047
6783
2606
7156
6870
5036
5927
5510
7506
2614
2631
3998
4157
3051
2112
6406
4338
5935
6822
3646
4938
5917
7571
3288
3555
7137
3335
7774
5880
3449
7455
2626
4251
7079
2961
4911
2178
2664
4383
5112
7078
3438
4308
2203
2628
3801
6595
5833
2957
3990
2989
3239
7173
4960
3896
7941
6819
4500
4328
2591
3936
6257
2860
4082
5875
6055
6298
4056
2929
4013
6177
3153
4619
4650
4095
3983
4390
4947
2261
5473
4751
2618
7727
6100
6348
2615
6304
4523
4528
4463
2726
6514
3184
5155
2960
2247
5896
2502
4365
2767
4004
6722
2338
3769
4413
2588
2143
2264
5071
7455
4148
3249
4617
5638
5538
2254
2503
7109
4472
7868
2735
5027
2971
5980
3925
4092
2197
3919
6477
5393
2801
6697
4582
5427
4644
6925
7402
6902
4892
4799
2931
7820
4364
7462
2093
6350
4815
6179
5579
5866
7350
2390
2356
7241
3691
6339
6150
7644
7207
3132
4424
6502
3012
2964
7959
2361
5535
2562
2291
5404
3244
6664
7906
4170
3152
4511
6035
4941
2705
6283
3211
2116
5946
4025
4980
4257
6016
4135
2052
6827
3473
4304
7416
3480
4782
2137
3770
6318
6144
4221
5734
4931
7906
4665
5599
3250
2051
5135
5361
3190
2047
4589
3607
5642
6074
7635
2326
3792
2447
3838
7805
6444
5384
7707
3603
5383
5110
4704
5330
6727
2114
4988
2951
5742
3578
4891
2914
6064
5764
4458
4451
4633
4511
3147
2604
2257
6711
2239
4764
6779
5211
7443
3671
4984
2595
3719
7399
3375
4215
6623
4163
3595
4836
3950
5295
6787
5712
6647
6447
3228
2942
2106
3928
2411
3602
4820
3922
4040
5252
6748
2322
2302
4633
2559
7755
6534
2096
6316
3998
7657
4042
5467
6115
3691
6903
2123
6869
3362
2015
4086
3320
7646
5615
5259
3873
7485
4713
2627
6826
6041
3782
4793
4823
6521
7213
4532
7173
2287
3646
3902
6828
3156
4408
6403
7560
6610
7328
3378
6769
5924
2170
4358
4686
5122
6234
2008
3970
7620
2111
6092
6736
3724
5967
4654
7978
7901
2811
7583
4752
5443
2735
2493
6252
4132
2131
3037
4190
2873
4893
4050
7670
4624
6992
4055
2207
3418
4790
6521
6515
3226
3967
2499
2543
5215
4357
7512
4419
6646
6552
2389
4841
3058
6743
6259
3273
3957
2656
5565
6601
2841
4444
3366
3905
4407
2051
5696
6407
3206
6082
4273
6708
7203
4705
3932
5549
7767
4557
5673
2713
2007
3903
6361
6729
3888
4348
4398
7114
7651
2316
5402
2995
7903
4651
7173
5616
6244
2749
4480
3105
7028
2249
3226
3339
5144
3380
5568
7745
3910
7704
5560
2177
5819
4673
4042
6331
2116
3235
2000
2574
3033
2050
4020
4444
5855
7039
7612
4485
2040
2829
6180
3302
4822
4004
6495
5199
5762
2378
4173
3272
6786
2493
6569
6178
7976
2075
6512
2119
2025
4114
2056
6563
5266
4283
3668
3779
6159
3233
5726
2600
4006
6526
5123
5008
3123
7292
7112
4877
2077
7560
2700
3389
5212
5998
5726
4494
6215
3990
7137
3488
7111
7599
7712
2238
3313
5732
3472
3288
6424
4499
3727
6981
3584
3444
2417
7930
7560
6080
5909
5489
6111
5997
4406
7078
4893
2901
5479
4810
7499
3935
2419
3561
2866
4224
3603
7301
3211
3256
4464
4356
5727
7437
4464
5770
4451
4497
5697
6242
4398
6606
5982
3872
4090
6291
5415
2401
6274
7080
5321
2577
2925
5931
3191
3756
7380
3364
3678
6031
3162
5531
5192
3254
3626
3426
2523
7185
3117
3273
3671
5800
5509
6773
3836
7574
6970
4331
6905
5409
4687
6587
2176
3211
7285
7219
7239
2851
3308
5618
6613
7834
3639
2741
6297
2537
4525
5017
3921
6101
4979
3415
4078
3487
5524
5150
5882
5405
5345
6395
3911
4826
6864
3918
5673
3805
2033
7721
7870
4004
6914
6249
3905
6985
3168
7677
6769
7522
5716
2537
5429
4504
5255
5545
5834
3917
4680
2527
2647
3846
3429
4486
7813
7644
3383
4337
5354
2029
2412
6280
3563
7920
4323
3803
6505
3875
7788
4000
4440
2409
3169
3844
6321
4307
6738
2539
6899
4712
3997
3055
6361
2653
3932
3447
4753
7598
6702
3814
5024
2546
5590
2772
6073
7343
4198
7041
4397
6465
6548
7291
6816
3457
4275
7194
7433
6242
7754
6819
5804
7779
5690
5455
4623
7726
4568
7189
4339
3698
2182
5705
6463
2563
2361
5436
7126
5089
7856
3683
2721
3003
3220
5642
3407
5932
6750
7131
6747
6827
5973
4806
5215
3463
6769
7223
4350
7529
7982
2351
6713
5739
6289
7924
2825
3806
2424
2743
4881
4173
5975
4364
2398
5793
5020
7207
5086
6167
2457
2639
4542
2201
6117
5423
7109
6317
3299
5734
7914
7647
7040
2166
3190
4797
3420
2589
4478
3027
6651
5596
7694
4465
5390
3900
2985
5311
7074
4504
4568
2646
5503
3876
2698
3091
3538
3785
2770
3228
4120
3405
2360
4192
2612
4405
4096
5204
4711
3994
3289
2330
6906
3865
4133
7496
3741
2692
7121
5849
5196
7784
3714
3641
6677
3968
7057
4536
7963
3894
4740
4234
2947
7464
4409
7959
2667
6583
2047
2641
7919
2814
5685
6408
5028
3258
5630
5627
3796
6282
4797
3288
4897
4748
2374
5274
6912
3307
2024
4460
5600
5618
4986
3728
7172
5383
2522
7684
5542
4015
5586
3957
2250
6786
7709
7380
5100
5296
3873
7254
5115
4274
4955
4560
4549
4068
7742
7093
2601
2955
2542
6557
7110
4139
5165
3692
4351
2777
2400
3947
7931
6116
2033
2675
3003
6813
2531
4597
3156
5292
5682
5815
6473
6708
4886
3089
7378
6248
3285
4374
2721
4128
3500
7879
7218
6648
6745
7983
2805
4851
7508
5716
5069
6200
4642
4139
7067
3367
2028
4285
4706
2680
2995
3221
2644
3680
4333
7227
2013
2474
4187
2229
3932
4734
6224
3756
4557
2176
5983
4887
4465
4463
5218
6936
4648
2596
7661
2396
5502
7990
6667
2901
7243
2745
4500
2893
7612
3402
6242
3569
4163
7672
6013
5162
5905
2207
2991
6442
5048
3457
4288
4366
2161
5357
4316
3218
2046
5576
5893
2049
7494
5184
6613
5381
4040
2878
3008
4960
3147
7976
4911
2387
7948
2495
7522
4472
2379
3772
7914
6655
2372
6512
2164
7440
7663
7258
3270
3882
3307
5399
5760
6534
7193
6358
6560
3585
5389
5313
3861
3113
3012
3605
4966
5437
3355
2934
4587
5555
4017
6932
6607
7726
7799
7718
7422
7949
5935
3863
2276
3886
7211
7721
4986
7573
6410
6506
6286
3713
2523
5924
3955
2549
7138
4230
2253
7964
4825
4362
2947
3864
7237
5294
6736
7657
6638
3986
5363
4107
2720
2481
3807
4213
2793
7032
4067
3687
4593
5013
5255
7997
7106
5267
7106
3400
4142
5574
2957
3276
2154
5519
6853
3997
7146
2129
5361
5158
4576
2594
5430
2212
5653
4350
2586
4185
3420
3898
2462
2361
3692
4535
4273
4145
4245
3752
5548
3431
2699
4941
5456
7984
3038
2056
6462
2694
2299
6548
3963
3632
5008
6557
2473
5170
7894
2507
5517
2743
3058
3828
2190
6144
4721
4849
4575
3591
2333
5912
7452
5036
2808
4990
2763
3866
4261
4574
4335
7934
6507
5703
7063
2685
4758
3958
5698
5902
3581
2437
2624
4058
3246
7156
2569
2087
2790
4920
3549
7718
6782
3519
6234
4720
3255
7545
2106
5096
2590
7787
5162
3326
3353
2913
2865
4377
3766
4283
6959
3531
6778
7912
2017
4255
7880
2844
7399
5339
7778
2030
4137
4129
2654
6660
6188
5548
7648
4194
2939
2022
4877
3856
3678
4687
7785
6105
3516
3764
5458
2899
4540
6629
7833
6556
2384
3793
7469
3971
6582
2606
4898
7684
6794
4560
4614
3333
7931
6972
6284
7639
2356
3835
3694
6020
7517
2121
5796
3830
4010
7644
3947
3547
3616
4344
6710
2830
6840
2234
6034
6749
6516
2334
2338
5335
3261
5880
5100
3717
6819
2243
7889
5307
4154
6356
6510
5046
2353
6394
5008
2829
7313
2482
2314
7837
6367
7809
7212
2955
4242
4668
6669
7744
5317
3213
4336
6197
5031
3943
3552
7708
5918
2792
3649
3850
3459
2940
2981
6145
3314
4673
6463
2766
2169
4521
4204
7491
3840
7968
4030
6206
7374
2510
7158
4631
2360
5423
5902
5032
2154
6876
7639
3836
3686
3662
7769
3346
5034
7736
3791
6708
7913
3847
7995
3124
2377
4388
6273
3913
3830
7547
4198
3948
6758
6806
7782
2168
5182
4950
5244
7392
2586
4527
3443
3872
6649
5539
3060
2213
3609
4168
4531
3413
7678
6488
2360
6194
3026
2385
2325
5370
5168
4653
6098
7083
2105
6817
2692
6094
3984
3146
7291
4335
7085
6594
4609
5935
4211
4668
3936
2147
4066
2804
4511
6220
6136
2628
4316
5654
2869
5152
5142
2057
3222
4259
4684
7951
7222
6812
6225
7711
3876
5240
3920
6453
4449
7686
4567
6206
5047
3886
3746
4525
6872
7184
6755
4503
5708
5778
3059
5467
2201
5333
3475
4103
6226
5440
7588
6421
2686
6358
4634
5403
7268
6404
2946
3331
2821
3137
5867
3800
6009
4134
4954
6017
5074
2891
7863
3076
4227
7373
7984
7758
3592
2491
4985
4788
5739
2173
6021
3719
6221
6033
7474
7520
4230
5445
7035
3628
6096
2640
6739
6066
4650
5998
7666
4402
5983
3960
6705
3971
2900
4614
3505
6928
2785
2996
2866
3003
7122
6326
2272
5091
5571
4308
6483
3111
5619
5756
3675
3167
3052
7781
5989
3246
7918
3296
7571
7291
5134
2452
2431
4771
5283
5653
4710
2301
4080
6914
6492
4235
3428
4696
2944
7609
2998
3062
6069
7558
7389
2860
7245
3548
4240
7807
3385
4783
2658
7235
5573
3849
3588
2408
5440
2080
4082
2451
3134
5595
3349
3989
2963
3487
3840
7375
2534
2254
6186
7113
7007
5825
4199
2910
6604
6528
3042
4894
5012
4008
2737
6389
4722
4711
2141
2967
4917
6585
6377
7571
7400
4914
5756
4491
2992
7616
2304
4299
3214
6001
7876
6252
6042
4923
2660
5426
3264
3792
3510
6873
3291
6849
4418
4961
2060
3673
5251
4742
6952
3848
7166
7731
2810
2285
2775
4425
4800
5875
7792
4004
7250
4516
3406
7806
3195
3020
3478
5517
4872
3990
4274
3381
2265
5624
3265
7467
2776
2177
7339
5180
3255
6534
7329
4841
6723
2203
3320
4666
6058
6068
7993
3116
3180
2602
5030
7138
2004
3338
7399
4322
7162
4678
4997
3850
4571
6439
7629
5738
7711
3890
5480
6863
3068
7432
2696
5313
3533
6437
5576
6165
7316
6295
6143
5621
7068
5002
2634
4597
6609
7072
5678
4997
5654
4250
2160
5744
2837
3240
2135
5526
7646
2828
2151
4357
7108
5782
5468
5601
7260
3458
2575
5440
4989
3859
2744
2286
2043
5695
4207
2595
2837
4196
6267
2788
2392
5371
2774
3776
3339
3742
2357
4067
6227
4177
5733
3383
2065
5021
6330
5068
2843
2660
6973
7734
4414
4225
4624
7769
4631
7960
6868
7743
7582
7102
4708
6812
6103
4499
2395
4546
3258
5885
7970
5789
7786
3493
3279
4615
3745
4230
3380
2308
7877
3258
3228
2197
7080
2436
5341
6381
3436
2573
6508
3582
7111
5752
3611
6883
5799
6327
4940
5535
7793
6919
4874
6664
2278
4773
6802
3578
6179
5028
5559
4760
2640
6256
5400
7765
6279
2262
4527
2895
4840
7520
3443
7734
5722
7807
4298
2743
2486
5173
3736
3955
7810
3602
7756
7395
3710
4812
6041
7023
6301
3175
6430
3365
5432
5809
7291
4710
6103
5636
5049
6012
4321
2589
5969
3282
6537
7074
3749
3066
4196
3518
4466
2667
7183
6088
2480
7488
3113
2112
5466
4657
7677
4125
6479
3015
6398
3775
3887
4864
4419
4473
6170
3400
6178
4400
7046
2009
3469
4551
3052
3921
7871
3182
5188
6883
2489
4017
7957
6876
3387
3385
7522
6288
5620
2896
6043
3791
2386
7406
2611
2736
4755
2069
3813
6724
2539
2462
4618
6921
5584
5058
7677
6589
2187
6136
3607
7703
7964
2378
4218
7565
3531
2639
7237
6661
7471
6860
5226
4319
3504
4106
5289
4272
7152
6719
2462
4658
7756
3659
7764
7240
6653
7452
6939
6606
4222
3692
6339
4453
5954
2991
5687
2468
7015
2043
5498
3722
7908
5389
3654
2904
2126
4401
6417
5890
6916
5536
2999
2707
3508
2650
5940
2986
2765
7526
3732
4716
6932
7521
7195
7058
7563
6293
5323
3792
4622
2682
5930
3471
5505
2585
5851
3247
7640
5512
6011
6690
7321
7334
6109
4833
6709
5694
7118
3055
2180
5319
5282
5034
6052
4501
7015
7609
7078
2314
5093
4596
4677
6440
3961
3198
5728
4466
5407
6614
2166
3234
5362
2907
2108
3134
4566
3149
7719
7252
5370
7072
6645
4101
5148
3261
3224
3454
7853
7471
6017
5918
3025
4695
4289
4842
5118
4066
7234
5845
6723
4899
4830
6675
3663
7581
4437
4961
5363
5558
5012
7681
3769
6529
5242
7063
6769
2181
3113
7454
5580
5986
7072
3647
5947
7603
6087
6864
6353
7653
3391
3724
7253
7632
2064
4166
4871
7116
6868
2934
7110
7456
2606
3483
3812
6121
7540
3359
7283
4330
7083
3660
7980
6449
7899
7721
4319
5010
3623
5149
3754
6501
3853
7389
4612
6226
5319
7912
2622
3386
7313
7191
6878
2859
4019
7801
2955
2227
4457
4125
5565
7857
5131
4191
4474
5897
2104
5191
7255
7984
7252
2868
3909
2096
5616
6007
7818
4644
4268
6744
6721
7828
3326
5258
5476
4221
5402
6227
6781
7079
2117
6345
2110
5988
7535
3070
5622
5768
2586
5844
3274
6403
5046
7685
7568
7583
3493
4127
6635
2757
4270
3717
3371
3546
5961
5689
7097
2117
7638
3497
6864
7274
7506
7452
3927
3044
3330
6888
3089
3108
6517
4600
3285
6901
3701
3542
2447
7287
3631
5627
2128
2428
4638
4798
5841
2382
6450
2691
3445
3031
5165
6127
4399
4466
3396
3777
7666
4995
3972
2729
4849
5677
7851
7800
6689
6293
4438
4169
3919
6212
4391
2063
4314
2624
7856
7389
4947
5955
5567
3719
7585
4075
2860
4524
7787
6614
2415
3066
3182
5125
2246
2170
2914
3832
6535
4084
5192
3971
7927
6704
6867
5068
2200
3775
3140
5524
2096
7217
2320
3458
7911
7797
3528
7283
6733
3622
6383
7531
3593
7796
3435
4129
4024
6073
2060
5193
6110
2448
5225
4940
5801
3501
6551
3908
6108
7835
4833
2328
2944
3707
2235
4364
3184
2471
3091
4221
6356
3597
4646
2084
3706
2994
6075
5831
2520
7367
6766
7670
5495
6727
4638
6794
4477
6665
7349
3213
4225
3334
7236
2168
2311
6781
4242
3005
3723
6330
7044
3726
2812
6005
2683
2282
3326
6360
3752
4209
4014
5546
4427
2212
2282
4460
4233
3037
7341
6253
5763
6175
3028
6152
7864
4010
7121
6591
6074
6178
6728
4128
2238
3164
5686
3595
3671
2295
2325
7933
7560
5392
5913
2537
6419
4892
5331
5618
7986
3470
5484
3383
2865
7867
4602
3516
3982
6906
7408
3639
2593
2790
6753
6658
3778
3507
3906
6049
3386
3681
5424
4806
6743
3279
2248
6868
6081
4262
7807
6868
7336
2663
3530
5165
4181
4035
6434
3270
4896
3378
7154
3440
6906
3750
7292
7697
2068
6256
6109
3835
3604
4525
2494
4647
2820
2564
2798
3107
3188
5188
6634
2340
3331
4490
5225
5689
2322
7266
2015
6608
5958
7900
2525
3897
2512
3715
7429
3564
6148
7845
3245
4056
5668
2020
2339
6972
4954
5892
7619
3601
2239
7663
2737
7660
2521
2989
4861
2297
2177
6917
5255
4822
4055
2235
4319
7876
2736
4025
4097
3532
7177
2721
7753
4928
3417
7116
7657
7638
7246
3488
3029
3782
3053
2813
3335
2029
2086
5331
4072
2196
7702
7049
3096
3471
4913
6510
4230
6891
3484
2664
7085
6342
6951
5648
3926
6283
3713
4710
7099
2372
5118
3690
3627
3722
4587
7801
6242
5006
2693
6933
6870
2206
2930
2118
3954
2570
4500
7475
4107
3174
2698
6511
5160
5836
2362
7891
5475
3957
4370
2552
3941
7515
7068
4094
5577
4814
7222
3695
6238
3355
3304
2561
6037
6588
2249
5288
6609
6392
7499
7603
5380
7180
7538
3699
4630
2175
6985
6916
5529
4296
2306
3533
2697
2096
4966
7103
3728
3015
4451
4444
2574
5162
6711
4146
3643
7652
2943
3649
5899
5426
4463
4741
3955
7981
4986
2764
3375
4164
5940
2489
5366
7920
2403
4566
3171
2400
3440
5036
5900
2677
3755
5240
2187
5868
5411
3061
3366
5271
5979
6352
4662
2712
6537
2050
6002
6071
2984
5743
4263
4068
6183
3286
3054
5820
4273
3287
7825
3391
2206
3797
7404
4690
6207
2925
7370
3771
5285
6797
5708
2642
7025
4590
3913
2983
5616
6503
5307
4519
5916
4791
6394
4169
7109
3448
2492
3967
2058
4264
4030
4854
2561
2576
3677
4920
6924
3136
2737
4183
6542
5203
6112
3036
3303
4541
3605
6950
6740
5439
5872
5367
7575
3813
6317
3239
6111
6220
2648
3963
3996
4177
4410
4542
4621
5250
2558
5915
2390
4225
2666
5673
3540
3024
3441
7084
6974
5292
2174
6705
4443
2772
4097
3212
3525
4176
6202
7121
7675
4319
4168
5050
5744
2450
3087
5392
4281
2637
3735
6370
7434
6381
6108
6493
3772
5122
6254
7459
3968
6236
7682
2756
6494
3087
5234
2157
5456
6714
5945
2672
6393
4082
3792
3022
7401
7532
5009
5271
2268
7354
5789
3094
5639
7085
4478
4511
2873
5057
7878
2030
2490
3641
5289
2335
4158
2699
4803
7988
7871
5197
4787
4194
3914
4874
7884
3376
7019
3400
5642
2586
3681
3169
5127
7354
7637
7317
2098
2162
2434
4610
2987
7752
2203
3039
7398
6835
3202
6485
6171
3341
2714
2724
4371
2993
6024
6399
6576
7875
5567
4974
3156
7989
7529
4126
2207
7478
6869
2313
2389
6932
4100
6902
7278
4501
2303
4185
3519
4624
2248
2213
3544
7024
5022
2152
5788
2258
5562
2295
7549
7512
4240
6626
3493
6951
6868
6619
2632
2533
2555
3008
7538
2456
6928
3214
4456
2338
4625
3468
2090
3521
2507
7517
2939
2524
3017
4803
4250
2443
7082
3542
7225
3975
4612
3196
2655
3495
5120
7492
7365
5309
2742
6097
4734
5171
7392
2314
7536
4178
3595
7629
3070
3542
4136
5085
4541
7967
7792
5964
6774
4967
4813
5308
7637
4916
2620
2329
4000
7445
3859
2183
6341
6849
4158
5532
3428
3410
3037
3989
7315
3403
5923
2203
3570
2779
4875
4925
2671
6096
3365
2737
6261
6820
6971
3928
7158
2659
4701
7674
4667
4389
6878
5297
2073
3117
4627
6340
5197
5142
6880
3690
5422
5213
2640
6089
5213
7618
4228
2316
7629
7669
5315
4926
7761
6911
4248
3831
3316
7087
5342
5276
3374
3553
5939
4054
4136
2612
4402
5753
6566
4286
2577
4020
6794
4901
7520
2526
6011
2156
7380
7476
2834
2847
6930
2932
2188
4378
5093
4552
7446
7166
3011
4741
4944
3509
3630
5494
2228
3076
4324
7242
5311
6706
6288
6932
2616
4804
2686
6184
5425
7869
4057
3625
4109
7550
3955
3785
2045
2502
4200
2347
7887
6419
2459
2953
3676
6920
3559
3274
3423
3331
3979
7324
5393
3160
3103
4644
7963
6972
7577
3567
3301
6228
3492
3290
6661
3943
7446
6286
5175
4573
5161
5188
6243
3402
5027
6269
5718
6645
7136
5158
7203
4042
5453
2222
2045
6574
7819
2316
4683
2949
4358
5562
3623
4445
7420
2025
4030
4772
3205
4489
7471
4003
5404
4015
7934
7195
4141
4979
3133
3805
4645
4631
6665
4158
2071
7580
3552
7100
2728
6128
7857
7870
2851
7532
5597
6664
6403
2245
5519
4580
2454
3614
3031
2754
3427
2798
4579
3545
3114
3552
3096
4931
2442
6156
4640
4477
2585
6012
5494
7774
3442
7100
6424
2907
6048
5147
7388
2786
2682
7014
7468
4813
4177
3075
6863
2399
4086
7183
3114
6018
6119
5199
6708
3750
2671
7027
7738
5132
6759
5131
6944
2115
4806
5177
2552
5008
2604
7786
5280
4243
4194
4246
7170
2923
2701
4155
2709
6065
5535
6600
3214
6567
4699
2553
3090
3994
7962
3542
2330
6135
7570
2964
3224
4316
7222
4013
6151
6391
3787
3756
7015
3843
3518
4346
7632
6885
6636
6613
3827
2299
5665
5615
2120
2695
6015
4489
7475
7640
5671
2938
7986
6216
4085
4097
4258
3659
6753
7447
7268
3823
3300
3342
2429
2033
7247
3967
4751
4615
6068
2194
7085
6093
4186
5771
4478
7253
7827
5006
5463
6570
4472
3544
6773
5254
5723
4012
7402
4893
6752
4198
6419
6959
3251
5553
4753
6853
5792
4773
4615
6099
3167
3582
3684
7429
4743
4955
7480
5147
3422
5333
2320
6017
2762
5228
4040
3302
6918
7605
6161
2111
4352
7337
