512
7172
5881
5064
4754
3736
9978
3768
1057
1774
5974
6278
6173
9975
5443
2795
2784
8653
5957
6683
1755
6393
6176
1676
7256
5905
9759
6627
8121
5372
1422
7963
8356
7537
5772
1130
1385
4713
2758
4623
9297
8355
4013
1364
1095
6128
1084
1725
7107
1116
3799
2762
4338
7615
5769
7453
6765
4357
1016
3502
2041
6201
1419
5372
1107
8102
2347
8163
2188
2561
4985
3360
3853
7039
1649
1112
6824
7653
4966
1553
6122
6451
9600
1547
4645
8169
7204
6659
1986
8737
3160
9357
5984
2516
9609
4529
3341
1542
4426
9442
5297
3528
4324
8382
3671
3433
9690
5570
4120
5796
1473
5078
4970
7326
3115
1575
8309
3708
4039
9346
2097
3105
2859
2858
6246
6761
1030
3528
1558
4829
6772
5308
8471
8325
4409
2500
7812
8159
7434
7645
5654
8454
1468
1881
2544
3786
3414
9790
2727
9508
8470
9719
5188
6427
4925
1065
4244
3007
6393
5546
9958
3150
6089
9768
3866
3762
2482
5410
6264
1593
1216
4431
3666
4562
9915
4277
4697
1657
7429
9697
1548
4305
4262
7895
2002
3838
3707
1217
7860
9871
6277
3775
5578
5661
9162
1471
5962
6540
5652
4081
2344
3400
3217
3936
2143
4664
1882
9220
5890
4203
3230
4192
8677
9756
6330
4073
2046
2876
5356
1511
6677
1243
6994
3393
4685
4618
4992
1474
6674
9797
5661
5842
3956
6519
6954
5631
4693
2649
5873
1698
9021
6932
4134
9409
7673
6363
9128
4974
4077
3203
8377
5184
4874
6581
3711
2852
6919
7895
3303
5023
9525
1691
3999
4289
9346
7522
6201
9383
5378
8882
6306
5581
6246
5315
1140
7897
5827
9882
3108
1280
6487
3298
8799
8515
6611
4414
1218
9691
2023
4710
8794
5394
4797
6922
9556
1535
2188
7837
3442
3141
6854
1901
8825
3068
1077
2532
6730
7964
4893
2785
8222
5208
6437
2325
7427
8511
8405
1548
1460
6517
9921
7516
7636
3307
7226
3884
1705
4631
5459
7663
1095
6840
7607
9292
3908
2987
9413
1601
5477
4592
9779
5726
1442
8166
4045
6432
1743
1720
1905
8314
2909
1415
3328
5593
1774
4622
1975
8068
4356
5612
4199
7936
4870
2145
6763
3257
5501
4679
9160
7675
5502
2207
8067
6465
1117
2174
5847
6165
2538
3914
8466
6348
4918
1987
2307
6723
5008
2688
8926
5115
4596
1542
6287
9033
3556
2393
5429
6543
6328
7268
8862
9884
2998
2034
8351
6103
2271
5860
7526
5923
1405
3947
4156
7647
4234
2206
1646
1040
1218
1387
8130
7250
1994
6739
3765
9497
8804
6431
9350
4591
6740
4797
6282
2257
2329
5153
9423
6275
7181
9037
2089
5721
7209
8557
9015
9676
8509
3202
4732
8208
5488
3141
5961
5354
2219
8972
2784
4661
8602
6489
1742
9450
1546
3584
3014
2269
7656
5181
1741
8692
4637
3455
1477
7267
6006
3682
4301
6815
3479
5153
5882
2177
9893
8097
5184
5064
9516
5383
2065
1511
5638
4158
4089
1911
2768
1625
1299
1554
4762
5125
9835
8294
9091
6239
5209
1456
5612
4495
6280
9830
8933
6335
3758
