512
5396
9686
7226
3390
5653
5186
5368
1921
5071
7604
3484
1664
1028
4910
4167
7285
2013
2166
1194
6512
6616
9781
2477
9284
7539
1797
5786
3887
5574
6081
2332
4061
5199
1393
8776
7761
5593
5945
3818
7876
2092
2318
3542
2723
2804
9969
8525
3487
9968
9031
8395
7748
5970
8665
3656
1104
1870
5961
7618
6167
6360
3520
4140
1114
5179
3991
5796
6054
6682
3162
8482
5315
6389
8489
8682
8540
5802
4702
3065
3024
8353
1265
9846
5062
2955
4431
5325
6563
9278
4268
2681
9128
7754
6322
9363
8990
5597
3299
6411
5905
2589
4522
7670
3051
4063
5772
6385
1397
1809
3544
6206
6518
9046
7265
9984
7488
1747
9559
5265
4680
1149
9841
2818
1375
4207
4537
3681
5188
2817
9192
2771
7211
9901
5105
3009
9707
5778
2379
2229
7811
5010
9444
8938
2136
6731
5997
4662
5845
1288
7413
6392
3999
1723
6122
4581
7228
4926
6331
4083
1313
4436
6140
3543
1342
9149
9565
6435
2100
6430
9521
1101
4187
9031
3870
7698
5264
4976
4779
6592
2748
7774
3115
1700
5305
4474
7122
6490
6588
8970
7009
8605
1296
1805
3454
6408
8849
8757
7101
8194
4918
3660
1921
8587
7226
6176
1403
7249
8106
4710
4796
5809
2544
4919
9490
7992
5846
1647
5195
4108
9805
3459
1655
6543
1763
5702
5448
9620
3471
3448
1749
8974
7369
1972
7806
1847
7082
4319
6214
3706
4853
4422
2563
6276
3027
1211
6889
8934
3904
6662
5407
3034
2394
9887
5992
3067
2603
9724
5642
4144
9716
7919
2141
3533
4624
2385
4808
3224
6471
1084
6917
5952
6491
9362
2557
7050
9293
3189
4502
3356
2854
7815
3911
5731
2057
1019
6883
9833
2290
5434
7273
6247
1136
4822
6823
8814
4258
2577
7766
2111
1217
9045
1070
1862
9903
9307
8588
1348
2301
5067
9710
1047
7647
9523
5446
8690
2938
2335
5033
2026
1599
3032
6536
9520
1975
6557
3730
8021
3396
4088
6695
5480
4468
1607
9222
8068
1641
6037
2198
5103
4694
8475
1090
6794
9492
9509
3610
1295
4978
2078
9398
1539
8590
4600
7269
6192
2729
2077
5198
4023
9883
6836
1976
2902
9523
2892
2625
7020
5922
7699
9621
2572
4280
4185
3826
6898
2489
3938
4542
2244
5291
5020
3211
6592
2239
6272
7402
5491
7876
6296
4489
6208
6505
3849
9413
5222
3251
1967
6962
4307
8743
3995
3270
9168
9597
8365
2185
1729
7257
6200
8510
3072
8092
5909
3633
8677
5002
6479
2904
6450
3234
8783
2627
6829
1826
1264
9436
7031
5967
3582
2078
5049
1303
1360
6011
1127
6557
3403
9312
1939
4194
9551
9230
8354
1068
9046
3215
8146
6506
8527
8565
4090
6946
9264
2304
9931
6402
2458
5071
9696
5215
2414
5925
6812
1190
5311
4090
7391
2289
1188
3111
6477
6167
2632
2859
7742
2287
9319
1847
2629
3311
7584
4258
5002
1927
2271
8118
4065
6350
3523
6909
4069
6125
1569
1914
6657
1423
9031
5606
9669
1945
6988
8346
9182
9871
4960
3531
6470
6432
1182
4175
8233
4467
