512
6123
8512
2847
6450
6766
4961
4867
2949
3436
8819
5101
2764
8907
3513
2297
6245
3993
2750
3235
6687
4789
4919
6614
4595
1791
2018
7830
1577
2601
6523
6256
1030
2730
4986
5025
7268
6203
5717
6675
7154
7925
5942
5880
7868
9163
6606
5732
8207
3254
9713
9231
5320
5577
8923
3902
2119
3226
5692
4932
3093
5895
9311
2224
5282
6263
4399
7005
8299
5222
4946
5894
2222
5969
2606
5511
3129
1005
5630
5505
1640
6929
1673
2301
5751
8960
7109
4494
8050
9423
4930
7506
6638
9359
2496
3564
4625
1722
2289
2884
9192
2032
8095
2948
9840
1120
5174
3071
6819
8092
7412
4582
9164
6222
1375
2998
3395
4725
1054
5023
1481
7726
5116
1423
9380
6307
9803
7038
2873
3110
9632
8494
4382
5746
2386
7367
2644
1071
6647
2263
4222
9510
8411
2121
9723
4466
5643
3822
6415
9555
5023
6656
1315
6904
9080
1212
9372
7215
9610
5988
4777
4470
3966
6585
3117
9628
6335
7331
4235
4022
8371
2659
2659
1490
7691
1611
4020
6571
6047
4121
9946
8257
3337
4216
6963
9274
7610
8417
8647
6474
5769
6643
2398
8734
2638
7956
6655
8708
8899
9978
4686
6205
2235
5674
7597
5807
4708
7528
8939
5079
3153
8919
6693
4870
7972
3080
6540
7547
8194
5022
6037
9068
5686
5774
2837
6299
6201
4224
7398
2888
9320
6843
5677
1841
8828
3130
1300
7138
8877
1109
2369
1548
9818
9935
2263
2030
8964
5138
4864
1227
7495
7784
8322
4798
8366
5507
2411
4676
6060
7140
5369
4941
4243
6121
1301
8671
4620
5066
6339
6216
3091
1121
1178
5588
6137
1487
1929
9265
6352
7177
6370
4997
2551
7209
6272
9339
2163
1454
2493
7563
5403
4100
6759
6515
7106
6718
5286
5057
4680
4054
6205
8877
9441
2442
9776
9794
3585
6016
3892
2093
4090
4622
8797
1130
5501
6544
4302
4178
8068
1926
2699
1614
7075
4228
2859
7188
2612
3557
3454
9386
3064
3697
6107
9078
1863
2894
9126
2290
3339
7640
4504
3692
3796
8306
6446
9884
4100
7352
5986
4787
4767
3662
5538
4508
5115
1421
2344
9397
8838
3602
6391
3602
1510
4752
4228
6501
5334
2574
5447
9597
8599
2413
4409
1695
2932
9203
7408
4699
9635
5421
2814
5405
6788
4362
2504
6714
4451
3055
7386
4097
3069
6966
1539
8534
7931
3130
6840
6901
9555
7954
5264
3664
6505
8181
2636
4895
2487
3177
2949
4286
1764
6601
4638
1803
2239
6670
3059
5904
5642
6240
1000
4402
4529
1493
1211
3994
9536
7220
1500
6895
9865
6418
9597
8461
1417
3529
3474
3949
1405
3166
3465
6531
5132
8828
4285
6921
6211
1019
5465
8666
6909
5930
9990
3339
2643
8986
3257
1220
9153
8947
3093
3363
1655
1248
8199
9761
2278
4770
2586
9013
6049
6700
9784
6624
2457
2653
7958
8136
7466
6116
5363
6011
8310
4041
5216
9481
4758
1110
6816
3963
1156
2405
1802
7833
9923
1460
5126
2637
2806
3713
4088
8198
8917
5722
1219
2679
2708
2202
4450
1978
5301
4100
2600
