512
9231
7980
4911
7465
3403
8229
6829
6021
3666
1046
2867
9129
9866
1405
8498
1916
7230
7210
9935
9239
1559
7242
6530
8605
9774
9124
3245
5192
2884
4258
2581
9322
1544
2460
5828
8586
4374
2041
2095
8669
4668
5056
3627
6173
7311
7376
6057
5024
7965
2232
8552
9141
2720
9127
2038
1409
4715
9389
9368
7931
6677
2488
1816
2063
3347
1616
8910
7312
4764
2966
2782
5768
7036
3158
8546
4561
6516
4005
7976
2487
1069
3700
9586
2688
6422
4697
2944
5658
5212
8387
5609
5618
1051
4045
1520
8302
5105
4819
1062
2829
7630
5653
9048
3279
4822
5717
2194
6465
1994
9369
6862
6455
6805
7465
3207
9634
5324
7918
4693
6062
7848
5233
7423
2673
1008
8625
9821
4940
3759
3313
2701
2632
1198
1775
5700
7612
9792
5434
1120
1996
9050
5710
1823
1392
7822
6307
4729
2306
5556
4918
2355
7215
7040
2457
5096
8098
2193
3152
1985
7563
7537
4329
9110
9252
8776
6142
4449
2693
8235
2913
6647
2026
2059
6148
6788
4986
4328
3933
1620
4291
9266
1231
6370
2478
5658
4857
2048
2228
4103
5510
9193
7327
9612
6100
4081
2150
8956
3900
3409
3053
5509
4353
5587
1029
2531
9398
4354
1065
5019
5693
7448
3848
1847
9657
5643
2363
1150
4442
3351
4444
1668
6097
4355
3647
3702
3113
3896
7374
9264
9049
1506
1411
2235
8038
8042
9886
6227
6050
2808
7162
7493
8791
6353
2917
9407
2913
6363
8345
1422
5358
6516
9943
5529
8623
4105
5601
2828
5861
5430
3950
9170
1378
3098
3328
3722
5482
1031
5107
7963
5845
4129
1730
4660
2165
4514
4797
9908
6731
2625
9448
6941
3816
2553
8337
7913
9441
2353
8194
5691
9566
5846
2760
8377
4308
3603
1468
3192
4329
9708
4879
5129
5716
4860
6913
9742
2509
1571
4495
4957
1263
7409
8539
4134
2054
2418
6728
6641
7177
6915
8654
8461
3874
7854
2610
8632
4228
5777
2223
8933
2976
5789
2644
7211
3677
7600
1789
2195
3166
6692
4986
8995
4771
9246
7240
5511
3521
8216
3868
6409
1628
5548
4056
5082
6330
4268
9591
6869
1249
2215
5311
4804
8415
6139
1797
4015
1653
2186
7349
4208
2941
7184
5871
4445
6563
6250
4670
8517
1567
2337
8802
5592
5050
3251
1881
4633
3836
7665
2090
6444
9972
7867
2813
5359
8246
5362
3796
5790
9799
6696
3648
6546
8128
9370
5656
5843
4204
9484
5557
9623
8209
7873
8031
2143
4774
6913
2009
1614
6191
4702
6470
8068
2530
4160
4098
8833
9811
4005
5619
9172
1208
8445
6122
4825
1257
9185
3108
1996
8855
4898
2045
3899
6834
5430
8417
5563
7105
1253
1162
9721
5705
5851
7680
8654
9224
8803
8704
2684
6328
8034
4851
3865
8808
4139
2218
2147
2135
9424
2949
2553
3646
8421
8776
4245
7363
7951
3565
3896
8990
8093
4603
1963
8119
4096
2984
2295
4406
2601
1442
4258
9768
2676
5274
9644
8334
1439
9313
8060
2328
1081
2059
8153
6199
2352
6907
2393
4795
5559
6292
4778
1008
2759
5027
