512
7394
4187
1463
1984
1807
9776
1795
8239
3741
9406
8863
9325
4303
4552
8188
4399
8868
7631
1941
6233
4567
3210
7719
7037
6357
3326
3362
9963
8134
5811
2451
7008
2514
2447
8583
1058
4800
7244
3445
3932
9391
5391
1109
2709
2142
2553
7294
2075
1947
3319
3204
3727
9426
6955
2743
6759
9046
3764
9033
5059
5594
7438
8088
4705
5223
4340
2987
4429
7157
2775
6619
1321
8244
4367
5390
6071
7092
5758
2289
1203
5959
3257
8325
1928
7923
8293
5020
8511
7565
7373
8059
8769
7975
8291
6909
6632
6521
7799
7301
7369
3698
2716
2468
8704
2284
5896
7852
9971
6876
4157
9787
4663
1681
5549
3288
6105
9559
1584
7336
8220
7196
8147
1219
9393
6164
4184
8270
1644
4307
7672
3254
3413
4085
1268
8636
4175
1531
8857
2621
2830
7473
2760
5870
9761
9741
5201
8365
4134
7487
7005
1262
2852
6432
2656
8414
4627
4814
7735
8649
5259
3589
8358
7879
2872
6060
2214
1901
2772
3635
3703
8786
6492
2534
3543
7952
6251
7112
5254
1636
8681
7751
2429
1107
7922
1865
6884
1923
5598
7671
8844
1994
8355
4416
5276
7897
8268
3304
6463
5083
2531
8482
5462
5575
6719
3440
6990
8667
2832
2348
9852
4668
6144
2650
4979
3852
2211
3551
8106
3060
6139
1579
2145
1298
5645
6167
9847
6628
8836
4896
7604
6919
7591
1484
1924
9827
4825
6791
4238
3905
4511
5870
4424
9878
7074
6453
9018
5214
1690
9060
3454
3415
6649
8563
4760
6749
7627
3322
7282
3602
5345
3072
1803
5193
1871
5860
7754
8737
5633
9024
4156
4262
4737
2764
4118
3734
7124
6287
1903
2495
8786
6608
8016
1732
4187
3930
9347
7535
9097
4110
8618
3706
4184
7455
5067
4019
3364
7311
6428
3755
9355
4551
5158
3647
2768
3378
8217
3467
1661
6953
9549
6087
2477
5800
8168
1628
7112
1342
1124
6549
1022
5771
6030
1888
9247
5771
2984
4152
5907
2394
8067
6832
3668
1293
8116
7171
8219
3898
9013
3250
3897
3860
5322
2068
4321
2990
5261
9909
2646
3060
3705
1707
8123
8207
9882
8165
5011
1579
5430
1453
5809
6356
4179
2613
1713
4617
1810
8237
2391
7410
2891
1600
8961
9468
8235
3626
2561
8869
4196
3132
2207
3753
2410
8134
2062
6311
2166
2632
3519
4380
7939
3819
4625
6146
4812
4142
7676
3849
2763
8289
1538
2559
9827
9856
2563
6759
8674
1080
8186
8826
9971
9461
5979
2714
7679
6469
5583
5536
3475
9402
7317
1605
4423
4327
2702
7234
2474
2811
8245
6768
5528
4509
9615
7108
3693
4078
5723
5564
7147
2367
5502
3550
6773
7915
6820
7392
2956
3980
1852
7001
3101
6181
3223
3648
3423
8988
8586
7858
1975
8036
7486
7596
8634
5325
1331
9142
8368
3122
6575
4852
3823
9835
6233
7108
3049
6398
2857
5927
7585
3671
1806
4129
8695
3775
2070
9773
6150
1220
2701
3688
2338
4884
9900
7679
3071
6110
2295
5749
7505
2902
5354
1964
1912
5402
4952
3157
5283
6299
3802
5723
6357
6853
7514
