512
6210
6848
9360
5243
7445
1511
8634
4546
3978
5551
5542
7804
1690
4749
1602
6330
3120
5914
6452
4522
1326
8337
6682
2661
2169
6925
7158
4083
2478
9242
8810
3454
1736
4099
9499
1266
1532
4852
8671
4617
2507
8077
5261
2294
2106
6313
7904
8322
7399
6268
4908
4538
2988
2347
8080
5268
7291
4086
1803
5729
1719
6696
1150
6150
7348
9076
9918
5961
5653
6258
9424
4261
3695
9839
3866
8069
5605
3185
7738
5281
5568
6501
5996
9348
6766
9838
1549
6514
9628
3280
9267
3282
1887
7568
5956
1460
9768
1841
4454
5925
4272
6506
1185
8093
2718
6589
2953
8076
4090
3350
1540
6084
8301
3843
5211
6693
1918
9602
6457
5261
2458
4525
3810
3902
2229
2589
8272
5075
4849
5832
9970
9100
3913
7335
5842
7052
6093
1295
5582
4451
6217
9577
7914
4629
4141
5036
6202
2490
2948
2129
2387
4404
3059
3850
6134
8275
9646
5017
8992
3517
1440
7649
8617
2907
9432
2968
8956
4474
6164
8550
3315
6537
1359
9375
3422
4365
3923
6713
2889
3839
6594
4765
3415
6926
4089
4833
6168
6667
1033
9433
8628
6521
6762
3418
1828
6264
5472
5431
2848
3159
9734
1952
3285
7943
7481
1315
9161
4220
5162
7314
1281
2987
4204
6611
8700
1086
6064
5411
4388
3888
5963
4498
9552
8731
6755
7405
7533
4843
5898
1094
5647
2672
4876
4472
5886
4998
1365
2219
1888
1590
1356
4004
1933
3493
2164
4549
4513
8710
3529
8381
8269
3583
1913
7548
1278
1709
3606
8007
2615
1604
4182
3113
9703
4037
3920
3597
6264
8702
7263
3139
4750
6606
7649
8792
6675
3002
2424
5025
7700
1472
3328
1986
1488
4896
1555
6654
9675
2775
8675
1066
3289
2429
2403
8098
9081
3971
6060
3939
3139
3873
2967
3808
3676
7542
7697
1197
5202
6081
2459
5867
5750
5754
4431
9126
1625
2622
4308
8741
1569
9483
6668
9831
5248
3110
1372
7037
8034
9450
5380
8168
7141
5607
1704
5557
1036
3546
4112
3489
2726
7581
9130
7230
5816
4317
7566
4976
9497
1152
9313
9707
2617
5099
5633
6014
5958
5843
2593
4932
7994
7330
8568
1904
9136
1829
5685
7639
2254
9545
1630
8399
2470
2337
2758
9002
5291
9361
5972
5961
8360
8676
7236
5708
6974
6406
2541
5259
9480
3955
8729
2672
5839
2374
4667
6285
7944
3152
5419
3357
5444
9807
2216
6605
7481
5329
1766
7557
6750
4819
6923
7960
1942
4555
6347
5123
7375
2710
7341
1009
3230
6967
5927
3380
3464
2230
8382
4215
7849
5866
1887
4640
3136
1776
2409
8521
1545
3915
1138
5726
4305
6137
8180
2514
4596
3423
2209
8548
5390
3689
5975
3191
7746
5644
6407
5805
1729
9482
6907
2931
1631
5608
2945
3003
4027
1444
9854
8217
4002
4727
4538
9915
3590
1619
4928
9944
3724
3907
3227
1156
5535
3654
5391
8850
4176
8399
7988
8427
5047
5375
7874
4820
9148
8633
7023
3193
1198
2500
7773
9243
2257
9542
6414
6534
4371
2936
2444
1107
5452
6663
3660
3271
6814
8591
