512
5390
7995
9473
3329
3493
2567
5011
1379
2427
7532
2710
8454
5330
1998
6189
3404
1508
1830
8304
1287
7659
3657
1358
2860
6775
6659
1057
3986
1104
3153
5249
4065
3509
4381
2181
9283
1713
6081
2964
4574
3956
2940
2751
2605
1078
2447
8228
6699
4290
2669
2597
1346
3690
6260
1795
5810
1858
5347
6656
3470
6737
1133
2941
5223
6536
1410
5808
5926
2898
6725
3637
4652
3050
9166
5923
6053
5756
2499
1635
6562
6742
5438
4532
3092
1398
9869
2548
5814
3471
2779
3988
3196
1295
8369
3103
4543
2815
5351
9283
9118
9293
6136
2525
3257
4942
3599
5680
5500
5054
6046
6513
6173
3672
6688
2969
2679
4839
8222
9097
4224
2789
7242
6589
6244
1380
8260
2991
7891
1308
8291
3542
5103
2322
5040
5949
2353
6356
6060
7675
2880
9959
8941
3550
2073
6721
5994
5290
1882
4775
6201
3015
5696
5399
6949
6765
4885
5831
2930
9011
7459
1309
8341
8414
2238
6211
6242
6453
4219
8632
1680
3974
2739
2217
7519
8659
3235
7621
8834
7358
7550
5888
2062
1284
1631
8826
2700
4196
4534
3606
2803
8422
8227
8731
9476
3836
6663
6225
3804
4852
7794
4110
2393
8068
6503
5699
6560
8531
8869
2760
9095
5693
9590
4355
1762
3174
9162
1589
4583
4993
4108
8180
2430
4984
3250
1540
4480
9926
3412
5910
2130
5805
6730
5435
4111
6797
4214
4716
4516
1134
6944
2845
3534
9786
8626
5754
6680
7705
8936
7349
1995
1598
5762
5613
5326
5925
3132
2230
2338
8020
3602
3729
3864
5001
7794
9542
9349
3659
8206
4863
2601
1128
7316
5821
9846
2139
2389
7156
5760
5863
8410
9395
4421
8146
1304
6849
5640
8090
1334
1167
8795
2310
6775
9558
2209
7889
3682
1012
5795
5251
1986
8768
7817
3628
2230
4578
1182
1894
6536
1619
6916
2022
2093
7050
7914
1217
3810
6541
6270
3420
5809
4926
9961
6066
1763
4719
8176
8403
6066
3487
1744
3745
4997
9510
1597
3034
8993
6602
3794
6392
6612
7763
2173
7629
6049
6052
6289
6612
3526
5119
8921
4076
5136
4919
4902
2469
8778
1912
6457
8309
4540
8873
8382
8743
7691
3610
6615
1901
3397
5149
8334
6168
7027
7661
5079
6838
3741
5495
5964
3986
3600
3333
2264
4667
5582
8098
8442
7220
2069
4350
8918
4522
3741
8296
1481
5613
8831
3311
1458
3968
4577
1889
3791
2751
9465
2641
8130
9778
2125
7986
8598
4055
6886
5150
8480
4738
7996
1641
1597
3600
5641
2189
5657
6715
1630
9568
3033
1158
3838
6235
9801
1202
3245
3034
2147
4280
4553
7855
5010
1619
9453
5400
6247
2417
3039
4763
2480
7735
2004
9107
2013
6729
2787
4254
2110
7852
1049
6148
3018
5782
5551
2683
2784
3178
5907
6988
9251
9500
5523
4411
4387
6600
7634
7229
4468
3954
5502
7894
6534
3626
8093
1347
3468
6649
4159
5650
8928
4147
8322
2986
3814
8722
7234
4625
3425
6560
8019
1889
1814
4376
8216
1777
1828
6172
7195
5835
5140
9295
7866
5589
3708
3288
4071
