512
1398
3127
2463
3068
7526
8658
5506
3339
5892
6421
1778
2386
4668
5852
8593
3014
3223
6292
1542
3256
3041
3212
3118
1622
5171
2579
2862
1080
9729
5377
1348
4549
1921
3254
4659
4001
5914
7726
5059
9824
5498
3636
3370
1990
6772
3153
2172
8815
5655
5187
8606
3563
6941
1465
4570
4571
2046
5005
6662
7199
2205
7465
6180
4495
8072
3795
5008
6003
2645
1132
5570
8810
2367
3726
2974
6502
1819
4714
5404
9100
6496
5126
5290
5393
9651
5515
6350
2663
7403
6181
5408
5200
9304
2939
7166
5891
7290
9221
2189
7889
9098
5260
5141
4300
3295
6429
2033
1265
8333
5110
7102
2674
6448
9373
2979
4289
8984
9762
6482
3447
2679
7265
1239
6241
2138
2728
8256
9631
5580
4388
5646
4871
2862
3357
3678
4230
2938
4482
4522
2203
3294
1963
2092
8143
1697
3031
7300
2879
9862
2992
3335
5501
3522
4956
7628
2308
7635
2850
9916
1926
5238
6341
5713
2088
8755
3328
5146
1535
2716
9036
8119
6543
8736
1594
1240
4028
3725
5805
6970
8273
2165
2343
1238
1312
8718
1634
5839
6120
6794
3685
9380
4756
9281
7737
6996
3362
6293
2740
3227
7945
9463
2991
9230
7524
3331
4497
5930
7007
6420
9782
5915
6432
8884
8847
2061
9805
1486
2397
1472
5958
8121
2162
5046
7316
6198
7657
7613
9967
6652
5348
9431
6547
4438
9245
5364
3748
6552
1598
5409
1240
2689
7683
5527
6078
2471
8703
3723
2773
8419
4508
9784
6031
7676
3980
3881
7071
8810
7978
5825
3304
7983
9519
8800
3193
7028
5109
8732
4879
7768
2199
7900
9376
6870
1831
8582
6334
3308
1304
8654
6063
3915
2037
3604
9517
2295
8057
2695
4107
5397
3976
4643
1167
3344
7213
4151
6256
8881
6510
4802
2184
6102
1088
5668
1391
9361
5033
7489
8750
2419
3532
3711
6811
2364
2825
9864
7349
4497
2240
2474
3910
1600
6009
7977
5413
6656
7840
7860
1652
2596
3091
5024
5338
4164
6546
2841
4181
7785
2953
3324
6702
2850
9106
3226
8824
3545
1398
8237
7114
3324
7126
1873
2632
6664
9003
5527
3221
2023
4609
1189
8187
8331
7172
2537
6211
6221
6284
5767
2071
1300
3321
5329
8223
2488
8124
5394
2245
6466
5834
8204
2047
7318
3595
2942
6825
4408
5839
2433
2387
7685
3596
1110
2422
3844
1647
8844
7566
4342
6646
6577
6834
6747
6829
4381
1511
3362
1762
1943
3278
1477
8317
5935
2126
5803
9718
6695
6225
4431
6239
2520
3535
2738
5649
6816
9458
7235
5046
9068
3844
7077
2278
6250
2946
9818
7743
3606
2294
1597
8073
6485
8201
1038
2086
6173
8443
6226
4182
2996
9245
8560
8783
4335
3935
5975
8429
6777
4993
6276
6412
1253
1601
6655
9228
9990
4023
3586
3015
3848
4226
4769
7898
8198
8081
6505
2558
1063
4688
8527
7850
4255
3658
6761
2225
9823
1591
3586
9935
1957
4316
7675
3722
6676
8505
4569
5465
8775
8439
9272
1547
8843
6357
7247
6969
1931
4536
5000
1712
8385
8467
8360
3859
1352
5162
