512
3502
6415
3836
8743
7691
4920
1116
5141
8643
9231
4553
9887
6398
4285
5424
6473
1965
1175
1935
8415
5357
2125
1759
6075
7089
9101
3123
8188
1619
6806
3458
1993
5119
1620
2861
7863
7822
6296
2477
1141
3743
4135
9877
9412
4842
5487
1764
8454
4770
3894
3480
9272
7780
6632
1876
3165
6490
9430
1686
4263
2390
9771
9689
9487
6653
2906
9530
1874
2064
7256
1157
5575
5256
6504
5865
7636
2111
4406
9183
3009
4010
5240
4570
6966
3286
1109
9439
2645
9822
2540
1046
5739
9696
4166
1078
2752
2012
8245
2387
5019
6562
8647
4810
4565
7805
5740
2293
6532
1576
6027
5604
4131
5821
8543
1142
4054
4035
4055
5175
8835
3659
2314
6428
1744
4788
8513
1053
6384
1622
3664
6888
3443
7020
6961
9230
6203
6966
9965
9341
7457
3119
4384
4072
1729
2394
9828
6679
4206
1330
1145
8593
1034
5165
5882
2817
2568
4130
7387
6395
8287
3008
7144
5434
5638
3245
8648
3942
9825
9280
6694
3925
7378
7702
9306
3938
2482
6813
7085
9608
9041
4107
6825
8111
2491
5990
1755
7263
1871
4350
7516
8015
7835
9170
9112
6795
1235
4890
4759
1098
4441
1580
8377
9373
6184
9947
7222
4127
7975
8566
4705
2892
9806
5906
3498
7772
4191
8418
6443
6897
4202
9211
8149
7678
9621
8650
3334
5661
4783
5113
6971
3148
9004
4012
3560
3681
9761
9382
3474
1875
2733
4111
3566
9459
3408
5638
9365
4920
4263
2226
5193
7450
9659
4912
9344
4431
5884
6006
2729
6897
1579
7764
1237
2822
8013
4336
6551
7738
8059
2070
6989
1839
2538
8409
8929
2094
6335
3108
2131
7917
5096
2082
8247
6698
4474
8698
3861
3033
8052
9798
5718
6427
7806
2145
4353
6296
3344
7897
8789
4015
2491
7042
1488
6445
3864
8700
5791
2650
5676
7505
4001
8291
3357
5217
2341
8437
1148
2685
9481
8420
4739
5050
5924
8615
9945
1456
6563
5060
8251
6214
1613
7462
6672
2489
1221
9303
4563
3717
6079
1933
4258
5140
5605
5969
2583
8419
8775
3673
8507
4280
9273
2055
4543
3731
9302
7501
3682
4966
4234
9269
9663
6471
1527
4623
1760
2346
9607
5378
4021
2464
6464
1643
7844
7529
1940
9966
8988
5849
7728
7632
8831
6217
2768
5727
1804
2946
9893
3197
3982
2073
9478
2328
7326
9164
6585
1423
4697
3246
9189
3125
7775
3927
2045
1600
1344
1127
9578
9581
2746
4584
1047
4411
9332
2473
4228
2050
3621
3004
6622
5906
4047
1283
4567
3601
3786
2509
7414
1836
7584
2638
6043
6746
5747
9533
1210
8415
7750
6164
5613
4856
8249
3981
7480
2956
1853
2690
7311
1653
4670
1667
3254
4909
6223
6351
6518
9685
7165
6970
8903
6709
6515
6286
7523
4604
6289
3531
5760
2503
6290
3853
6077
7030
5611
7746
8342
3613
1712
3597
2060
5418
9358
3931
2781
2253
3170
2785
3032
6185
5876
5596
5942
1905
1813
6527
4666
3205
8587
2820
1361
1561
8662
8668
4075
3779
8983
1764
1609
4417
8983
6118
8312
3533
2809
