512
2274
2335
3430
7018
9908
6907
6427
6267
1562
7119
3513
9886
4688
3265
1563
3033
3053
4071
9218
8096
3717
3587
2499
7364
1384
9574
3582
1311
3055
7010
1074
6279
4003
9732
5098
7322
4699
2464
4530
5040
2763
7430
4334
9472
2643
6237
4163
7801
5271
1029
5218
7244
7229
5490
9724
1817
4259
1770
2995
7679
1667
4869
5281
2422
1219
1812
3010
7508
4560
6726
4437
2811
9204
7181
6304
4755
4792
2270
4502
1194
1755
8931
6837
9830
7621
2511
9515
5310
3317
8923
6733
6482
9407
5529
5241
1021
8093
6337
1426
4049
1595
4022
2219
2354
4579
6973
7561
5328
3889
6210
8795
1722
6472
8103
2429
7503
8869
9997
6740
1172
1808
8797
3442
6951
3686
6602
3549
6522
1879
4230
4511
5527
9194
3121
2731
3155
2912
5452
1695
4892
9075
1495
5081
1619
4190
5575
7827
5167
6193
5474
6903
2623
6281
7998
6640
5288
4249
4117
4054
8266
7623
1129
9395
6852
9700
1626
8556
2911
7354
2526
2610
4651
1982
4454
3593
6136
4420
6436
3456
7911
5990
1680
8809
4005
1781
2191
4899
1671
7681
7677
6222
8489
1701
2327
5702
8650
8738
9425
9329
5107
2973
9446
8473
5389
3224
8757
1620
2254
4846
2673
9064
5880
1479
2799
5436
1438
4340
1554
4203
2412
5680
4475
7264
6752
8154
5519
6778
5465
7132
6838
5904
3881
5583
1149
2504
2758
5421
5105
8928
6239
3240
9002
9308
3715
5027
9874
6921
3915
9550
1563
8536
2728
9109
2073
1276
5032
5116
4333
3508
5981
5814
3070
5469
8682
6665
1772
6180
3847
1050
4173
9576
7660
1828
9630
7776
8926
5839
6018
8433
2809
3975
1780
7692
5166
7251
6567
3065
5741
1820
5232
5992
7143
2721
9298
6576
6944
6506
7457
2742
1155
2332
5786
9807
3703
1654
1419
5159
1654
6377
6362
9574
1184
1782
7534
3924
7079
4344
3657
6724
9450
6643
3846
3053
9493
4038
1637
7492
3694
8377
2739
5661
3677
7427
5868
8079
3305
8032
1891
7488
5450
8513
4623
6581
2477
8093
1819
9555
2467
9304
2872
3749
9399
1006
1573
6445
9213
9365
2392
6931
7173
6375
1942
5916
4744
5297
5899
5072
1122
9201
2349
6578
2184
6493
2954
7655
2522
7814
1442
7536
2123
7501
2543
4101
5462
6297
2698
6182
1343
4344
7959
6461
2945
7942
3713
5084
3075
5391
3894
5796
6015
3572
8761
6286
3045
5502
9922
3929
9373
9174
2809
5706
8738
4236
9399
6543
4324
2191
9055
2724
1074
6326
5463
1794
4581
8695
2895
3046
4942
3815
4638
1740
1800
6440
2231
5663
4309
1224
4063
3988
5256
7168
5552
9210
4989
8511
1775
8489
1994
7108
6666
4624
5989
2132
1324
4887
6672
9838
8276
5060
6864
3537
6106
4013
8947
3955
2315
8460
7525
3874
6759
1810
3058
6255
1656
3698
1713
5716
1003
2620
7235
2090
3189
8590
2232
6828
6960
3599
3709
3697
3741
1350
7333
1924
4579
1651
9622
4228
1234
4520
4470
5524
1633
5781
3329
4735
5854
2708
6033
2150
1051
3611
3627
