7394
4187
1463
1984
1807
9776
1795
8239
3741
9406
8863
9325
4303
4552
8188
4399
8868
7631
1941
6233
4567
3210
7719
7037
6357
3326
3362
9963
8134
5811
2451
7008
2514
2447
8583
1058
4800
7244
3445
3932
9391
5391
1109
2709
2142
2553
7294
2075
1947
3319
3204
3727
9426
6955
2743
6759
9046
3764
9033
5059
5594
7438
8088
4705
5223
4340
2987
4429
7157
2775
6619
1321
8244
4367
5390
6071
7092
5758
2289
1203
5959
3257
8325
1928
7923
8293
5020
8511
7565
7373
8059
8769
7975
8291
6909
6632
6521
7799
7301
7369
3698
2716
2468
8704
2284
5896
7852
9971
6876
4157
9787
4663
1681
5549
3288
6105
9559
1584
7336
8220
7196
8147
1219
9393
6164
4184
8270
1644
4307
7672
3254
3413
4085
1268
8636
4175
1531
8857
2621
2830
7473
2760
5870
9761
9741
5201
8365
4134
7487
7005
1262
2852
6432
2656
8414
4627
4814
7735
8649
5259
3589
8358
7879
2872
6060
2214
1901
2772
3635
3703
8786
6492
2534
3543
7952
6251
7112
5254
1636
8681
7751
2429
1107
7922
1865
6884
1923
5598
7671
8844
1994
8355
4416
5276
7897
8268
3304
6463
5083
2531
8482
5462
5575
6719
3440
6990
8667
2832
2348
9852
4668
6144
2650
4979
3852
2211
3551
8106
3060
6139
1579
2145
1298
5645
6167
9847
6628
8836
4896
7604
6919
7591
1484
1924
9827
4825
6791
4238
3905
4511
5870
4424
9878
7074
6453
9018
5214
1690
9060
3454
3415
6649
8563
4760
6749
7627
3322
7282
3602
5345
3072
1803
5193
1871
5860
7754
8737
5633
9024
4156
4262
4737
2764
4118
3734
7124
6287
1903
2495
8786
6608
8016
1732
4187
3930
9347
7535
9097
4110
8618
3706
4184
7455
5067
4019
3364
7311
6428
3755
9355
4551
5158
3647
2768
3378
8217
3467
1661
6953
9549
6087
2477
5800
8168
1628
7112
1342
1124
6549
1022
5771
6030
1888
9247
5771
2984
4152
5907
2394
8067
6832
3668
1293
8116
7171
8219
3898
9013
3250
3897
3860
5322
2068
4321
2990
5261
9909
2646
3060
3705
1707
8123
8207
9882
8165
5011
1579
5430
1453
5809
6356
4179
2613
1713
4617
1810
8237
2391
7410
2891
1600
8961
9468
8235
3626
2561
8869
4196
3132
2207
3753
2410
8134
2062
6311
2166
2632
3519
4380
7939
3819
4625
6146
4812
4142
7676
3849
2763
8289
1538
2559
9827
9856
2563
6759
8674
1080
8186
8826
9971
9461
5979
2714
7679
6469
5583
5536
3475
9402
7317
1605
4423
4327
2702
7234
2474
2811
8245
6768
5528
4509
9615
7108
3693
4078
5723
5564
7147
2367
5502
3550
6773
7915
6820
7392
2956
3980
1852
7001
3101
6181
3223
3648
3423
8988
8586
7858
1975
8036
7486
7596
8634
5325
1331
9142
8368
3122
6575
4852
3823
9835
6233
7108
3049
6398
2857
5927
7585
3671
1806
4129
8695
3775
2070
9773
6150
1220
2701
3688
2338
4884
9900
7679
3071
6110
2295
5749
7505
2902
5354
1964
1912
5402
4952
3157
5283
6299
3802
5723
6357
6853
7514
3502
6415
3836
8743
7691
4920
1116
5141
8643
9231
4553
9887
6398
4285
5424
6473
1965
1175
1935
8415
5357
2125
1759
6075
7089
9101
3123
8188
1619
6806
3458
1993
5119
1620
2861
7863
7822
6296
2477
1141
3743
4135
9877
9412
4842
5487
1764
8454
4770
3894
3480
9272
7780
6632
1876
3165
6490
9430
1686
4263
2390
9771
9689
9487
6653
2906
9530
1874
2064
7256
1157
5575
5256
6504
5865
7636
2111
4406
9183
3009
4010
5240
4570
6966
3286
1109
9439
2645
9822
2540
1046
5739
9696
4166
1078
2752
2012
8245
2387
5019
6562
8647
4810
4565
7805
5740
2293
6532
1576
6027
5604
4131
5821
8543
1142
4054
4035
4055
5175
8835
3659
2314
6428
1744
4788
8513
1053
6384
1622
3664
6888
3443
7020
6961
9230
6203
6966
9965
9341
7457
3119
4384
4072
1729
2394
9828
6679
4206
1330
1145
8593
1034
5165
5882
2817
2568
4130
7387
6395
8287
3008
7144
5434
5638
3245
8648
3942
9825
9280
6694
3925
7378
7702
9306
3938
2482
6813
7085
9608
9041
4107
6825
8111
2491
5990
1755
7263
1871
4350
7516
8015
7835
9170
9112
6795
1235
4890
4759
1098
4441
1580
8377
9373
6184
9947
7222
4127
7975
8566
4705
2892
9806
5906
3498
7772
4191
8418
6443
6897
4202
9211
8149
7678
9621
8650
3334
5661
4783
5113
6971
3148
9004
4012
3560
3681
9761
9382
3474
1875
2733
4111
3566
9459
3408
5638
9365
4920
4263
2226
5193
7450
9659
4912
9344
4431
5884
6006
2729
6897
1579
7764
1237
2822
8013
4336
6551
7738
8059
2070
6989
1839
2538
8409
8929
2094
6335
3108
2131
7917
5096
2082
8247
6698
4474
8698
3861
3033
8052
9798
5718
6427
7806
2145
4353
6296
3344
7897
8789
4015
2491
7042
1488
6445
3864
8700
5791
2650
5676
7505
4001
8291
3357
5217
2341
8437
1148
2685
9481
8420
4739
5050
5924
8615
9945
1456
6563
5060
8251
6214
1613
7462
6672
2489
1221
9303
4563
3717
6079
1933
4258
5140
5605
5969
2583
8419
8775
3673
8507
4280
9273
2055
4543
3731
9302
7501
3682
4966
4234
9269
9663
6471
1527
4623
1760
2346
9607
5378
4021
2464
6464
1643
7844
7529
1940
9966
8988
5849
7728
7632
8831
6217
2768
5727
1804
2946
9893
3197
3982
2073
9478
2328
7326
9164
6585
1423
4697
3246
9189
3125
7775
3927
2045
1600
1344
1127
9578
9581
2746
4584
1047
4411
9332
2473
4228
2050
3621
3004
6622
5906
4047
1283
4567
3601
3786
2509
7414
1836
7584
2638
6043
6746
5747
9533
1210
8415
7750
6164
5613
4856
8249
3981
7480
2956
1853
2690
7311
1653
4670
1667
3254
4909
6223
6351
6518
9685
7165
6970
8903
6709
6515
6286
7523
4604
6289
3531
5760
2503
6290
3853
6077
7030
5611
7746
8342
3613
1712
3597
2060
5418
9358
3931
2781
2253
3170
2785
3032
6185
5876
5596
5942
1905
1813
6527
4666
3205
8587
2820
1361
1561
8662
8668
4075
3779
8983
1764
1609
4417
8983
6118
8312
3533
2809
1398
3127
2463
3068
7526
8658
5506
3339
5892
6421
1778
2386
4668
5852
8593
3014
3223
6292
1542
3256
3041
3212
3118
1622
5171
2579
2862
1080
9729
5377
1348
4549
1921
3254
4659
4001
5914
7726
5059
9824
5498
3636
3370
1990
6772
3153
2172
8815
5655
5187
8606
3563
6941
1465
4570
4571
2046
5005
6662
7199
2205
7465
6180
4495
8072
3795
5008
6003
2645
1132
5570
8810
2367
3726
2974
6502
1819
4714
5404
9100
6496
5126
5290
5393
9651
5515
6350
2663
7403
6181
5408
5200
9304
2939
7166
5891
7290
9221
2189
7889
9098
5260
5141
4300
3295
6429
2033
1265
8333
5110
7102
2674
6448
9373
2979
4289
8984
9762
6482
3447
2679
7265
1239
6241
2138
2728
8256
9631
5580
4388
5646
4871
2862
3357
3678
4230
2938
4482
4522
2203
3294
1963
2092
8143
1697
3031
7300
2879
9862
2992
3335
5501
3522
4956
7628
2308
7635
2850
9916
1926
5238
6341
5713
2088
8755
3328
5146
1535
2716
9036
8119
6543
8736
1594
1240
4028
3725
5805
6970
8273
2165
2343
1238
1312
8718
1634
5839
6120
6794
3685
9380
4756
9281
7737
6996
3362
6293
2740
3227
7945
9463
2991
9230
7524
3331
4497
5930
7007
6420
9782
5915
6432
8884
8847
2061
9805
1486
2397
1472
5958
8121
2162
5046
7316
6198
7657
7613
9967
6652
5348
9431
6547
4438
9245
5364
3748
6552
1598
5409
1240
2689
7683
5527
6078
2471
8703
3723
2773
8419
4508
9784
6031
7676
3980
3881
7071
8810
7978
5825
3304
7983
9519
8800
3193
7028
5109
8732
4879
7768
2199
7900
9376
6870
1831
8582
6334
3308
1304
8654
6063
3915
2037
3604
9517
2295
8057
2695
4107
5397
3976
4643
1167
3344
7213
4151
6256
8881
6510
4802
2184
6102
1088
5668
1391
9361
5033
7489
8750
2419
3532
3711
6811
2364
2825
9864
7349
4497
2240
2474
3910
1600
6009
7977
5413
6656
7840
7860
1652
2596
3091
5024
5338
4164
6546
2841
4181
7785
2953
3324
6702
2850
9106
3226
8824
3545
1398
8237
7114
3324
7126
1873
2632
6664
9003
5527
3221
2023
4609
1189
8187
8331
7172
2537
6211
6221
6284
5767
2071
1300
3321
5329
8223
2488
8124
5394
2245
6466
5834
8204
2047
7318
3595
2942
6825
4408
5839
2433
2387
7685
3596
1110
2422
3844
1647
8844
7566
4342
6646
6577
6834
6747
6829
4381
1511
3362
1762
1943
3278
1477
8317
5935
2126
5803
9718
6695
6225
4431
6239
2520
3535
2738
5649
6816
9458
7235
5046
9068
3844
7077
2278
6250
2946
9818
7743
3606
2294
1597
8073
6485
8201
1038
2086
6173
8443
6226
4182
2996
9245
8560
8783
4335
3935
5975
8429
6777
4993
6276
6412
1253
1601
6655
9228
9990
4023
3586
3015
3848
4226
4769
7898
8198
8081
6505
2558
1063
4688
8527
7850
4255
3658
6761
2225
9823
1591
3586
9935
1957
4316
7675
3722
6676
8505
4569
5465
8775
8439
9272
1547
8843
6357
7247
6969
1931
4536
5000
1712
8385
8467
8360
3859
1352
5162
5390
7995
9473
3329
3493
2567
5011
1379
2427
7532
2710
8454
5330
1998
6189
3404
1508
1830
8304
1287
7659
3657
1358
2860
6775
6659
1057
3986
1104
3153
5249
4065
3509
4381
2181
9283
1713
6081
2964
4574
3956
2940
2751
2605
1078
2447
8228
6699
4290
2669
2597
1346
3690
6260
1795
5810
1858
5347
6656
3470
6737
1133
2941
5223
6536
1410
5808
5926
2898
6725
3637
4652
3050
9166
5923
6053
5756
2499
1635
6562
6742
5438
4532
3092
1398
9869
2548
5814
3471
2779
3988
3196
1295
8369
3103
4543
2815
5351
9283
9118
9293
6136
2525
3257
4942
3599
5680
5500
5054
6046
6513
6173
3672
6688
2969
2679
4839
8222
9097
4224
2789
7242
6589
6244
1380
8260
2991
7891
1308
8291
3542
5103
2322
5040
5949
2353
6356
6060
7675
2880
9959
8941
3550
2073
6721
5994
5290
1882
4775
6201
3015
5696
5399
6949
6765
4885
5831
2930
9011
7459
1309
8341
8414
2238
6211
6242
6453
4219
8632
1680
3974
2739
2217
7519
8659
3235
7621
8834
7358
7550
5888
2062
1284
1631
8826
2700
4196
4534
3606
2803
8422
8227
8731
9476
3836
6663
6225
3804
4852
7794
4110
2393
8068
6503
5699
6560
8531
8869
2760
9095
5693
9590
4355
1762
3174
9162
1589
4583
4993
4108
8180
2430
4984
3250
1540
4480
9926
3412
5910
2130
5805
6730
5435
4111
6797
4214
4716
4516
1134
6944
2845
3534
9786
8626
5754
6680
7705
8936
7349
1995
1598
5762
5613
5326
5925
3132
2230
2338
8020
3602
3729
3864
5001
7794
9542
9349
3659
8206
4863
2601
1128
7316
5821
9846
2139
2389
7156
5760
5863
8410
9395
4421
8146
1304
6849
5640
8090
1334
1167
8795
2310
6775
9558
2209
7889
3682
1012
5795
5251
1986
8768
7817
3628
2230
4578
1182
1894
6536
1619
6916
2022
2093
7050
7914
1217
3810
6541
6270
3420
5809
4926
9961
6066
1763
4719
8176
8403
6066
3487
1744
3745
4997
9510
1597
3034
8993
6602
3794
6392
6612
7763
2173
7629
6049
6052
6289
6612
3526
5119
8921
4076
5136
4919
4902
2469
8778
1912
6457
8309
4540
8873
8382
8743
7691
3610
6615
1901
3397
5149
8334
6168
7027
7661
5079
6838
3741
5495
5964
3986
3600
3333
2264
4667
5582
8098
8442
7220
2069
4350
8918
4522
3741
8296
1481
5613
8831
3311
1458
3968
4577
1889
3791
2751
9465
2641
8130
9778
2125
7986
8598
4055
6886
5150
8480
4738
7996
1641
1597
3600
5641
2189
5657
6715
1630
9568
3033
1158
3838
6235
9801
1202
3245
3034
2147
4280
4553
7855
5010
1619
9453
5400
6247
2417
3039
4763
2480
7735
2004
9107
2013
6729
2787
4254
2110
7852
1049
6148
3018
5782
5551
2683
2784
3178
5907
6988
9251
9500
5523
4411
4387
6600
7634
7229
4468
3954
5502
7894
6534
3626
8093
1347
3468
6649
4159
5650
8928
4147
8322
2986
3814
8722
7234
4625
3425
6560
8019
1889
1814
4376
8216
1777
1828
6172
7195
5835
5140
9295
7866
5589
3708
3288
4071
6123
8512
2847
6450
6766
4961
4867
2949
3436
8819
5101
2764
8907
3513
2297
6245
3993
2750
3235
6687
4789
4919
6614
4595
1791
2018
7830
1577
2601
6523
6256
1030
2730
4986
5025
7268
6203
5717
6675
7154
7925
5942
5880
7868
9163
6606
5732
8207
3254
9713
9231
5320
5577
8923
3902
2119
3226
5692
4932
3093
5895
9311
2224
5282
6263
4399
7005
8299
5222
4946
5894
2222
5969
2606
5511
3129
1005
5630
5505
1640
6929
1673
2301
5751
8960
7109
4494
8050
9423
4930
7506
6638
9359
2496
3564
4625
1722
2289
2884
9192
2032
8095
2948
9840
1120
5174
3071
6819
8092
7412
4582
9164
6222
1375
2998
3395
4725
1054
5023
1481
7726
5116
1423
9380
6307
9803
7038
2873
3110
9632
8494
4382
5746
2386
7367
2644
1071
6647
2263
4222
9510
8411
2121
9723
4466
5643
3822
6415
9555
5023
6656
1315
6904
9080
1212
9372
7215
9610
5988
4777
4470
3966
6585
3117
9628
6335
7331
4235
4022
8371
2659
2659
1490
7691
1611
4020
6571
6047
4121
9946
8257
3337
4216
6963
9274
7610
8417
8647
6474
5769
6643
2398
8734
2638
7956
6655
8708
8899
9978
4686
6205
2235
5674
7597
5807
4708
7528
8939
5079
3153
8919
6693
4870
7972
3080
6540
7547
8194
5022
6037
9068
5686
5774
2837
6299
6201
4224
7398
2888
9320
6843
5677
1841
8828
3130
1300
7138
8877
1109
2369
1548
9818
9935
2263
2030
8964
5138
4864
1227
7495
7784
8322
4798
8366
5507
2411
4676
6060
7140
5369
4941
4243
6121
1301
8671
4620
5066
6339
6216
3091
1121
1178
5588
6137
1487
1929
9265
6352
7177
6370
4997
2551
7209
6272
9339
2163
1454
2493
7563
5403
4100
6759
6515
7106
6718
5286
5057
4680
4054
6205
8877
9441
2442
9776
9794
3585
6016
3892
2093
4090
4622
8797
1130
5501
6544
4302
4178
8068
1926
2699
1614
7075
4228
2859
7188
2612
3557
3454
9386
3064
3697
6107
9078
1863
2894
9126
2290
3339
7640
4504
3692
3796
8306
6446
9884
4100
7352
5986
4787
4767
3662
5538
4508
5115
1421
2344
9397
8838
3602
6391
3602
1510
4752
4228
6501
5334
2574
5447
9597
8599
2413
4409
1695
2932
9203
7408
4699
9635
5421
2814
5405
6788
4362
2504
6714
4451
3055
7386
4097
3069
6966
1539
8534
7931
3130
6840
6901
9555
7954
5264
3664
6505
8181
2636
4895
2487
3177
2949
4286
1764
6601
4638
1803
2239
6670
3059
5904
5642
6240
1000
4402
4529
1493
1211
3994
9536
7220
1500
6895
9865
6418
9597
8461
1417
3529
3474
3949
1405
3166
3465
6531
5132
8828
4285
6921
6211
1019
5465
8666
6909
5930
9990
3339
2643
8986
3257
1220
9153
8947
3093
3363
1655
1248
8199
9761
2278
4770
2586
9013
6049
6700
9784
6624
2457
2653
7958
8136
7466
6116
5363
6011
8310
4041
5216
9481
4758
1110
6816
3963
1156
2405
1802
7833
9923
1460
5126
2637
2806
3713
4088
8198
8917
5722
1219
2679
2708
2202
4450
1978
5301
4100
2600
6210
6848
9360
5243
7445
1511
8634
4546
3978
5551
5542
7804
1690
4749
1602
6330
3120
5914
6452
4522
1326
8337
6682
2661
2169
6925
7158
4083
2478
9242
8810
3454
1736
4099
9499
1266
1532
4852
8671
4617
2507
8077
5261
2294
2106
6313
7904
8322
7399
6268
4908
4538
2988
2347
8080
5268
7291
4086
1803
5729
1719
6696
1150
6150
7348
9076
9918
5961
5653
6258
9424
4261
3695
9839
3866
8069
5605
3185
7738
5281
5568
6501
5996
9348
6766
9838
1549
6514
9628
3280
9267
3282
1887
7568
5956
1460
9768
1841
4454
5925
4272
6506
1185
8093
2718
6589
2953
8076
4090
3350
1540
6084
8301
3843
5211
6693
1918
9602
6457
5261
2458
4525
3810
3902
2229
2589
8272
5075
4849
5832
9970
9100
3913
7335
5842
7052
6093
1295
5582
4451
6217
9577
7914
4629
4141
5036
6202
2490
2948
2129
2387
4404
3059
3850
6134
8275
9646
5017
8992
3517
1440
7649
8617
2907
9432
2968
8956
4474
6164
8550
3315
6537
1359
9375
3422
4365
3923
6713
2889
3839
6594
4765
3415
6926
4089
4833
6168
6667
1033
9433
8628
6521
6762
3418
1828
6264
5472
5431
2848
3159
9734
1952
3285
7943
7481
1315
9161
4220
5162
7314
1281
2987
4204
6611
8700
1086
6064
5411
4388
3888
5963
4498
9552
8731
6755
7405
7533
4843
5898
1094
5647
2672
4876
4472
5886
4998
1365
2219
1888
1590
1356
4004
1933
3493
2164
4549
4513
8710
3529
8381
8269
3583
1913
7548
1278
1709
3606
8007
2615
1604
4182
3113
9703
4037
3920
3597
6264
8702
7263
3139
4750
6606
7649
8792
6675
3002
2424
5025
7700
1472
3328
1986
1488
4896
1555
6654
9675
2775
8675
1066
3289
2429
2403
8098
9081
3971
6060
3939
3139
3873
2967
3808
3676
7542
7697
1197
5202
6081
2459
5867
5750
5754
4431
9126
1625
2622
4308
8741
1569
9483
6668
9831
5248
3110
1372
7037
8034
9450
5380
8168
7141
5607
1704
5557
1036
3546
4112
3489
2726
7581
9130
7230
5816
4317
7566
4976
9497
1152
9313
9707
2617
5099
5633
6014
5958
5843
2593
4932
7994
7330
8568
1904
9136
1829
5685
7639
2254
9545
1630
8399
2470
2337
2758
9002
5291
9361
5972
5961
8360
8676
7236
5708
6974
6406
2541
5259
9480
3955
8729
2672
5839
2374
4667
6285
7944
3152
5419
3357
5444
9807
2216
6605
7481
5329
1766
7557
6750
4819
6923
7960
1942
4555
6347
5123
7375
2710
7341
1009
3230
6967
5927
3380
3464
2230
8382
4215
7849
5866
1887
4640
3136
1776
2409
8521
1545
3915
1138
5726
4305
6137
8180
2514
4596
3423
2209
8548
5390
3689
5975
3191
7746
5644
6407
5805
1729
9482
6907
2931
1631
5608
2945
3003
4027
1444
9854
8217
4002
4727
4538
9915
3590
1619
4928
9944
3724
3907
3227
1156
5535
3654
5391
8850
4176
8399
7988
8427
5047
5375
7874
4820
9148
8633
7023
3193
1198
2500
7773
9243
2257
9542
6414
6534
4371
2936
2444
1107
5452
6663
3660
3271
6814
8591
5396
9686
7226
3390
5653
5186
5368
1921
5071
7604
3484
1664
1028
4910
4167
7285
2013
2166
1194
6512
6616
9781
2477
9284
7539
1797
5786
3887
5574
6081
2332
4061
5199
1393
8776
7761
5593
5945
3818
7876
2092
2318
3542
2723
2804
9969
8525
3487
9968
9031
8395
7748
5970
8665
3656
1104
1870
5961
7618
6167
6360
3520
4140
1114
5179
3991
5796
6054
6682
3162
8482
5315
6389
8489
8682
8540
5802
4702
3065
3024
8353
1265
9846
5062
2955
4431
5325
6563
9278
4268
2681
9128
7754
6322
9363
8990
5597
3299
6411
5905
2589
4522
7670
3051
4063
5772
6385
1397
1809
3544
6206
6518
9046
7265
9984
7488
1747
9559
5265
4680
1149
9841
2818
1375
4207
4537
3681
5188
2817
9192
2771
7211
9901
5105
3009
9707
5778
2379
2229
7811
5010
9444
8938
2136
6731
5997
4662
5845
1288
7413
6392
3999
1723
6122
4581
7228
4926
6331
4083
1313
4436
6140
3543
1342
9149
9565
6435
2100
6430
9521
1101
4187
9031
3870
7698
5264
4976
4779
6592
2748
7774
3115
1700
5305
4474
7122
6490
6588
8970
7009
8605
1296
1805
3454
6408
8849
8757
7101
8194
4918
3660
1921
8587
7226
6176
1403
7249
8106
4710
4796
5809
2544
4919
9490
7992
5846
1647
5195
4108
9805
3459
1655
6543
1763
5702
5448
9620
3471
3448
1749
8974
7369
1972
7806
1847
7082
4319
6214
3706
4853
4422
2563
6276
3027
1211
6889
8934
3904
6662
5407
3034
2394
9887
5992
3067
2603
9724
5642
4144
9716
7919
2141
3533
4624
2385
4808
3224
6471
1084
6917
5952
6491
9362
2557
7050
9293
3189
4502
3356
2854
7815
3911
5731
2057
1019
6883
9833
2290
5434
7273
6247
1136
4822
6823
8814
4258
2577
7766
2111
1217
9045
1070
1862
9903
9307
8588
1348
2301
5067
9710
1047
7647
9523
5446
8690
2938
2335
5033
2026
1599
3032
6536
9520
1975
6557
3730
8021
3396
4088
6695
5480
4468
1607
9222
8068
1641
6037
2198
5103
4694
8475
1090
6794
9492
9509
3610
1295
4978
2078
9398
1539
8590
4600
7269
6192
2729
2077
5198
4023
9883
6836
1976
2902
9523
2892
2625
7020
5922
7699
9621
2572
4280
4185
3826
6898
2489
3938
4542
2244
5291
5020
3211
6592
2239
6272
7402
5491
7876
6296
4489
6208
6505
3849
9413
5222
3251
1967
6962
4307
8743
3995
3270
9168
9597
8365
2185
1729
7257
6200
8510
3072
8092
5909
3633
8677
5002
6479
2904
6450
3234
8783
2627
6829
1826
1264
9436
7031
5967
3582
2078
5049
1303
1360
6011
1127
6557
3403
9312
1939
4194
9551
9230
8354
1068
9046
3215
8146
6506
8527
8565
4090
6946
9264
2304
9931
6402
2458
5071
9696
5215
2414
5925
6812
1190
5311
4090
7391
2289
1188
3111
6477
6167
2632
2859
7742
2287
9319
1847
2629
3311
7584
4258
5002
1927
2271
8118
4065
6350
3523
6909
4069
6125
1569
1914
6657
1423
9031
5606
9669
1945
6988
8346
9182
9871
4960
3531
6470
6432
1182
4175
8233
4467
2274
2335
3430
7018
9908
6907
6427
6267
1562
7119
3513
9886
4688
3265
1563
3033
3053
4071
9218
8096
3717
3587
2499
7364
1384
9574
3582
1311
3055
7010
1074
6279
4003
9732
5098
7322
4699
2464
4530
5040
2763
7430
4334
9472
2643
6237
4163
7801
5271
1029
5218
7244
7229
5490
9724
1817
4259
1770
2995
7679
1667
4869
5281
2422
1219
1812
3010
7508
4560
6726
4437
2811
9204
7181
6304
4755
4792
2270
4502
1194
1755
8931
6837
9830
7621
2511
9515
5310
3317
8923
6733
6482
9407
5529
5241
1021
8093
6337
1426
4049
1595
4022
2219
2354
4579
6973
7561
5328
3889
6210
8795
1722
6472
8103
2429
7503
8869
9997
6740
1172
1808
8797
3442
6951
3686
6602
3549
6522
1879
4230
4511
5527
9194
3121
2731
3155
2912
5452
1695
4892
9075
1495
5081
1619
4190
5575
7827
5167
6193
5474
6903
2623
6281
7998
6640
5288
4249
4117
4054
8266
7623
1129
9395
6852
9700
1626
8556
2911
7354
2526
2610
4651
1982
4454
3593
6136
4420
6436
3456
7911
5990
1680
8809
4005
1781
2191
4899
1671
7681
7677
6222
8489
1701
2327
5702
8650
8738
9425
9329
5107
2973
9446
8473
5389
3224
8757
1620
2254
4846
2673
9064
5880
1479
2799
5436
1438
4340
1554
4203
2412
5680
4475
7264
6752
8154
5519
6778
5465
7132
6838
5904
3881
5583
1149
2504
2758
5421
5105
8928
6239
3240
9002
9308
3715
5027
9874
6921
3915
9550
1563
8536
2728
9109
2073
1276
5032
5116
4333
3508
5981
5814
3070
5469
8682
6665
1772
6180
3847
1050
4173
9576
7660
1828
9630
7776
8926
5839
6018
8433
2809
3975
1780
7692
5166
7251
6567
3065
5741
1820
5232
5992
7143
2721
9298
6576
6944
6506
7457
2742
1155
2332
5786
9807
3703
1654
1419
5159
1654
6377
6362
9574
1184
1782
7534
3924
7079
4344
3657
6724
9450
6643
3846
3053
9493
4038
1637
7492
3694
8377
2739
5661
3677
7427
5868
8079
3305
8032
1891
7488
5450
8513
4623
6581
2477
8093
1819
9555
2467
9304
2872
3749
9399
1006
1573
6445
9213
9365
2392
6931
7173
6375
1942
5916
4744
5297
5899
5072
1122
9201
2349
6578
2184
6493
2954
7655
2522
7814
1442
7536
2123
7501
2543
4101
5462
6297
2698
6182
1343
4344
7959
6461
2945
7942
3713
5084
3075
5391
3894
5796
6015
3572
8761
6286
3045
5502
9922
3929
9373
9174
2809
5706
8738
4236
9399
6543
4324
2191
9055
2724
1074
6326
5463
1794
4581
8695
2895
3046
4942
3815
4638
1740
1800
6440
2231
5663
4309
1224
4063
3988
5256
7168
5552
9210
4989
8511
1775
8489
1994
7108
6666
4624
5989
2132
1324
4887
6672
9838
8276
5060
6864
3537
6106
4013
8947
3955
2315
8460
7525
3874
6759
1810
3058
6255
1656
3698
1713
5716
1003
2620
7235
2090
3189
8590
2232
6828
6960
3599
3709
3697
3741
1350
7333
1924
4579
1651
9622
4228
1234
4520
4470
5524
1633
5781
3329
4735
5854
2708
6033
2150
1051
3611
3627
7172
5881
5064
4754
3736
9978
3768
1057
1774
5974
6278
6173
9975
5443
2795
2784
8653
5957
6683
1755
6393
6176
1676
7256
5905
9759
6627
8121
5372
1422
7963
8356
7537
5772
1130
1385
4713
2758
4623
9297
8355
4013
1364
1095
6128
1084
1725
7107
1116
3799
2762
4338
7615
5769
7453
6765
4357
1016
3502
2041
6201
1419
5372
1107
8102
2347
8163
2188
2561
4985
3360
3853
7039
1649
1112
6824
7653
4966
1553
6122
6451
9600
1547
4645
8169
7204
6659
1986
8737
3160
9357
5984
2516
9609
4529
3341
1542
4426
9442
5297
3528
4324
8382
3671
3433
9690
5570
4120
5796
1473
5078
4970
7326
3115
1575
8309
3708
4039
9346
2097
3105
2859
2858
6246
6761
1030
3528
1558
4829
6772
5308
8471
8325
4409
2500
7812
8159
7434
7645
5654
8454
1468
1881
2544
3786
3414
9790
2727
9508
8470
9719
5188
6427
4925
1065
4244
3007
6393
5546
9958
3150
6089
9768
3866
3762
2482
5410
6264
1593
1216
4431
3666
4562
9915
4277
4697
1657
7429
9697
1548
4305
4262
7895
2002
3838
3707
1217
7860
9871
6277
3775
5578
5661
9162
1471
5962
6540
5652
4081
2344
3400
3217
3936
2143
4664
1882
9220
5890
4203
3230
4192
8677
9756
6330
4073
2046
2876
5356
1511
6677
1243
6994
3393
4685
4618
4992
1474
6674
9797
5661
5842
3956
6519
6954
5631
4693
2649
5873
1698
9021
6932
4134
9409
7673
6363
9128
4974
4077
3203
8377
5184
4874
6581
3711
2852
6919
7895
3303
5023
9525
1691
3999
4289
9346
7522
6201
9383
5378
8882
6306
5581
6246
5315
1140
7897
5827
9882
3108
1280
6487
3298
8799
8515
6611
4414
1218
9691
2023
4710
8794
5394
4797
6922
9556
1535
2188
7837
3442
3141
6854
1901
8825
3068
1077
2532
6730
7964
4893
2785
8222
5208
6437
2325
7427
8511
8405
1548
1460
6517
9921
7516
7636
3307
7226
3884
1705
4631
5459
7663
1095
6840
7607
9292
3908
2987
9413
1601
5477
4592
9779
5726
1442
8166
4045
6432
1743
1720
1905
8314
2909
1415
3328
5593
1774
4622
1975
8068
4356
5612
4199
7936
4870
2145
6763
3257
5501
4679
9160
7675
5502
2207
8067
6465
1117
2174
5847
6165
2538
3914
8466
6348
4918
1987
2307
6723
5008
2688
8926
5115
4596
1542
6287
9033
3556
2393
5429
6543
6328
7268
8862
9884
2998
2034
8351
6103
2271
5860
7526
5923
1405
3947
4156
7647
4234
2206
1646
1040
1218
1387
8130
7250
1994
6739
3765
9497
8804
6431
9350
4591
6740
4797
6282
2257
2329
5153
9423
6275
7181
9037
2089
5721
7209
8557
9015
9676
8509
3202
4732
8208
5488
3141
5961
5354
2219
8972
2784
4661
8602
6489
1742
9450
1546
3584
3014
2269
7656
5181
1741
8692
4637
3455
1477
7267
6006
3682
4301
6815
3479
5153
5882
2177
9893
8097
5184
5064
9516
5383
2065
1511
5638
4158
4089
1911
2768
1625
1299
1554
4762
5125
9835
8294
9091
6239
5209
1456
5612
4495
6280
9830
8933
6335
3758
9231
7980
4911
7465
3403
8229
6829
6021
3666
1046
2867
9129
9866
1405
8498
1916
7230
7210
9935
9239
1559
7242
6530
8605
9774
9124
3245
5192
2884
4258
2581
9322
1544
2460
5828
8586
4374
2041
2095
8669
4668
5056
3627
6173
7311
7376
6057
5024
7965
2232
8552
9141
2720
9127
2038
1409
4715
9389
9368
7931
6677
2488
1816
2063
3347
1616
8910
7312
4764
2966
2782
5768
7036
3158
8546
4561
6516
4005
7976
2487
1069
3700
9586
2688
6422
4697
2944
5658
5212
8387
5609
5618
1051
4045
1520
8302
5105
4819
1062
2829
7630
5653
9048
3279
4822
5717
2194
6465
1994
9369
6862
6455
6805
7465
3207
9634
5324
7918
4693
6062
7848
5233
7423
2673
1008
8625
9821
4940
3759
3313
2701
2632
1198
1775
5700
7612
9792
5434
1120
1996
9050
5710
1823
1392
7822
6307
4729
2306
5556
4918
2355
7215
7040
2457
5096
8098
2193
3152
1985
7563
7537
4329
9110
9252
8776
6142
4449
2693
8235
2913
6647
2026
2059
6148
6788
4986
4328
3933
1620
4291
9266
1231
6370
2478
5658
4857
2048
2228
4103
5510
9193
7327
9612
6100
4081
2150
8956
3900
3409
3053
5509
4353
5587
1029
2531
9398
4354
1065
5019
5693
7448
3848
1847
9657
5643
2363
1150
4442
3351
4444
1668
6097
4355
3647
3702
3113
3896
7374
9264
9049
1506
1411
2235
8038
8042
9886
6227
6050
2808
7162
7493
8791
6353
2917
9407
2913
6363
8345
1422
5358
6516
9943
5529
8623
4105
5601
2828
5861
5430
3950
9170
1378
3098
3328
3722
5482
1031
5107
7963
5845
4129
1730
4660
2165
4514
4797
9908
6731
2625
9448
6941
3816
2553
8337
7913
9441
2353
8194
5691
9566
5846
2760
8377
4308
3603
1468
3192
4329
9708
4879
5129
5716
4860
6913
9742
2509
1571
4495
4957
1263
7409
8539
4134
2054
2418
6728
6641
7177
6915
8654
8461
3874
7854
2610
8632
4228
5777
2223
8933
2976
5789
2644
7211
3677
7600
1789
2195
3166
6692
4986
8995
4771
9246
7240
5511
3521
8216
3868
6409
1628
5548
4056
5082
6330
4268
9591
6869
1249
2215
5311
4804
8415
6139
1797
4015
1653
2186
7349
4208
2941
7184
5871
4445
6563
6250
4670
8517
1567
2337
8802
5592
5050
3251
1881
4633
3836
7665
2090
6444
9972
7867
2813
5359
8246
5362
3796
5790
9799
6696
3648
6546
8128
9370
5656
5843
4204
9484
5557
9623
8209
7873
8031
2143
4774
6913
2009
1614
6191
4702
6470
8068
2530
4160
4098
8833
9811
4005
5619
9172
1208
8445
6122
4825
1257
9185
3108
1996
8855
4898
2045
3899
6834
5430
8417
5563
7105
1253
1162
9721
5705
5851
7680
8654
9224
8803
8704
2684
6328
8034
4851
3865
8808
4139
2218
2147
2135
9424
2949
2553
3646
8421
8776
4245
7363
7951
3565
3896
8990
8093
4603
1963
8119
4096
2984
2295
4406
2601
1442
4258
9768
2676
5274
9644
8334
1439
9313
8060
2328
1081
2059
8153
6199
2352
6907
2393
4795
5559
6292
4778
1008
2759
5027
