2048
5681
6510
6678
6264
7904
2516
9142
1919
4741
9695
7884
3696
1400
5560
4365
5900
9964
8112
3533
7018
1533
1426
5131
4476
4188
7510
4187
8484
5825
7831
8302
6508
1528
1103
9102
1413
1497
7986
3425
7343
3052
5184
5631
6199
4219
8093
9068
4158
8972
3715
8592
1584
7877
6761
8649
2542
9524
5439
3832
4722
1236
2639
1169
3775
1301
6001
1693
3941
7750
4351
2266
2896
6687
4790
4295
9033
1825
1397
1937
3393
8078
9593
2029
6781
3924
4786
3996
9531
8135
3237
4872
5637
3531
5116
3842
4946
4541
9997
2962
6216
8936
1425
2200
5735
9595
9453
4055
4699
5512
9464
8140
4625
5418
6145
4577
6940
5814
7430
5251
8140
1787
1598
5306
5181
1724
7877
7376
3254
4898
3618
7266
9457
3826
5255
2512
4546
6804
9548
3851
4506
6043
8230
4729
2294
4212
4293
2461
6434
4143
9727
1027
7766
9704
2634
9130
8240
7687
1309
7443
7140
7257
6509
2035
7378
5019
2608
7999
1770
8849
4000
8309
6745
2935
8365
6531
7390
3809
6200
2176
3238
1050
8630
3287
4461
2251
1561
3298
4971
2940
5675
5659
2351
3636
7489
7880
2778
1083
2088
8830
7917
7208
3964
9140
7278
4125
5329
3541
1765
6558
8180
7131
8226
9248
8929
6251
4842
3490
4120
5559
3206
7211
2501
4562
3511
2657
9951
7035
8444
8885
1787
5805
3541
6046
7141
3883
6071
5686
7159
8110
7096
2750
5049
9012
5771
9287
2907
5732
2498
6113
4567
1255
4592
5952
6105
3306
4910
1307
4749
1764
4090
3618
9967
2974
6243
1476
1641
3595
2093
5294
4173
5071
5624
8278
3238
2825
9601
4837
5543
8011
2581
9519
9210
1460
3260
4027
7058
3079
6057
4649
8686
3453
4050
7359
5704
5287
7738
6087
8236
3918
7490
5339
2439
1447
7426
1220
5762
8204
7969
4739
8950
7820
4718
5375
2680
4707
6862
5337
3793
4000
9011
5958
1213
3498
4516
2459
1213
5647
2273
5288
1083
1569
9217
3865
8400
2665
2704
6977
3532
4356
5856
7459
5705
2088
2614
5445
7396
6646
5915
4416
3966
4969
5098
4387
4507
6829
8559
9137
4685
8103
1697
5692
3557
3090
5901
5846
4278
6555
1599
6544
9099
9735
2359
3264
6922
9681
1776
9007
4771
9572
7155
1793
6031
6220
8568
9181
2721
4947
9195
4599
4891
3758
7696
8238
8623
1856
1999
1805
5805
3557
2187
5424
2389
5373
6124
4890
1290
4839
2764
5839
6553
7967
9817
6980
5950
2044
6447
4494
9969
7482
8490
1617
6115
3185
1961
4618
4252
3152
2235
6117
6711
6344
7092
1047
8236
9051
7604
1774
7585
6698
4765
2815
6635
3056
3982
6991
3839
6097
3433
6510
1021
6507
9458
7443
7792
3403
1011
9001
8939
4492
5459
9884
7375
4090
4078
7629
8218
1460
9290
2344
4556
5447
6151
3305
2838
2192
6467
9029
1371
6815
5321
1979
2935
1380
7518
8293
6454
6780
4631
3182
7532
9978
4143
2588
5307
5033
2540
1049
9116
9355
4045
1989
4897
8219
4475
4157
1927
2926
4197
8794
3095
6070
6897
5205
7873
1814
4315
6425
2215
5117
4007
8668
6690
9844
1752
2791
5921
4442
4369
3771
4371
4192
5607
8659
9843
8114
8416
8863
4125
4718
4344
9826
5229
5283
5372
5717
9089
7827
4444
3962
5038
2752
4707
1873
8407
4104
4616
2830
8726
9857
3244
5092
7182
9081
5615
4219
5223
4910
2826
3711
4040
1430
3445
4709
5035
7479
6632
2497
5942
7191
1231
9352
3722
1488
5707
7221
2482
8338
5056
6075
1965
8117
1655
9165
7520
4606
4102
4918
9192
1772
3917
9957
8272
8753
4902
2774
3818
6470
1390
5356
2380
9329
4479
2825
9561
6829
7370
2828
3343
6180
4954
9645
8798
6423
8223
4520
6926
6068
2300
9413
5611
1566
2226
7484
4775
7814
2103
1722
1257
4541
8226
5039
9588
1465
5991
8254
3494
3550
3614
9717
3154
6490
8624
2964
6621
2260
6419
7156
1951
5685
8219
4337
7137
1566
9375
1028
1091
8300
5210
4726
3806
3940
4623
3453
1145
5710
7855
7312
8443
2440
5457
1430
3988
6125
3720
1005
6476
8976
6690
3995
8893
2336
1299
7434
6887
2366
7798
3244
6470
9338
1692
3455
9785
4293
6794
1301
7789
7793
5359
5914
3765
6477
8664
5203
2644
6677
2659
2955
9942
2157
8735
2992
6434
6459
4595
8335
1623
2669
3445
1383
1669
6355
8827
9359
1605
5830
7271
1120
2535
6607
9161
3109
5936
6808
3015
9539
8323
3111
6078
2763
2475
8496
4252
4730
8017
8230
7189
1206
5091
4751
4735
4118
4618
5816
1248
9821
2429
9670
2942
9546
1253
9465
1691
5379
9596
5670
4359
4574
3747
6968
4454
3576
6449
4376
4946
4460
4146
5188
4648
7080
2002
2898
8312
8937
1833
3656
6940
8655
5425
4846
9269
9732
4654
2224
1683
9914
8488
4219
4795
1447
2913
1409
9294
3510
6090
1927
6055
6439
7665
1917
2614
9423
9286
2182
1704
5165
1787
4299
7971
6336
9213
2302
9937
9782
4217
6079
4347
1895
1988
5310
6230
6444
6098
9417
6384
8885
5468
6994
7685
5636
6915
7712
7809
7250
6585
1729
8039
6116
1329
7711
5731
3819
6470
8650
9558
8989
7962
9399
9231
9322
7280
1613
1523
5119
9181
9944
8645
6669
3599
7240
2211
9140
1466
6235
5978
5020
5577
2285
9331
8927
4051
6105
3728
6083
7795
9860
5657
8003
5594
5879
3772
3594
4122
6224
6707
7706
9467
7933
5780
2165
6939
8741
9284
8032
2074
2928
3633
8503
6196
5409
8653
1005
8486
5257
4448
3168
5117
7748
8026
9912
7487
9257
5171
6383
3887
5077
5563
4706
6643
3113
2982
3211
2754
2165
7246
8758
6375
6214
7779
1395
5551
4909
8832
9347
3381
1980
2950
6568
3749
7881
1285
9032
3685
4680
4787
3266
5372
1750
5959
2325
3363
7188
7881
5256
4101
2359
6226
2179
7602
5918
6675
2663
2001
4991
8156
4205
8366
9038
3243
2676
9985
2058
2247
1822
5965
6418
2345
2486
4846
7254
8535
7436
6917
5795
2996
4033
6049
2841
7172
1016
5156
4459
8072
5266
6048
1526
8687
6690
2207
5045
8208
6691
8269
6305
4131
9894
5550
3583
6484
9946
8108
1961
8212
7775
6137
7313
4757
8550
3543
6363
1918
5512
2731
9643
2945
6724
1120
9978
7572
2276
2054
5427
9879
5781
6601
3482
4582
2704
2794
5805
6885
1499
8017
4122
1333
2323
3816
3602
3536
1599
2948
8189
6303
6426
7758
1010
4909
2107
2706
5069
1253
2728
6283
5729
4815
1195
7500
8561
4652
1621
4610
4308
8265
9735
1285
5119
6588
3468
2315
6590
4969
8498
2012
4194
7456
7783
3473
6980
2353
6582
1289
7952
7478
7463
5010
1259
4822
8415
5346
4394
3669
6186
1071
4494
2372
1924
3746
6290
2151
5787
4917
9443
2069
6166
3429
4450
1291
5262
5319
1496
4963
9125
6989
1927
3255
4570
8441
7940
7768
7661
4194
5289
4295
8427
8823
6974
5314
4780
5754
1590
7252
5566
6152
7794
4277
9484
2025
5934
2492
5799
3674
3369
5940
2399
4725
8539
6039
6976
7284
6252
6999
1425
7340
2212
9651
5873
8887
5930
7434
6762
3497
3527
8315
3697
1637
3211
1739
1126
1796
1613
6220
2787
2608
3434
7743
5985
2340
8192
4707
4268
2752
6224
2217
6461
4227
6994
9917
4358
6017
7367
9723
3620
8569
4238
2556
7347
2234
4189
4250
6657
3030
6074
4539
8397
2225
5105
9105
2290
5984
1698
8845
7804
6293
1715
4879
8614
8588
3476
3986
8771
7947
5121
1483
7541
6111
1885
7235
5499
5498
4438
8243
2497
3001
4510
6491
6069
5476
6493
5455
2428
2961
7987
3859
9563
1113
6957
9446
6372
6340
5649
1846
2018
7777
9228
5142
4136
3807
4431
5007
5120
1367
9947
4968
1751
3006
1995
2728
3494
9612
8435
1663
4153
9266
7844
5837
5235
7581
4149
9000
3030
2905
7415
6114
8237
2406
8635
1462
3832
6693
1763
7790
8316
3606
6896
2079
6596
8445
4419
9740
4318
6579
5904
9283
8211
4260
5756
5356
8599
6624
8510
2986
4084
1449
8560
5417
8280
6960
9586
8816
9786
1140
9823
1473
2872
2997
2631
2775
3076
1888
4245
8418
9304
5108
3428
8982
3003
4201
5272
1001
1299
5850
8905
2117
7576
9729
2475
4610
6208
1003
2226
4548
5607
4540
1515
2390
2072
2886
5913
8299
1412
9888
9239
8285
2116
3619
9416
4351
7143
4881
3543
7305
3718
1502
6658
6990
1738
3636
2149
2768
1486
7446
9432
6971
3779
3210
8885
1769
8001
7067
2589
6517
2163
2233
6629
3881
3069
3171
5750
5325
4248
8447
6698
3547
2842
7771
7633
6226
4595
6109
1674
7513
1306
5340
2934
6587
8033
4184
6790
6787
7174
7015
2249
1312
5275
4651
1263
3581
3329
4415
7965
1370
8941
2575
7147
2604
8028
8130
4061
2869
2482
7393
9547
5216
8455
2936
5801
3781
2078
8448
5470
3575
4335
5090
3576
5980
4363
5868
8945
7472
2521
4728
8236
4300
6395
6942
1779
1680
6174
1089
4856
9977
2478
4076
3584
5037
6445
4174
6225
6269
5820
1131
4292
6271
8736
7115
2745
8053
9623
5781
6040
7251
2146
6186
5696
4816
7842
9944
9759
2575
8566
2152
7320
1376
4397
4942
9159
9864
6721
3985
4370
8396
8073
5168
1127
9969
9640
4537
2586
1172
7342
5671
1233
4872
4830
3990
9308
4787
4712
4645
5888
3448
4341
4155
5985
7277
3149
9356
1727
2859
6776
6182
7581
6985
9455
1340
6551
2457
1282
5206
9782
9073
7018
6756
3723
4186
3670
5184
5575
5573
2777
6961
9858
4893
4610
8638
1049
6028
1075
4068
8863
3791
8836
2489
7797
8065
7956
8871
5955
5212
4671
4942
1915
8500
2594
1325
9235
8218
1283
3809
7305
6940
6557
2063
1432
8708
7288
1635
9031
4100
9358
8947
3880
2187
9106
6051
1252
9294
8960
1050
3744
9773
4997
9611
2640
9960
4873
9180
9011
4872
6722
4897
5029
5360
3197
5972
1487
5213
3630
6089
2820
2454
8539
8493
8145
5974
2080
3956
8962
7523
4216
5298
9407
4840
3830
1561
3179
5070
9665
7647
2710
4335
2738
3535
2744
5022
2224
9707
9236
4402
4297
4437
8009
7455
7168
9216
7956
2164
7114
1883
5122
5127
4103
4232
1683
8898
1612
4504
7319
1592
9785
4988
8035
3166
8345
4528
1000
3989
4831
9983
3283
2454
3205
3003
4327
4505
3258
6662
6442
3641
9066
2860
7860
8658
3170
5337
2659
7378
3457
4563
3692
1900
4158
3752
6314
5782
4636
8345
7849
5198
5654
1135
5131
1952
7233
6695
2099
3225
8401
4246
4625
8166
3130
4247
2909
7256
8641
3672
5457
5286
3320
3898
7934
5533
6135
7687
4527
9434
6592
4276
8886
8997
5435
9379
7996
6069
8207
2857
4149
1814
5634
5631
1601
9635
5966
8944
3049
7033
1240
9707
1349
1134
6072
8254
1358
4490
7608
2199
9878
5550
9877
1349
3903
8428
3394
2086
5881
5485
5488
6844
9874
5399
2259
7326
9618
9369
4984
4785
5329
9047
6022
6080
3530
5314
5368
5642
7548
9156
6633
8580
7883
7289
3161
5896
1201
2958
5894
9655
7365
6375
4654
1439
6226
3270
6501
5936
4695
1924
3882
1262
3802
8819
1621
3435
1436
3802
2808
5998
7482
4807
4268
4220
2913
8998
4683
4802
4710
2732
7120
6333
5232
9685
8735
7709
7835
1228
5404
3092
3010
4840
8634
8263
2647
6147
3893
5455
3169
9315
2078
6224
8500
6846
2244
4906
4215
4174
7466
8838
6324
5345
6745
5450
5220
6034
9505
5691
2753
2104
6270
2707
3383
2082
9448
4410
9890
9568
1249
8479
6659
9454
6070
3613
1147
5127
9479
8150
1673
5284
6282
3069
9658
8170
4037
6646
9094
7043
3795
1484
4231
2115
3999
7335
5834
4937
2503
8065
2801
2405
6572
4630
2954
5565
8752
6054
1308
2702
4438
9811
4055
7774
3844
1095
2127
2836
9937
6535
3623
2263
4170
6130
8643
8435
7838
2310
2252
2407
7937
7220
6974
4467
8860
3484
3905
7635
5879
6652
8809
6091
2101
8047
9963
9564
7385
9793
8128
8292
6152
2104
4561
2794
3796
7978
9937
6669
2320
3190
8015
3516
5598
3949
1791
2692
3570
3020
2373
9522
6790
6939
9624
3646
7784
3611
7739
3990
3504
5193
1063
6638
3386
3997
3241
8594
3693
2375
1643
5359
5400
3455
3568
1775
