2048
2742
5768
8518
7919
4604
4749
4137
6552
6827
4657
1479
3994
1422
3366
5986
5923
4967
6339
2413
1108
4841
4447
7990
2681
3159
3497
3973
1562
7562
3840
4100
6751
3784
3023
3711
9574
5908
8804
2286
3111
3993
7204
2123
2502
2370
5551
4610
5377
5664
4181
1654
1771
1906
4049
5048
7373
6899
5884
4011
5814
1260
6642
3629
4971
4340
9406
2519
3922
5404
4492
9873
2195
6313
1406
1592
8053
2119
1038
8170
4466
6874
1551
3320
2847
5288
6791
4225
6948
5718
3677
3146
4722
3373
4222
1189
8083
6140
4989
7064
4475
4129
9243
7115
7141
4299
2118
7797
4297
1036
1267
6946
9845
4422
7539
7271
1668
1363
2458
6290
2775
6387
7327
1108
4245
6245
3112
3141
1205
2895
6343
6620
3393
4528
1093
5381
4891
2523
6488
5115
2032
9912
7022
6539
2046
8291
2805
8100
7072
7767
2935
1453
3691
7953
6629
4841
5440
4979
9984
2634
5703
5340
5157
3804
7304
1529
9564
1669
1107
7096
7935
3291
9436
4722
9729
4680
1094
9415
9162
7952
7562
1901
5249
7160
6110
2772
5919
8262
2592
2137
4826
8386
4045
6141
1064
8665
7064
9445
3913
3219
1337
5546
5823
4616
8128
3294
5514
7132
6327
6979
7705
5353
5388
2517
7542
3440
7671
3587
3400
4518
1578
1246
5988
4157
2741
9962
6725
3840
5347
4881
2453
1873
7700
2972
4400
1261
6997
7597
3030
4642
1615
6571
1843
3325
3806
4905
5697
5944
9331
3421
8244
3634
2086
7502
5281
6143
4171
2205
3430
1521
4751
8070
4894
1292
1602
8822
9996
7527
3345
6849
7062
2065
3564
5501
8311
6108
5349
4269
4082
8418
4055
7651
8748
6763
2063
2093
3414
2858
4893
6169
3455
1204
2519
5919
5684
3659
6329
7503
2117
2971
3821
3675
9593
3780
7323
4596
9027
8806
5314
4204
4048
6167
1869
8058
9877
9925
3439
1157
1494
4630
9687
5884
1657
3385
1463
4161
7501
2672
3645
4425
9917
2128
5084
3493
5768
6982
6084
5598
7270
5291
4614
5554
5564
6518
6444
9081
4792
2709
2610
5248
3422
6066
3992
6381
4801
8703
1699
3085
4845
3891
6405
1973
2869
8221
9554
6950
5104
9063
2400
5453
4373
6837
7542
4603
7586
3514
1924
1738
6153
7881
3483
5080
4754
1373
5856
4130
2343
7098
1956
9371
4835
5380
8288
1763
2311
1388
9036
7113
4558
2809
3492
9642
7601
2838
3614
7534
7738
3926
5699
4943
4927
4548
1958
5342
4691
6255
1571
4420
2012
6406
3810
5236
8053
3361
5454
5619
2064
4180
9722
2160
4213
9107
1230
5185
6026
2062
4616
6394
1580
8062
9310
5039
3427
5456
2764
5465
2255
3210
1843
2536
3039
6519
3589
4342
8692
6036
6767
9337
1104
4396
8521
7499
1120
4070
2854
3736
2177
9146
3021
1425
1625
8743
4132
1788
3579
3380
1530
5273
4168
2977
9566
3048
7355
1439
1857
8899
3346
5394
2195
2741
8065
3740
9544
2478
6296
8783
9481
7820
6224
6698
8127
4591
5177
2856
5480
3233
3267
8114
5812
2878
2793
1696
4544
5186
2175
7155
4198
6233
6354
3189
5448
6722
3928
1337
2475
6319
8822
8789
2286
8313
8524
8881
4414
1262
3584
5375
5953
1986
3284
5176
1501
1226
5574
1914
8556
3026
9715
3517
3155
9466
6878
5402
3653
3520
7119
5608
9325
4379
2858
7316
1468
4128
1467
5865
6685
3864
7268
7608
3112
1474
4535
5876
6591
7067
8132
6587
8581
6478
1072
1383
5089
7489
7008
8551
5891
1458
5631
3630
9874
4377
2787
4964
2643
7206
6827
7206
7329
2757
1858
9088
3312
7492
7423
4383
9146
8915
6228
8712
7818
4832
8278
5823
6007
6078
4302
8078
8476
1506
4083
2353
5439
9199
8726
8111
7143
5040
1806
4606
9001
6217
4410
5099
4000
6091
2400
3136
1079
2829
5246
4765
1507
6239
2752
5382
1508
9577
6262
7753
9154
4018
1185
7993
6172
5619
8961
7534
6385
5267
9206
2860
2528
4032
1525
4143
3928
4016
2330
7400
6420
7592
3203
8165
5445
2372
4545
5344
9150
7701
5972
2833
2071
1526
5694
2132
4252
3397
8597
7935
7906
9793
7332
2426
2626
3033
7338
2706
2929
2452
7194
3166
3337
6708
7656
6390
6628
2426
7231
3507
9841
8081
9001
3213
5919
2560
3465
4904
3713
6288
6988
5936
7626
6299
3000
4095
2904
1243
6143
7707
4004
3996
8085
3292
1117
2860
2954
5831
3249
4726
6352
6422
2579
4305
8864
9372
8035
9286
5477
1673
3240
4375
2353
1468
6091
1221
1131
9406
1798
1203
4963
6155
9566
2905
6211
2622
8922
3175
2510
2409
2103
8661
8214
9542
1019
9661
5719
5517
9499
1763
1786
9765
8547
8510
2939
5260
5659
1433
3669
2373
6466
1364
4225
2228
4441
7696
9857
8770
6599
8862
1216
9496
1701
7037
6616
9538
4872
1256
3218
4266
4559
9518
5389
6859
2586
2982
3801
6227
4097
4925
9276
3876
8020
4477
6448
5517
3542
1277
9020
4087
3218
9012
6814
1172
3912
4253
2985
8273
3635
3014
2042
5062
9166
2456
3737
6092
8049
5751
4367
6794
6502
1561
4687
2369
1875
1780
3914
5714
2655
3075
5554
6014
1564
9306
6819
5005
2667
3069
9603
8835
9715
5504
1478
1311
3790
1738
8759
6260
2613
2947
6302
7409
2828
3985
4200
5855
1199
6455
2256
6958
2386
3863
8150
3643
4351
5147
3412
6351
6278
3351
1630
4883
7917
8902
8701
1177
1802
9961
7263
9924
2169
5788
6501
6181
7511
7749
5326
8249
6483
1358
1158
2430
8180
6641
4350
7987
1602
8439
3684
9850
3858
2469
5127
8051
7050
6728
7776
1000
3043
9803
4700
2134
3893
9467
4453
3649
8222
3148
5373
5805
5664
9652
9908
1299
4356
8865
5486
8191
3185
6901
5614
2394
2845
4655
4322
3999
2539
3351
2843
1711
1034
1387
3652
3579
5040
3004
2113
4949
7812
9875
4217
8897
6633
5746
6511
1910
6178
3341
2849
2334
8980
2273
4683
7272
4601
4965
5511
5659
6137
8360
2566
1347
7769
3052
9095
2531
9028
4479
6756
5854
9213
3785
2368
3327
3820
9760
1858
3903
5070
7069
2704
3941
7372
4553
8312
5662
4433
7525
1969
6527
4953
3273
6439
3465
1731
9678
2803
1144
7020
4896
8828
8523
9119
7339
9221
5987
9955
9951
4488
7555
2622
6556
8707
2460
8490
4514
9848
6580
5364
2311
6728
5098
5126
4985
2965
9003
4323
9124
3988
9364
1950
8166
6737
1128
1781
3837
2816
2514
6325
6779
2747
6731
2661
5223
2703
9109
1729
4797
1350
2698
4800
3273
6503
1752
6999
2370
2562
9547
2883
2938
5939
8310
5090
4874
5432
6562
1700
6611
8479
1397
3966
4095
1219
5455
4702
3463
6201
3563
3745
1999
4769
3525
7915
6955
5644
9609
5388
3227
6447
7853
3663
7325
4163
4859
5540
9499
2516
8174
9979
1103
6214
4256
3523
4701
6007
3134
1131
6678
6769
5963
1027
1987
5903
5811
8214
8984
9303
7398
2442
2888
9374
8677
9830
1794
4515
8011
3500
4214
4165
8048
2329
1615
7969
3710
4930
1115
5957
1662
4059
3194
8841
1744
6462
1930
5443
9978
3365
8781
3477
1959
3683
5261
3085
1987
4527
6634
5028
2192
5365
7703
4288
5077
4440
2886
2819
6877
9285
1303
9344
3639
4456
7192
1511
5440
5121
4159
9528
7938
1499
2550
5994
3175
5197
5429
1681
4623
3467
6773
9766
9547
9006
6297
6450
3885
5938
7460
2133
5693
1014
3510
8763
1835
1372
2701
2197
1873
4965
1967
3323
5876
3912
6064
7685
9564
4312
4130
2420
7882
7553
1878
5914
9695
5016
5192
4578
7964
7628
1960
9362
5904
3821
1359
6603
1468
7592
2708
1671
3790
6353
7295
6109
8905
5764
1380
7406
7049
4748
5496
3336
3090
9440
9788
7609
1430
4850
6221
7773
7270
2999
1239
1610
8954
1085
7362
6288
9625
2360
5302
6258
7951
4356
1408
8092
4037
1257
5047
4549
4084
4403
6822
3284
3315
4279
7257
6434
9718
4231
7974
8160
6466
8711
4229
1044
7733
9815
9020
4893
2689
8390
6179
7486
5911
3811
3868
1921
4105
1200
4773
9749
4351
3460
8727
2175
9230
9872
2181
6285
5462
5919
6410
8205
8695
3549
1520
9965
5526
4440
3321
4841
6536
4770
5228
3269
4286
3587
6386
1218
3827
2236
8994
7963
8956
9982
3868
2246
3783
7238
5982
6905
6598
6919
1277
3225
1294
7638
7133
8705
2664
4261
8516
2214
8311
1727
9084
9771
8890
1508
2370
2781
4289
9279
6094
9518
5881
3019
9789
3550
5082
2481
6927
8019
2653
5934
2680
3892
5499
1984
5186
3502
8282
1890
9361
1052
5428
3391
2880
3314
8723
6313
9244
1481
5632
1550
8496
4423
9395
8671
3902
3569
8495
7493
6243
1743
7995
6752
5286
9453
1675
7284
7456
1096
8459
2585
1451
9672
7467
9163
3453
9808
1167
7266
2969
3607
8018
3996
5880
7971
9912
9811
5278
3667
7903
5744
6838
6518
1032
9950
4135
9162
9346
8044
9006
4898
8207
8514
8782
7465
2769
1103
2279
1678
8483
4817
6848
5296
3875
3608
3868
2299
9586
4461
1040
5817
8336
7018
3125
7508
2448
6092
6237
6075
5788
4679
9572
6856
7189
3609
1520
3945
4491
1587
4209
9993
5172
9901
7844
5479
9310
1107
6913
3859
3093
5112
9968
3705
1204
1751
4453
8147
2582
8745
8541
4448
5517
1219
1462
2587
7831
6758
8926
8393
4129
6141
8152
5128
6055
6093
6259
7915
2749
5951
9736
6000
6678
9160
3730
5647
1324
2193
6133
6570
5971
6157
5184
4234
3143
7820
9445
3958
7356
1648
4007
2726
2624
6819
1871
7081
8814
5280
7021
5927
8244
1514
2283
1244
3332
6742
1229
1117
5558
9354
7022
6200
1578
4944
1910
1856
3308
9997
2284
8542
6811
3468
7798
6266
4257
1607
6358
9810
3983
6445
9230
1366
4617
6224
9563
1361
8538
9439
9639
3543
3755
2659
6341
1136
5421
6790
9441
9936
5620
5581
9300
9522
3376
6115
6191
7224
2355
4979
6349
8425
6324
4315
5922
7729
5527
4087
9918
6937
9199
3358
4680
3568
1097
5829
4539
6442
6474
7965
7504
7031
6918
8822
3026
3128
6027
8930
9935
4431
5762
9341
3355
8553
7926
5755
6203
4201
8455
2880
4761
1074
3071
4151
1589
8287
7448
1913
8481
3474
9994
3732
5399
7036
2373
9807
3638
8088
7454
5759
5737
8564
3856
2474
8903
2090
3044
2498
3489
9708
5953
2015
5828
1044
2628
1194
6549
3938
4196
4320
4354
2841
9572
3252
3446
1768
7161
7191
3499
9022
7520
6971
3810
1158
6606
6069
9927
8373
2072
2863
1348
2328
6216
1316
4096
2635
5869
2015
2605
6781
6703
7850
3765
5959
4263
9915
6575
5271
2004
2415
9264
6233
5015
3721
3118
2210
2852
7792
5793
1875
5100
5986
8690
6757
5144
1870
8376
6519
8972
2185
5817
6512
8191
1365
6381
6489
7698
3633
9394
6782
4747
6545
8674
1112
2603
6092
8077
5977
1171
4111
4686
9713
4501
3446
4536
9477
2349
2436
4888
7883
5151
7710
7093
4791
4937
2942
3751
9399
8469
6680
2201
6029
2311
9140
8418
4447
7315
3491
9780
4303
2758
8618
3862
3743
4075
3165
8332
7950
9223
4506
1405
8477
8732
6500
7393
1152
7412
8162
3178
5455
9418
2375
5972
8515
3173
3073
3325
2792
1518
1132
3914
7450
9215
2492
3413
1498
7921
9033
7570
3747
6259
3018
2952
8610
4839
1834
1281
9780
5382
4356
2843
1144
2107
7117
5060
9002
2637
2094
4323
1981
2409
2940
8908
8632
4043
6058
5056
1708
1871
4910
3763
1482
5629
6302
8715
3287
5500
1925
6900
4889
5061
3501
8370
8025
5879
5917
8795
1054
4851
5846
1367
8764
5111
5087
7803
3499
4351
5951
2488
2059
2139
4831
5683
4907
7807
6994
3430
3531
3299
3765
4246
4125
9876
7075
3405
4581
4575
8718
4152
5808
3569
2247
5053
1100
2510
9701
1107
1520
2753
7122
6046
3373
9524
9259
7704
8288
9802
1214
6669
3516
1365
1253
9593
8886
7913
5479
9240
5306
3689
8915
4440
6807
1186
5887
2192
8552
4639
8234
6019
5471
6506
1033
3476
2972
1171
8984
6390
7389
8079
4097
4836
5007
5988
7899
9646
1909
2256
3326
5681
2521
9444
1077
3662
9310
5330
4536
3039
2524
9454
1250
4549
9355
8530
4891
7486
1794
2123
1097
3776
2339
2362
9459
