2048
7027
4893
4650
6217
3694
6293
7424
1640
3511
4854
6352
3192
5673
2266
5080
4890
9849
1551
2042
2778
8346
9927
2462
4535
6614
1792
5309
3890
3673
1740
2009
4911
7823
6734
5009
7444
9541
6790
1984
9966
8539
4924
2064
5583
1482
9366
9410
8772
9204
6464
4718
8539
4770
1087
9938
5436
4269
9513
1280
2670
5695
4025
4198
3856
3382
8102
9445
6254
4764
1484
1952
9453
4399
7142
3756
1335
5544
4836
4495
6582
3915
2288
2759
5921
1276
7937
5212
2349
7185
9720
8949
2110
4785
8054
5809
1843
2841
7475
3358
8276
5564
9857
9620
1981
2080
2506
8453
4392
2335
1109
3797
1409
6690
3894
5219
1639
8153
3521
3392
5899
4031
8700
8143
7432
5432
3026
6456
5703
9509
7334
7210
6998
7734
8236
5723
1447
8476
6118
8191
5031
6410
9604
5310
7211
6891
1104
1342
6630
6480
8521
2816
1490
2241
6651
2203
2853
7489
2174
3455
9911
4654
4321
9134
6107
6053
5307
4686
3317
8908
9884
3213
4458
8790
6084
4146
4833
2256
3473
1851
6461
6600
2049
8052
4668
9376
7699
6525
7925
8191
5273
5458
7609
5558
2018
5560
2251
5804
2816
2003
9777
1513
2537
2251
2455
1893
7749
8788
4665
2474
4907
8335
1200
1065
1428
6121
1655
2442
9476
7926
3861
8347
6897
1180
6416
7432
5727
4881
4160
8077
7307
4427
7769
9618
3319
5756
4647
5090
9731
6922
4207
4579
9349
6851
2736
6492
2673
6412
3338
2087
2724
7261
4262
1712
4766
1165
1998
7466
3853
5466
4636
7920
7349
3679
8588
5445
2203
5110
4637
2315
1660
4917
8462
5088
9591
5738
2454
9487
3217
6410
4602
4011
1524
6483
8522
5792
8492
5405
4339
2582
2485
9179
9528
8256
8881
6395
7131
3433
8529
2583
2598
7901
5055
3391
6929
6011
3297
3603
5711
8423
7116
4477
9926
5879
6289
1135
7382
8447
6989
3296
5877
7851
8108
4791
3489
7428
5368
2120
5370
7281
2561
1716
7039
4681
9542
4655
6343
5833
1122
4028
2769
9730
1115
4694
9450
3345
2543
4758
5687
4247
1927
1321
6380
1564
6671
4283
9329
7396
1731
6658
7423
7585
8744
1444
4470
9691
3933
7975
7311
6513
9138
7806
5822
2823
4774
1351
2840
7484
2294
4423
1781
3442
4914
8029
8801
4943
5845
1014
2859
8357
3853
5355
8950
9899
1170
7077
9800
2842
1325
2202
1060
3856
9651
5556
9487
3225
2773
8223
4284
4338
3911
5617
5449
8997
5062
4983
2012
7036
6735
4319
6843
3626
6273
3690
9623
6428
3069
5574
7284
8025
1617
2545
9500
9341
7564
4993
5726
3172
3620
8792
1996
8904
3781
5735
7764
3991
4630
2651
6239
3153
8839
7063
5586
6870
4593
5327
4788
6076
4816
9662
2638
1702
6861
5480
9739
2682
6522
7271
1177
4439
8257
8444
7497
9517
9259
6621
7364
8315
2978
4276
1459
4604
2899
8092
3928
9202
9547
4495
3678
6257
1759
4266
2474
5338
3053
3575
7557
7454
3079
9652
8822
3180
4474
8624
7269
2142
9143
8359
3745
5835
3474
8082
6943
2868
3359
4469
7643
6516
4649
5439
1185
4515
5046
6874
2824
6175
1409
6258
5529
3525
8978
9129
1538
6176
2949
9482
1153
3869
6679
7562
4097
2265
3810
7349
3854
9548
3577
5720
8008
4851
5129
1889
6297
4003
4613
9903
8671
9740
7792
2685
1018
7710
5537
4930
4477
1981
9236
7671
4726
9465
7620
5725
6318
2406
8006
4771
3525
7988
4854
4705
4861
9333
5747
9891
6979
2681
7781
6744
9470
3183
4027
4739
1951
9276
5302
3596
6918
7609
1792
8194
3953
4044
7439
9139
6825
7612
3539
6129
4553
1259
2284
3374
3003
4076
7222
1359
8527
3191
4334
9209
4407
5027
6030
3364
2320
3939
9382
5866
2676
6621
2034
3202
4560
3128
9337
9593
4494
8912
5659
2437
1142
1245
4996
3110
5954
3802
2711
5367
5973
4413
6623
2253
2558
3357
8583
4413
9423
6929
2988
2273
5600
5955
3776
7370
3456
7421
5808
9918
3501
6950
1694
4861
3062
4707
4875
5234
8454
5969
2695
2899
7063
6226
8680
5543
1180
1430
8836
9837
3566
8052
5767
3743
1388
5749
9984
8444
9639
5149
1969
7076
7762
5379
3329
6236
5288
9512
4571
5788
9143
3154
6046
8277
5533
7437
3539
2607
6685
6143
4240
8199
3566
6242
3080
4377
8297
3864
7583
3810
9943
4366
7617
1611
5796
7578
7613
9368
8173
1244
6799
3988
9636
4655
3046
6074
2595
6335
5790
5929
5870
1142
2227
6296
8529
4201
2396
7635
8002
4874
6326
7075
5529
2424
9843
6992
9729
5534
6533
2396
4379
1561
5512
5078
6256
3243
3976
5584
1723
8142
4923
3555
1698
1713
3542
5694
1688
3045
9142
5342
7974
7328
5573
3715
3856
8806
3573
6727
9205
1806
5432
5567
9315
4021
5600
8999
7110
4491
8492
8651
6765
9920
7485
1816
8570
4870
2773
6051
6318
6307
1456
3790
9338
2132
2382
6235
1652
4042
4817
9912
3519
6506
6686
2244
8198
2570
4984
1377
4379
5212
8692
4925
7920
6848
5547
5569
4057
6683
4775
2997
6777
5456
9768
3066
2809
7422
6315
8002
1963
6774
5401
8063
6010
9931
4328
2208
5354
2220
3324
2492
6560
4022
9735
6752
7324
3703
3748
5128
9091
5485
6062
2227
4545
3991
4298
6645
5596
2604
1335
5123
2275
4427
1423
5632
3446
3644
7117
3965
3757
3386
1210
5433
1293
4250
6146
7372
9915
8474
5102
8973
3898
5889
3241
7437
4928
6305
6421
5292
7241
6386
5815
5307
7348
2062
4118
1779
1395
8947
7691
4315
1011
4106
2205
4422
3535
5766
8643
5518
8331
4751
4692
3527
9299
7106
9806
6140
6810
5946
2129
6621
3624
8993
3004
1798
1189
8958
8678
7412
1605
8437
3049
3994
6443
6764
5874
3004
6597
6401
5249
8240
3017
6989
3462
9316
3809
5574
9742
1564
3776
3757
9660
6057
2405
4605
4509
1102
9235
9237
3311
5711
8124
9214
7744
4973
2954
6635
2095
6924
1771
5347
9725
9652
3512
6585
3999
5862
9592
3946
5676
4357
4988
4990
1224
6922
7977
7779
4125
5380
4569
2453
4503
4280
3961
3167
2565
1389
2618
4932
3035
4750
6927
8360
5599
6750
4782
3722
1742
4789
2349
5152
1913
8310
6964
3546
5266
7810
1594
8438
9983
5049
7771
2888
3790
4710
3585
5760
6557
1796
5276
4965
5730
1211
9310
4376
3350
8335
5758
1765
1409
2232
6172
7881
1381
4174
3705
3892
9659
5057
5789
6711
7662
9445
2906
6380
5507
4797
9433
6767
8104
3265
2080
1515
4557
5575
6962
5346
3712
7063
7078
2914
3950
2922
8318
4972
6804
9049
9255
8950
1453
1660
3119
1913
3118
7537
5018
2079
2981
7207
3732
4560
2393
3435
2902
2639
2434
6457
3921
4753
6057
1199
5778
7485
1095
3928
9877
4612
5079
1702
7362
5864
5280
4394
2292
2234
1350
6357
4621
6320
3666
3180
3395
7441
5309
2735
6866
6702
5008
1207
1189
2518
2830
2969
2778
6056
4983
5707
3876
5735
3991
5390
5600
8860
3691
6155
3132
3641
8385
8971
5819
5141
3694
1480
7971
4501
8463
6347
1730
3624
2647
5362
9271
9240
7151
2180
3722
9722
2725
9431
9167
7174
9387
1044
6491
8955
8745
2468
1516
8464
6622
3815
4110
7290
4602
2714
9099
2342
4360
8652
1253
6988
5244
6474
4080
8256
2712
7511
4280
1995
8804
5129
1579
1217
8713
1564
6004
1953
2086
8890
5555
4180
3370
4335
4733
6047
3449
7913
3814
6787
6311
3187
9471
5205
9711
5491
7649
3471
5964
3945
7995
8398
1330
1023
8473
3990
4004
6721
2853
8338
5773
3225
7801
2414
6580
9402
5152
6199
2309
3833
8810
8551
8079
2076
1180
6199
6675
9612
3767
3902
3857
6546
9089
6206
2663
4311
5531
1962
6690
4995
5377
4755
2923
7061
1856
6200
2507
6565
9239
6184
3668
3273
5239
3416
5387
4812
8123
8198
9406
2815
9754
9396
2536
9254
8383
7319
4399
7110
4463
5864
8609
5198
7142
2103
5086
5348
5014
8921
8024
5182
3007
3006
3689
5272
9144
1550
1752
5062
5898
4981
7252
2422
8462
4649
9409
2184
9270
4111
3902
6171
9079
3944
7845
8658
4678
9369
2316
8910
1145
3699
1858
6118
2262
1422
3857
4548
1595
9784
6447
1665
6621
4314
9788
5203
5934
3756
3616
5618
9477
8925
8563
7251
1259
3478
4465
5204
6569
8220
2101
1838
6490
3878
8465
9007
9751
2081
3407
1581
1854
4767
6213
7773
8121
8925
8994
9013
4955
8683
7819
9313
6706
9452
3332
6494
5645
3193
4307
5659
9964
3226
7767
6031
5337
8023
4933
9077
9816
1686
6441
4082
6702
4404
4385
3434
1522
2057
1531
8116
1776
9144
1236
1248
5091
6273
5350
1287
9724
5222
1668
1408
5902
3592
7775
3209
1589
8811
1692
9808
1756
5367
6181
2040
6422
9530
2051
2425
7759
8883
7802
7520
9311
1952
4085
4670
1243
1116
1919
2186
5831
1207
2165
6048
5667
9181
5284
4844
6756
5903
6705
6009
3515
1476
1926
3443
9732
5915
3730
2886
1133
4922
6611
6228
6488
6203
6640
7799
2537
1391
1634
1823
5998
9025
6067
1962
4157
2029
6641
1644
3732
3533
1311
5241
2039
6576
3247
2494
9862
5223
3861
5657
8526
9628
5169
3963
3808
4947
1195
2141
8098
4404
1986
8425
9075
4127
2302
3052
7483
2070
1454
9848
5807
8079
6137
6613
6095
3344
5868
2467
7667
9424
5577
2959
4701
3419
7299
9762
8448
4655
8820
1041
5187
2762
6856
5192
3278
4841
5280
6682
9434
2185
8521
9853
4038
6008
9696
9251
3127
5894
2219
4221
6888
3185
5305
2408
5056
1620
7022
5022
2375
4261
2254
1836
4611
3331
9618
7958
1663
4197
9707
1447
9621
1332
8660
7154
2191
3576
1169
5224
5788
1056
4743
5263
3931
4730
2460
7085
3037
1358
1953
7231
4535
5070
2101
9425
8002
3236
2815
7942
9104
3463
3128
3753
6511
1670
5762
2742
8675
2336
2967
3779
1384
5181
5914
5342
8527
6588
1070
4234
1012
7668
4303
8836
3726
5563
9105
9651
5508
2236
1735
1974
8601
2109
2054
4714
3337
7228
3678
3411
5615
4073
3369
3452
2443
5645
2839
8698
3778
1422
4773
9161
6851
9709
4028
5669
8650
3482
6606
2027
8383
4987
3446
6289
7589
6313
2954
7757
1911
4238
1307
5251
9574
1087
6190
8768
2672
4653
3434
9304
1188
2193
2190
5762
3771
6012
4873
2305
6044
7596
3135
7500
7569
5031
3780
2102
9768
8620
4922
7154
7477
7920
2247
5319
2229
5686
1148
7449
1565
1572
4514
2796
9984
6032
1630
6820
8900
9240
5160
6941
8172
5865
5418
2286
1914
3821
3072
7737
9017
4811
1126
3080
7009
6766
4759
8951
5540
6700
8763
5529
5119
7983
4231
2978
8890
1073
9926
8925
4455
5772
6679
2717
4308
2910
3498
4748
4670
6968
2010
8538
8620
2471
6341
8807
5932
4106
4285
2068
5764
6083
5895
3827
4273
2163
4999
5938
6331
4419
3234
8783
4635
8787
2090
7972
7634
3813
1357
7984
1359
9750
3309
9693
4152
5622
4604
5666
2916
3319
3793
4079
5160
8944
4629
6921
9520
2062
3809
6857
4658
2676
4694
2309
2730
1620
1643
2781
8719
9168
9802
4755
8759
7846
7809
6218
3052
4030
6697
8027
9125
3476
3958
1224
9365
5031
4654
5054
6620
1396
5655
6654
6455
7624
3195
2923
5167
8222
2957
7388
8504
7526
9178
5803
7102
9975
9291
1588
9862
5982
3523
8265
5996
7153
5111
2691
2780
3159
9522
9964
3858
7831
7111
4484
6995
1462
9558
1409
3851
2440
1392
7134
9249
9221
6870
3553
4704
2978
3603
8132
6319
7312
3609
7372
1421
2678
3869
7687
4268
7684
7791
4937
2837
8087
6482
3648
6416
4177
2822
3982
5477
1977
9512
7238
3722
3796
5207
9418
2786
4040
5962
3381
4602
1664
7383
6921
5851
8854
3679
2000
7137
6582
6654
2076
5313
5007
6207
5939
4585
5318
7369
4860
1517
1388
6035
7580
5561
6704
1224
5155
4051
9562
2824
4005
3350
9501
6410
2961
2252
5120
6132
2455
7237
2929
8748
1152
2352
1737
8139
2951
8423
2079
7195
4242
5705
3897
7274
6754
8818
5469
8779
8590
3519
6001
6704
5948
3298
9458
4354
4015
6470
2765
2626
2044
2109
1323
7344
3090
8309
2008
5912
6380
6490
6790
8862
7474
1012
