2048
6204
5864
4587
5129
9377
6380
2398
3789
3492
9216
6450
3346
7372
2679
3508
4612
1751
9812
4106
5554
4500
6763
3960
4284
7429
5142
9539
3804
4772
1994
9615
3035
4480
6660
1088
8380
1803
2869
4687
7966
5532
1380
3825
2821
1771
7134
6642
6546
1012
6700
3732
3149
2538
1278
4747
2289
2824
2717
9196
3503
7532
9267
2385
8424
3025
4915
2195
6625
8200
7352
6030
5607
8618
1156
8488
9238
5037
6657
9139
2941
5283
2004
1288
6905
9402
5274
8678
4996
3528
2441
7130
4704
3103
9428
3964
2587
1911
6377
6062
5749
8550
2826
7866
1162
4081
7775
8114
3815
2502
8568
7448
6758
7463
4329
3278
5956
4060
1397
3770
1999
1268
8953
9245
1722
3933
3989
6007
6587
8075
5298
2130
9617
2474
9079
1388
5818
2238
3060
3412
7899
9102
2563
6337
6922
3556
7424
4516
2547
4637
6742
8599
4680
7470
4297
7869
1113
3692
3875
8810
7969
2679
1189
7100
8720
5034
4159
3449
9613
1774
6938
3540
1575
4680
2595
5033
4429
7443
6724
4167
6308
2951
4892
3697
9503
8350
7833
7972
2624
5923
4749
5287
6687
6724
3774
4217
8250
2878
6140
6244
1801
6328
9081
9588
6603
4479
1635
3092
9619
4818
5283
1176
2827
3107
1861
9895
2258
6426
5087
8669
1534
9854
4123
5419
1641
3785
4582
2407
9424
9277
7986
2078
2074
2720
4184
8478
3515
1787
2724
3902
8925
3664
1263
3801
9411
7071
1477
4982
3314
7647
5411
2860
7835
2809
9257
2131
8618
1371
9849
8716
2801
9109
2087
2579
8065
2736
6536
4574
5232
5287
7775
1486
4867
5937
7663
4315
2371
5336
1145
3115
6612
5776
5357
3304
5317
5295
8357
2788
8798
3218
9936
2340
2776
4719
2634
7523
6103
9614
4328
5825
5453
5625
6142
1860
1986
1505
9777
9244
7056
6402
8168
1437
3314
9728
7403
6098
3579
6753
3476
2623
9040
4321
5378
6384
4316
6272
3924
5408
6874
2023
4354
1672
2797
8884
1185
8505
3310
8050
8951
6400
3710
8798
2629
4464
6302
1896
9402
3879
2216
9762
4150
3489
3599
8110
1472
1341
3612
6363
5774
3720
5199
3244
8038
8407
2468
1164
5829
5805
6306
4591
4592
7955
8906
4872
4767
3257
9467
4921
3662
7301
1894
2047
5239
5584
8495
1841
3569
5725
1256
5639
5673
3268
7467
1062
4762
8037
1803
9708
8778
9048
3808
1830
9111
4698
4310
3526
2020
1451
3769
9150
6253
2319
1274
4630
8669
3062
6242
1980
5250
1171
7747
2062
3835
5799
1289
3520
8409
9597
5588
8865
5017
6499
5885
5159
7584
8831
2602
5225
2308
1875
5010
2052
5506
7995
8189
1180
6210
4407
1934
3656
9920
8464
7297
6353
7311
8947
2387
1737
2164
4635
5788
7073
9149
4770
5015
6734
4623
5146
8247
9527
9805
1459
1782
9123
8745
4573
3756
6502
8553
1749
9396
4492
7063
4992
5625
7866
9723
3580
9548
2616
6365
3721
4683
8531
2142
3176
4014
4789
7270
2159
1875
8244
9393
8556
2648
5176
7276
9740
2634
5671
4159
6149
7978
5235
5583
6019
1564
2480
1310
7773
7933
8135
1087
3878
6074
2803
1903
6119
7500
6155
5664
4164
3900
2809
9659
1693
5445
7226
3853
8766
9590
4214
9889
1080
9461
1411
1398
7562
2323
7601
1912
9606
5748
6065
2867
3939
7842
3355
3210
6219
6530
4296
5386
4325
6011
2686
8217
6092
5807
1547
9868
5326
9573
9481
1668
6663
4620
6217
9133
8580
4879
1732
1703
8834
8886
2665
9702
7013
2850
4105
6702
2905
9251
9093
2828
5134
7547
2534
6426
1991
4161
8621
1104
4513
3596
9959
8824
8475
8613
2249
7357
2763
3369
8594
3584
2667
4294
3439
4025
6602
3234
5385
8708
1539
7346
2536
9779
1634
2750
3788
6048
5560
3562
9163
1515
2607
2085
8767
2884
3886
5946
5265
4731
1893
1105
7381
6867
8305
7841
7136
3019
1835
9630
9622
5850
7836
7251
2442
3336
1129
9407
5064
6598
5412
8962
3866
9170
4554
9359
9457
3343
1648
5732
2472
1469
2247
6432
2411
8396
1155
8013
9009
8803
2933
2853
2661
7905
3633
5047
2441
2761
4434
3997
3863
4445
4963
3333
2100
4550
3886
5634
7284
3007
4825
4038
2696
6025
3984
4291
1196
8561
4332
5836
6056
2040
2107
1180
8108
3327
5568
2091
3803
3357
5510
3045
1444
8737
7045
4840
7813
1854
4710
7619
8639
7289
3384
3054
1319
5658
1729
2508
8324
2237
1684
2843
9016
2824
8616
8780
2448
1407
8455
2032
9220
9052
2327
2387
5551
8936
2509
9976
5377
8131
3750
7114
4719
6419
5185
6710
6885
4108
8095
4690
5085
3427
3101
3226
8033
9913
1991
7636
8029
1647
5863
3841
8526
8864
3731
8477
7607
9827
1434
8037
3155
8064
4863
5860
2631
4727
3346
2981
1836
7982
9796
4275
8986
1005
9113
1094
3341
4551
9446
9969
2898
6875
6295
6598
1247
6772
1315
6670
8685
4717
7556
6787
1128
3658
4027
4856
5646
1487
1297
1148
9027
5973
3926
7794
9021
3578
4903
6753
9254
3766
5931
5799
3529
8499
2205
5529
7256
3628
5086
6240
2185
4107
8123
3869
4191
5571
7663
1431
1204
1932
9482
9662
1177
3478
9715
8820
5395
2510
3862
1204
2619
3443
6855
8262
9792
1686
6593
1064
2909
9835
5784
7457
4475
3063
1836
7228
3136
1569
1965
9987
1144
3741
3455
6476
4878
9160
3896
9896
8827
1520
8289
1830
8843
7344
1153
6101
6861
3949
1556
7318
7668
6097
1514
3780
9602
1138
8322
1108
4961
5981
1941
2353
7487
1608
9372
6929
5087
5140
2461
7637
8708
4299
5428
6058
1386
1267
2337
2811
7484
3967
7414
6239
1828
5550
7879
9367
6716
1588
8651
2863
4617
2661
1419
6367
7353
8866
2779
3648
2592
5262
4825
1548
5791
6647
6876
5882
2404
3781
6956
3506
1828
4071
2999
5487
8866
6685
1271
1838
3066
2963
9896
2896
2516
3985
2370
5936
8660
1467
4409
6568
1125
1903
3168
7123
4341
9889
1366
2033
4816
3133
5220
8836
5022
7317
7984
5314
5464
2008
5610
4872
4798
8942
2518
4627
9462
4735
5043
9144
4187
2055
8202
6967
4269
8921
1860
5036
9855
3918
9066
7718
1564
6815
8599
5392
7230
4355
1183
3200
5320
3799
1083
6330
3053
8746
7481
8071
5924
5301
5010
1397
2966
1544
6278
1229
6117
7345
8582
1616
6942
3544
9361
2467
7037
7000
4219
3011
6709
6263
2155
6355
2374
6752
6155
9288
6176
6759
9710
4625
2137
2232
1490
5484
7328
8056
8759
2303
2619
5264
8918
3924
1602
6942
6763
9531
1692
5419
5248
7552
6374
3746
2670
3399
4979
6123
7940
4058
3944
7444
5848
7819
2237
8278
4478
9139
4885
7511
1255
4610
8067
3570
7024
8224
4433
6896
8298
2628
6519
2692
4763
6195
1605
3949
5541
5445
5205
5697
5742
2877
9442
6252
4824
3152
9336
4894
7276
5375
2459
2945
5264
9272
1382
6637
4061
3349
3987
2603
1455
6968
8530
6825
6519
1418
2353
3192
3598
4597
4854
1470
7792
3558
9206
7634
2372
1985
5009
3328
8652
3267
5282
6199
2282
8553
7708
9394
9485
9556
4698
4474
3480
2794
7561
3270
4850
5033
5506
3296
9232
1845
9619
3548
7743
9089
6068
3443
2879
4595
1363
5952
2858
9061
1942
6383
2998
5360
5134
7948
6356
9966
5898
8355
1497
5745
4619
3728
4700
5693
3772
7006
1542
3436
4787
1447
8504
3855
9996
6492
9265
8442
1509
4901
5274
4536
4022
6127
1675
2030
4893
5256
1156
6879
3489
6593
4264
1209
5391
3741
4934
4344
2799
9792
9855
4926
2540
8073
7090
7942
4087
9625
4164
4426
1879
8369
3291
2651
4671
2010
8563
5604
1300
3197
1391
6927
5110
1188
1218
8388
5950
7417
8287
5030
6762
5744
1156
1773
2731
2285
1070
4760
7725
4929
7349
5267
1044
6178
5865
6781
3696
9529
6558
8527
1859
9179
3360
4034
7327
9876
6759
2746
1654
4652
6434
2975
5091
3690
7725
4861
5634
6061
3032
1471
4737
4254
4413
7719
8243
8098
3143
3287
8428
8028
9864
5457
5649
5990
1838
4633
3820
7650
4077
4454
5624
5800
5552
1292
6428
3931
5371
9814
2689
4951
5891
1634
7061
6272
5334
3153
6281
1264
1460
1387
8838
6500
1175
1276
7122
3945
8820
8906
7468
1139
6554
2349
8228
1419
1758
4772
2693
9878
6022
6534
4872
4130
9529
1448
4195
5275
7125
2219
6374
1880
1160
6434
8679
4506
8355
4359
8107
2801
1075
5204
1276
5913
8621
6090
9687
2031
9904
7905
2202
3237
4855
3573
3577
6839
2029
1400
2853
2706
7353
1704
9538
2034
2177
1434
1051
3922
3986
4251
5627
3782
8574
4995
7989
8211
3151
1691
7103
1862
2569
7291
4555
2135
8479
9548
1212
9050
9716
9586
8791
4797
4052
7456
5441
2632
7371
8826
8009
7319
7506
2788
5184
4918
5529
4057
2732
4240
9414
4840
1158
4409
5788
8306
1034
2122
7162
7097
8831
3398
8688
8363
2464
3407
4910
9457
2374
4736
6296
2369
5475
1225
7139
2618
7617
2862
3423
3674
2001
1931
5540
5008
2530
6389
4302
3217
1371
8095
3391
4814
8831
5112
5446
3896
8696
9975
7821
5057
1884
4678
8987
3895
8233
5835
5704
2392
1727
6843
6047
9967
7169
3062
3817
2336
9336
8713
3477
2154
1105
4948
6366
3256
8416
3832
8798
6755
2539
9413
7294
4706
5509
4821
7058
8116
1017
6614
5613
5211
5386
2367
6091
1651
9985
6348
1992
9694
8127
1666
5467
6073
5625
6802
4630
5624
9670
1373
8797
8024
8760
1059
3971
6528
5025
6475
4559
4040
4870
9501
1561
3884
5017
1934
1265
3766
7127
4544
8715
8235
7448
4259
8121
4590
5266
4185
3454
3191
9665
1512
6021
7987
6735
3864
4342
3025
8566
1215
8264
4168
9393
9600
4595
3910
4782
9651
7587
8832
9685
3314
4354
9838
3305
2883
3947
8019
1616
9862
2346
1888
1661
9879
4888
4301
2676
8529
4445
9306
8357
5888
6124
6277
2703
9158
1093
7295
3343
3243
6116
4340
8711
9908
7338
8324
8415
3648
5784
2610
5189
3745
5987
1285
8983
5949
6124
9348
5807
1835
9548
1864
1322
1256
1532
5306
2641
7374
1686
6970
5456
4046
6479
7103
4628
8980
2908
9829
3793
1853
2211
7299
8699
7666
7691
5971
2488
5793
2840
9410
5211
2967
5992
5312
2829
2087
5819
1874
6102
2226
4900
5255
4921
4852
4451
4433
1285
4942
8285
8202
6062
6803
6252
2931
9559
6075
5799
5741
1175
7331
7146
4251
2346
9299
1015
2691
8856
5603
4034
1375
8113
5660
7141
1392
6440
6298
7127
4525
2305
4041
4744
1521
5434
7350
3965
5932
3287
3156
6072
6755
2527
3440
5237
4469
4196
4283
9141
2175
3411
8890
4807
9692
3571
5659
4059
5062
1159
3492
1319
5055
5751
1546
1123
5904
4167
5481
3068
5334
6351
2816
1072
4814
6773
2496
8214
1536
4741
6411
3594
4208
2854
3607
2707
5292
2656
6295
5759
2720
4112
5789
7887
2378
1700
6860
2874
4529
3878
6964
3210
8220
1668
5162
3082
8166
3540
2524
2438
3360
5478
9707
8791
2377
8645
2258
7933
9514
6374
7053
5430
2291
3719
6847
3684
7127
9609
7366
7971
4927
2451
2864
3652
6875
9120
5820
3020
3128
8624
5242
6655
6918
5826
6146
7773
2779
4335
4491
4727
3925
5207
7200
9329
7777
6566
5343
1050
4222
9734
3671
4406
7347
1895
6837
1367
9593
9359
8870
3465
9310
4122
4314
1753
4439
8167
9494
6164
3764
1423
9535
5866
6422
5136
7185
1928
8312
3340
2032
4868
9799
8710
3158
8456
1680
2208
3933
7536
1876
3947
9608
1504
3017
7727
4880
5234
5199
6664
4448
4332
6756
6674
1897
8465
2760
3036
8195
2310
7831
4768
2469
5570
4113
1050
4113
5583
9855
7002
2252
7737
9170
9174
1244
2253
2462
9954
4360
7592
2685
9218
5165
6551
3446
1360
5538
3170
6061
6123
4707
4407
7679
1079
3758
1281
9782
6860
6581
8703
8886
6284
2135
4871
1119
5210
5109
6804
2368
1569
4928
5659
9330
5758
6209
8985
6234
3039
2661
7608
6677
2667
4701
6581
7862
6406
3454
1975
8770
7844
1634
4428
7144
3611
3850
5923
3461
1153
5442
8170
4561
2210
6856
6151
2993
7161
5269
6164
4712
5663
1734
4086
1517
1342
5788
1262
8628
