2048
5880
9227
3444
7839
1846
3153
7941
5425
6852
2502
2567
1216
2889
3251
6893
3772
6369
8438
1997
3599
3455
8409
8616
2055
5141
3567
5856
8685
7014
3127
6366
5624
6221
3559
9805
5498
5983
9607
8868
6794
8012
8765
4822
1801
8696
3604
3871
1808
7503
9534
7528
7617
7287
3907
8679
9901
2740
8013
3902
9417
5873
5254
7021
5749
5580
5210
6792
9499
1091
4943
5288
1579
4420
4652
5842
3160
9409
7097
9731
1696
2898
3255
8951
1519
3216
4311
5549
2448
5981
7928
5603
1103
8437
3250
2242
5100
3933
5075
2937
5907
6977
2690
4111
3449
9939
1503
7255
6959
5999
9044
6512
5826
5176
6896
9352
5748
8657
4982
5998
8682
1027
7428
1186
1525
5885
7590
4170
8401
5752
6958
6386
4547
2380
5564
5307
8218
1087
6074
2624
6445
3058
3846
4395
1086
7738
5704
5998
4755
6964
8570
1993
9661
6614
2589
8013
1680
2075
7663
9799
9260
1878
8782
1565
6334
7386
7693
4231
9672
2584
8153
9143
1434
6529
3863
4926
5279
6981
1669
5477
8893
3546
2158
5966
8640
3785
8010
6652
9704
8418
5836
9505
7994
1043
8636
6412
7013
2688
8783
3692
7267
9790
2337
2603
3741
6214
2515
3193
2106
4355
4551
8059
3032
3911
5374
7381
9470
4491
6694
8715
1588
4893
7972
8593
2598
7191
7444
2448
1364
7484
5465
2032
1757
3996
9851
7781
5106
7537
4713
6178
1598
2435
2211
9954
7187
8528
5927
3736
6295
5986
4748
2914
3273
3410
5935
1334
8240
7336
2774
2302
4998
6119
3289
8187
2358
7677
9473
3460
8408
5616
2379
7372
6052
9815
6234
5861
6347
3443
1890
2413
4016
5507
6684
6606
5161
8659
1483
1739
5413
4203
5263
4441
5062
6597
8077
1073
1054
4169
2492
3781
5163
8048
3497
6267
8568
5026
9808
2497
6476
7348
9051
6128
8287
4920
2425
6964
7893
2481
7279
2977
9793
6300
4199
4428
5440
5258
9431
8152
2255
1706
1788
8768
4120
2640
2551
5396
2813
6523
4765
9751
2008
1912
6480
4642
2861
9785
9800
2668
6224
4928
9245
9912
2577
9153
4373
1228
5619
2708
4779
5650
8339
4224
4884
5917
1281
8559
4136
2848
5596
1662
6682
2009
7215
9334
6736
2197
4239
1011
2679
4818
5052
4155
3873
4965
3496
9625
5955
6228
9721
1928
8896
2703
1314
4183
3102
2111
5891
3192
5338
4891
4201
7957
8141
4664
9842
2727
4576
3605
3689
8559
4265
4705
9426
2465
6374
8724
6937
2023
4387
1450
2809
4806
2503
7754
4492
2712
9003
7978
8968
8264
9628
8183
7476
8703
4838
3869
4351
1232
8708
3756
7760
2593
4745
9498
1369
7207
9541
9255
1467
8899
1880
7166
5885
3777
8755
2725
8975
4289
6663
2661
1519
2120
5809
8041
9382
5318
3832
7507
3628
3503
5495
1928
7533
1343
2746
3655
4915
4338
6187
3886
5358
2265
9427
4594
4315
4558
7726
2640
7879
3505
9291
7037
7090
3584
8841
1338
1185
6394
2010
6078
5995
2784
4523
3145
2900
5797
3433
1972
5187
7537
3639
8079
4577
6572
2727
7339
3207
6628
9476
2447
1841
7952
6275
8185
2630
4497
8909
5618
8879
6423
5990
7868
7359
3536
1337
6426
2680
3099
1578
5670
1485
8425
5963
8033
8429
7653
1570
6647
3102
4175
6208
3345
5810
7783
7005
2727
3297
6783
6779
9739
2536
6675
2003
1057
7313
8486
9261
3221
1632
5046
4004
9589
2628
4971
7249
3693
4229
2619
4243
9435
7264
6442
3036
9771
4371
3284
3590
5801
4508
7702
2806
7545
2436
3735
8337
2819
7199
3284
2880
8140
3902
1349
5453
6977
1630
4930
3464
3915
5477
2947
2139
5634
1543
2592
4417
2598
8225
5942
6371
4423
8645
7928
4900
3493
6217
1563
4401
3252
9896
7515
4688
8856
6646
3240
4159
3639
4791
9405
9137
1844
2668
6383
2427
1547
8917
4296
3057
4012
5633
4570
7089
8673
5793
6260
3983
9878
1574
4106
4905
1113
5508
2274
2289
5390
4676
2948
6356
3488
4035
6788
8872
4491
1474
3512
1424
9579
6407
7462
1637
6127
9261
3473
7822
5684
2939
8334
3551
1916
1441
7323
8273
2098
2003
8844
4257
4327
2783
3205
1275
2827
4209
4645
5986
3735
7849
6005
7244
6560
9596
7485
4730
5763
9498
8439
6676
2372
1075
6162
9061
2747
4849
3947
1301
2974
5676
5786
7337
5861
5808
8438
2132
1583
2662
8185
4507
9512
2644
5370
5662
6753
1247
9511
7902
5213
6425
4435
7280
5549
2729
6611
7060
5745
1170
4235
4255
3404
8640
3426
6116
3115
9925
3883
9376
1708
1871
7592
9813
9958
2000
9930
1392
9419
2607
1552
4401
3863
2268
4228
2123
1620
5392
6292
9619
8264
5643
2179
5245
7483
3277
8517
1874
2768
1389
4881
1073
3103
9494
2850
7874
7910
1522
2328
1019
4973
1863
1502
6532
5588
8155
5731
4070
3951
3567
6402
5805
1362
2954
4732
4991
8044
5601
8283
2083
6192
6807
3160
1274
3883
3542
5024
3826
8708
7649
6203
4805
5875
2819
7889
3684
3799
2522
8582
2742
2259
8054
7157
5949
3775
2005
9778
5147
5459
4875
3202
7780
1790
7561
3322
9843
8712
1935
2466
1553
4420
2901
4635
7717
7948
2087
2496
5706
9256
6664
2744
3282
6256
2383
1055
6776
8981
2792
2871
8286
9770
1359
2194
6437
4576
8003
8715
1441
4201
5912
5679
1032
6036
1960
8840
9898
1064
9416
4990
9712
1864
4816
2884
1546
6125
4117
3672
8596
1020
4512
6166
4256
2361
7907
3278
9300
2543
5210
4699
1100
7150
4605
5060
3889
1990
6090
7585
1909
2303
1592
7202
1364
3331
1866
3396
3217
6386
6582
1382
7856
5248
2725
7729
6675
6819
6105
2385
2804
8159
1113
8699
9381
7687
7238
6346
1654
2298
3879
8022
2914
4994
6043
7581
9005
1739
4687
9408
1843
6056
2902
9696
6767
9719
6951
6530
7923
8523
8553
6699
7314
1410
4784
1457
4787
2612
3616
3515
7447
3571
9470
8388
4210
6329
6427
6958
3473
8603
3677
6974
9917
6293
6035
2203
1488
3757
4541
6831
4506
8203
8607
3443
3733
6026
2762
6178
9586
3920
9776
8598
9595
3149
1613
4694
2149
9123
9079
4165
2909
6058
6508
4529
8656
9620
3610
4014
7101
8044
6999
4002
5672
6559
1008
4476
2472
9468
2713
3243
4787
4057
6744
4166
2299
3432
6307
6923
1437
8689
6897
3147
6040
8499
3178
1117
9813
3453
2938
6210
7413
3965
1392
1647
2661
4487
3328
1683
5294
3024
6216
3783
8734
8352
5498
4922
5985
3818
5016
7049
3397
4939
9009
4931
8635
8612
9531
1778
6861
6427
8318
9691
2512
3816
1253
1698
7088
8718
5907
2335
5693
9672
3442
1027
7022
5467
9257
1737
2550
6149
8933
6345
8447
2114
9208
2754
7139
4363
5570
5147
2998
3203
4832
3464
5105
2911
5909
9526
4944
2743
2936
7500
6228
6101
7270
2986
9351
3073
9210
7201
4450
1195
6195
8057
8823
2545
3588
9815
4836
9317
9181
3170
1450
2066
5309
5646
5541
6612
8348
9776
7646
8944
3650
7854
6512
3706
8509
3045
3843
4870
3797
4382
6478
4895
5367
3344
6604
1858
6124
3903
7384
2474
1065
3194
6764
2361
1535
9350
3796
2122
7197
5286
1269
5369
4002
7964
7667
3399
2717
4389
6308
3755
8858
9432
3812
9705
4572
9152
4316
4823
5522
5025
3907
4311
7639
1707
5996
3476
3210
5427
6064
8883
1966
8987
4879
2257
7021
5065
8086
3117
5623
7941
6884
3784
5618
1458
3628
8220
6516
4448
5632
7247
9483
8909
1290
8200
6118
5043
1697
2052
4257
2582
6837
6110
5196
4239
8575
8894
1811
1234
6982
7569
8607
9599
2940
3575
8940
6739
4664
6177
5602
6723
5492
3759
3761
7715
1075
9252
7768
2655
6414
6159
2721
9981
7779
9567
1970
9806
2402
8306
7369
1808
6465
2109
8113
9870
3431
6476
3164
2602
3347
5453
1027
6027
7977
3162
1244
4523
6083
7712
1284
5500
2499
8760
2381
6504
5526
7213
5310
4862
2916
8046
2062
3764
2351
9628
7690
2681
8486
8935
6174
7365
1102
8182
8853
3620
4543
3609
3868
4869
5780
8100
2364
8911
7284
2024
2067
8611
4710
1121
9467
3197
6540
1907
1740
6126
5211
8014
4831
6616
2354
7716
6412
3549
1032
2712
8712
8690
8378
3909
9767
7049
9831
8514
2059
7843
5428
8054
4120
1184
8484
5215
5867
6139
5263
1986
6078
1210
2308
1494
4106
3110
6198
3963
4956
6809
1705
7992
3320
6494
1388
3535
1474
1544
5204
2901
3795
3697
6590
6952
1891
9133
3695
7325
3768
5268
6304
2793
6581
3540
2127
9305
6960
4502
3326
1329
5039
9540
4043
9196
6798
2497
3341
2251
9474
6138
3141
6828
5727
6772
4842
5698
1954
3249
4859
5708
1341
7951
6771
6062
1866
7585
3520
3037
5176
8793
2248
6921
2903
5586
1854
7789
3121
6836
5467
9388
4878
6553
5962
6325
4923
5127
6634
2914
5987
1210
8890
9843
5584
8192
6077
2994
6305
3505
1465
8625
5611
2502
6427
7111
2776
2761
6586
9007
9697
9099
9515
1896
1870
2143
7542
9659
1695
5470
7177
1833
5257
2722
8643
8246
9694
6205
1428
4894
4717
8972
5380
1448
4163
9478
1135
2825
8162
2505
5061
3215
3797
7129
1354
1815
2421
7310
7920
2580
9565
9375
6583
7179
2088
2043
9458
1649
2931
1824
2009
4173
8049
5788
2448
9475
7997
1336
4058
3978
2897
4838
8668
4064
1737
6669
4846
5133
1635
6690
1376
2947
8388
1167
6171
2695
9153
9524
6472
9272
3407
7589
7823
3317
3635
5172
6660
7271
2536
1492
1680
5332
6379
1482
9222
9025
9220
3689
8677
2182
2619
5003
7275
3879
8507
5431
6083
5172
7165
1820
8303
7751
7436
9810
4836
3263
9228
8293
5079
7824
9658
8646
1870
2586
2085
3842
5714
5956
4254
5062
2300
5782
7635
6179
5408
1187
8366
3373
8566
8586
7333
4170
6282
2008
6659
3932
1797
6078
3807
2596
4502
5495
2220
6330
8828
8555
4152
5098
2337
1204
5483
7580
7315
3164
4128
2315
5337
1683
2158
4869
1402
1320
4380
6713
2560
6865
4603
2901
1665
5453
8201
4610
7892
4992
4419
7349
7948
3391
1143
4524
5531
2092
7409
2543
3818
5121
1919
7032
9174
3102
6920
5998
7852
5542
4401
4224
3867
9428
4146
2131
1904
1416
6314
3296
2851
7861
8996
6604
2925
2178
9599
9348
4646
6104
4547
1246
5389
2581
9322
4211
8478
4027
8154
9387
6269
4518
1232
6933
6300
7920
6955
1271
1617
5615
2356
1861
8943
3328
3808
7238
3969
5624
1974
7939
8346
3436
2133
1887
6616
6216
2065
1057
3168
8126
3752
8522
9469
1799
6846
5938
3482
2681
1876
4639
5590
5907
5661
8410
5332
5905
3060
4183
2661
1261
2656
2777
4192
1816
9003
6423
1153
9593
5365
2719
2851
4333
9964
4369
3535
6584
1900
4498
9284
3354
7031
5823
6296
7051
4310
5022
5463
1069
1496
9382
1422
6782
5437
4642
4792
7728
5534
1740
5891
7200
3608
6551
6132
1788
4673
2652
1600
4177
2278
6744
3308
4487
4864
3038
5492
8142
1674
9372
8942
2682
6352
3950
7272
1404
6356
6203
4323
1509
6774
6163
5875
1429
2269
6163
4827
4624
5068
1649
6384
1178
9403
9897
7574
6142
2615
6638
8022
4302
8322
2059
1206
6895
4111
8600
2604
4400
3745
6140
7336
1620
5302
4676
5500
4312
1471
3312
8519
3167
3873
9161
1099
2183
1049
7398
4540
7374
2325
1849
5941
2790
7303
3245
2238
1157
7960
4311
1521
7083
3834
5750
5353
1571
8987
4516
7084
3528
4044
3512
3208
5952
4085
6262
2894
8020
7670
3037
6616
9319
5768
5357
6592
8729
3465
3821
2754
1553
7817
5309
4603
6529
9113
7441
5919
8695
8260
8457
7546
5849
7551
2015
3106
2720
8567
6651
4766
1991
4498
6531
6189
4453
5810
2476
2728
2442
3710
1809
7181
6238
9130
2357
2933
9377
8835
5241
3966
7225
9237
8337
8216
6663
5169
7353
9751
3333
4585
5171
5851
1083
6687
4477
7773
6317
7728
4872
4845
6778
8511
7551
3997
5525
7401
6530
5065
3969
8816
7941
7055
2065
5780
2120
7077
6174
6919
3352
1274
2769
4768
7043
1348
1417
5682
2740
8667
4399
1661
3356
6030
2181
3020
1545
4464
9463
9416
9839
3457
9361
1547
2163
5781
2478
4859
