2048
2934
1471
1546
7706
3296
6966
3509
9274
2515
5610
3365
8359
4555
9224
7896
4849
2800
4312
3459
5997
1404
8318
4398
8790
5839
4397
8808
3855
1231
2994
2384
1541
6415
1526
9401
7530
7302
8222
6582
6388
4807
8683
4957
7551
5753
9072
1494
6865
2286
3688
2349
7170
8545
4657
2088
8554
3107
6712
8628
1493
2068
4568
1442
1968
6494
5291
4083
3979
7717
2795
6863
1337
2494
9278
3080
6302
1040
9592
2204
7978
4532
9602
7741
6430
4495
3009
4601
8486
8038
2269
3845
4134
5873
2499
8970
6396
6749
3657
6804
8451
2613
4551
8623
1847
3492
4418
2452
1800
3897
4391
1091
8457
5453
1057
1412
9824
2583
3541
2480
5825
5731
5400
9630
4680
3705
2206
2199
9863
8255
2049
2437
2009
8121
8464
7595
6077
1037
9305
3672
5020
8132
3416
6678
5541
7300
6022
5777
7091
9647
9968
3461
1176
3981
7235
7678
3901
7838
4164
8981
1260
4928
1995
5465
8279
2948
6446
2008
9840
7622
8355
1578
5596
3116
8086
4000
8210
8396
4957
7088
3292
5176
7592
4831
4347
4303
9008
7187
2393
2162
5172
4347
1212
5905
2991
6424
9758
8263
1331
2623
5550
7851
2750
3332
4732
1073
3630
6134
8085
5750
8943
6212
6037
2603
6850
7501
4433
5330
1987
6635
5089
2982
9683
5836
2609
6303
2570
7248
2740
8774
4265
1046
4729
1213
1381
7407
8380
2869
5586
2333
9000
7720
8707
6409
4452
6557
2807
1679
1533
8734
2477
2860
7580
9606
7931
3771
7411
9779
1859
5502
7607
4787
4321
4453
8621
4454
3184
2096
1624
2191
4910
1655
1525
7890
6721
1956
6754
3436
3736
8661
6586
2783
4730
4449
7258
7037
2312
5421
8188
9006
6741
6164
4884
2057
8645
3152
8446
4344
2187
8417
2024
8053
5158
6393
9625
6804
1940
6677
9486
7437
3695
2071
2480
9682
1307
5099
5966
2671
7110
5568
4496
4942
4777
2125
2488
5213
2164
1779
6036
1033
3910
4559
8567
4459
6903
1536
3484
3406
3845
2503
4211
1198
4399
9426
4206
2377
1296
1284
1115
6438
6105
6713
2359
9927
3680
3203
7711
9602
5110
7752
4053
5745
7564
4034
8131
6900
8731
2760
5449
4937
4854
8300
8089
8597
5489
3949
2483
9662
2014
2679
5113
3391
9149
9803
3013
4217
5486
9187
1973
4200
6392
3924
2389
9282
3692
1777
3496
1324
4396
3221
4139
1779
5077
5926
2635
2295
6864
2458
6551
5995
1326
4766
7438
6356
1010
8741
5196
9531
9669
2929
3649
9037
6667
6191
4408
2398
3090
9765
4346
1110
6981
5344
6644
3166
7545
2362
3263
1983
8568
8191
3135
7122
1852
2526
2980
1954
3329
5748
5214
6705
1184
6717
4582
8459
4233
3899
4951
3165
6001
8457
5688
2204
4994
1311
4823
2189
9243
2168
1828
4325
2082
6383
2536
9260
4524
2727
4648
9112
3820
4325
9202
9363
3318
8789
2356
3486
8435
9196
7613
8707
9061
3857
8720
5916
1188
5988
3581
6155
3308
6001
6227
1897
2845
8658
1002
2977
4830
2165
8892
3178
5121
5896
9247
6329
8955
2636
4955
5997
1772
8916
9492
9210
3022
5394
1113
3934
6415
6410
6321
9062
9671
4216
9882
4755
9491
1800
1369
4113
4740
3622
5382
4707
2722
4034
2654
2734
4328
7846
1140
2959
4109
3933
6354
4669
1039
8792
2542
2038
5427
8702
1645
7346
9795
4709
2519
4918
6394
5802
8766
5706
4137
9876
2332
3063
4182
8690
4478
4477
6547
5903
9993
6124
4142
5686
3590
4467
4192
1567
7520
7657
1177
9419
8653
9456
2859
4416
5433
5484
2945
2072
2301
3438
1671
6703
2862
3211
3268
4727
2676
1204
5623
6623
8402
8537
5057
2198
5131
5678
1311
9595
6452
3712
3157
5010
4223
3236
1015
3575
2159
8867
6189
5073
4056
2973
6476
6605
6922
6501
3040
8939
9783
6518
9671
5048
4658
2796
3242
5254
4875
8414
2465
3780
8546
1408
4987
1503
6533
9073
6571
6087
9520
6327
4368
1603
2324
3215
4902
5987
4710
5345
6316
8849
8275
1511
8339
6688
3559
6750
1883
9198
3663
6281
5732
1372
4478
6107
8702
9712
9609
7009
7112
3113
5416
3638
5459
8871
1697
6143
8402
5200
5083
1521
9050
5957
5113
4846
3878
4790
2088
6510
5126
9005
2898
2728
6230
4810
2884
3727
1172
8729
4304
1507
6899
3887
7990
1127
5392
2523
9651
4488
7115
9347
9284
5653
8641
7894
4025
2928
4030
6525
3622
8066
5909
1153
1212
2932
9238
2182
5217
1581
9753
7741
6825
5878
4956
3404
8606
9346
9674
4270
2455
6738
3643
8415
2591
7472
7301
9299
9333
1158
8263
6407
2100
6646
4503
5820
2031
2075
8493
6742
2296
7579
6983
8848
8236
1947
6699
7475
6750
3422
9620
2529
5250
2643
5163
3582
7190
1300
4555
3694
6892
8974
8663
2856
2008
2144
5424
1380
4058
8816
6397
1046
3231
9367
7053
2780
8015
5013
5099
9527
4781
8577
5378
4279
4928
6985
8283
9621
6938
4673
7846
2144
1991
1494
6094
8268
3049
6926
6544
2370
6844
9882
1812
3391
9809
1701
6377
5768
3685
8762
4557
8992
5373
8010
4466
2923
9644
5576
2728
1599
9759
3469
6078
8491
9343
5296
6898
5381
6839
1288
2427
3672
3082
8237
4136
4434
4210
6941
1240
3276
5528
6278
3554
7596
6199
9789
2629
2542
4840
6513
2542
2398
7991
9129
7080
7699
5873
3607
3615
3418
2521
4334
6859
8087
8450
1881
6018
2143
5818
2773
9302
8038
2492
1189
9217
1200
9913
2160
6211
2911
7644
1662
8130
8146
3806
7541
5631
5365
4876
6599
5098
7967
5022
1998
8793
2442
2344
9698
5789
3926
3316
5349
9857
1167
5100
4706
2775
3607
9665
2067
2625
3154
5758
3677
7476
6507
8666
4012
9138
1358
6463
5742
2964
4070
3696
6187
8560
5640
1728
3316
5760
9627
2953
8340
3551
8370
5177
3813
4054
4151
5656
3669
3959
3770
3141
4543
7249
7672
8421
8724
5798
2934
5063
1532
8996
5809
4423
6624
5214
7343
1265
6166
4230
5477
1747
4907
8025
7801
8593
1087
1825
4333
5465
7706
2136
6651
4739
1436
3957
2946
2652
3768
9537
6597
5747
1085
5733
2990
2801
8524
6801
8022
6136
4859
1482
3443
4161
5669
3788
6765
6774
4616
5235
3307
5498
9133
5655
5695
1302
1329
1001
3167
2831
5265
8307
3686
4608
3309
4105
1447
4447
6221
5839
5800
5889
1594
2454
1935
7901
3958
3928
9655
5877
4298
3657
9940
5812
4914
6429
1038
1682
9587
9154
5182
2130
3909
6582
9858
6256
1326
2511
8958
6881
2592
1136
5820
1952
5632
3951
1583
3974
4436
3463
8083
7781
9186
4186
1009
1489
5995
6835
1477
8834
7529
5207
2701
3185
7571
8504
1561
4872
1062
1330
5185
3830
1535
6221
9569
8039
2072
4933
2592
9954
1237
4997
4232
8604
4790
3427
4788
6895
3177
3148
4437
2702
9178
6161
1070
5538
8473
7290
4718
1684
8054
9201
6368
2201
7150
5603
4950
8375
4344
2791
3515
4012
7935
1366
2364
8143
2323
6006
5985
3834
4537
9839
1635
5306
3959
4902
2851
8493
6060
1194
2515
6937
3035
1274
4712
3380
8311
4334
6435
5421
8705
7634
6581
4438
2373
6574
8611
7520
9575
2677
6061
7659
4240
7612
8392
7176
2486
3563
9020
1964
5551
2179
1446
5432
5687
7333
8494
8828
4577
3081
5191
8704
6337
1791
4822
8755
5172
2243
1081
7384
8975
2735
1136
8759
4978
7372
2546
5215
1653
4363
6770
6468
2386
2949
6476
3666
2323
6216
5305
8337
7840
1597
3173
5729
9770
3964
4185
3584
5153
7404
6170
1098
4565
1786
2948
2141
1848
7227
8152
9492
1218
4039
6741
6900
7750
9077
3185
1732
4392
8227
7184
6873
7069
5211
8232
6236
4963
7811
2311
3039
5245
7327
8356
7626
4537
6498
8048
9969
5276
7265
5123
1776
1881
4006
6176
8547
2070
3754
4122
6068
7527
3336
5078
1473
1612
9402
6140
8341
5442
2486
8459
1259
2983
6734
4305
3482
1122
6181
2279
1779
4169
5731
5771
1364
4813
3709
3160
2629
3558
8816
8242
1120
1202
5083
2851
5771
6338
8933
7628
4623
9215
5388
5052
2174
1454
9284
8764
2211
3520
8403
6277
1405
7253
1376
5004
5350
2889
6634
9481
3727
3982
6362
6288
5734
3889
8359
6936
8302
4143
9168
3803
1866
1300
8348
4050
2123
6662
2641
1683
3737
9877
9986
7333
3503
2029
9212
8331
3859
8761
3182
6981
7513
5806
4243
2155
4160
2382
6795
3337
1486
1584
1549
1180
2478
3389
5516
1988
6245
5585
4107
7296
4399
8062
9693
3515
9502
5644
6876
7446
4749
5783
6669
9144
1416
5796
2031
3507
2462
6113
7261
6105
8852
2055
4465
6393
5754
2747
5202
8126
7654
6597
2240
7624
5910
8200
3857
1801
4831
9327
1503
4268
6714
7758
8303
1276
4461
8121
3023
8223
8585
3129
3055
8702
4341
2177
6195
6287
5831
8892
5204
1219
8648
2700
4336
7573
9693
5453
6579
2957
3763
4864
6494
1491
1981
8878
4324
7915
1805
4067
1450
4699
3828
4052
9119
6610
1453
5632
4801
3148
7458
9369
1739
3158
6238
5491
5615
2852
2627
1580
1138
6584
7217
6092
9626
1724
3935
8642
7390
4910
5098
5070
2747
6612
8361
2059
1694
9442
7653
6567
5971
8124
4606
4397
2448
2641
9072
7991
1262
9841
3418
6452
1841
2919
7412
2759
1492
9364
3250
3781
5572
6079
9485
7116
2815
6540
3015
5405
3146
3117
7016
9047
8338
6203
3828
9711
5074
3265
3032
1685
5248
1205
7524
7440
3260
2566
4293
2432
6158
4060
4433
4574
3265
6200
8083
3541
7922
1159
4724
5281
6504
4896
5166
7991
9199
8496
6451
3460
2905
4398
2092
5698
3739
7231
6840
5023
3590
8750
7861
7055
3391
2295
5265
2623
8033
1335
8300
8692
1074
8004
6983
8100
6191
6893
3949
1541
8976
2142
6244
5998
5063
8028
6589
4348
8988
3492
7919
7708
5255
2685
1909
5665
2104
8788
5044
8561
5364
2426
6457
3319
8404
2698
9583
8733
3261
9097
5449
6897
8707
7356
7706
3543
9492
7732
4820
3770
8121
9099
7536
8369
1664
6935
4589
4458
6044
3056
2905
1011
7347
6475
5074
6029
5999
1386
1915
9561
1662
5819
4924
7181
8813
3631
5398
7455
9220
1916
5311
9337
5572
1987
4661
1521
5920
7849
5566
4380
5955
7937
2506
5020
3846
7843
2265
4370
7046
1488
3533
2158
6731
2292
5551
3530
2322
3431
7160
2748
9136
1553
1855
5620
3362
1648
7560
4541
6971
6372
4760
7962
9809
2010
7299
5015
7166
5316
3470
7718
7332
3684
4872
3516
6855
2412
7038
1158
2736
1348
7695
1669
2637
5232
1510
2215
6789
7281
7783
4226
1088
3334
3994
6555
3814
6124
3428
4861
1758
8335
5853
6252
8430
8988
4895
3356
1473
7648
7505
5265
5000
6795
1988
2693
3006
9529
1464
7514
3333
1227
3161
5719
1684
8248
9963
2867
6484
9869
1131
6571
2643
3098
1603
5615
4876
9342
5376
6016
7940
1008
6660
9861
4724
8059
4599
6077
6629
2801
7655
1211
6343
6280
2591
6478
2071
1262
6278
3657
1966
5645
9414
3449
6634
3509
1602
2379
9577
1373
1020
8283
3538
8510
7788
9872
7695
7152
1286
1039
5567
5371
7348
2725
1442
5421
5003
1124
1245
2297
9919
2427
5694
8781
3253
2110
1895
6021
4739
6026
2842
5660
1131
8522
3967
6299
1115
1694
5448
4553
6723
5993
6446
4103
6192
4362
7423
3701
7659
5868
2615
6755
9658
9276
7612
9404
8768
8019
5148
9869
6771
9140
8340
7724
1028
2747
4232
4567
2409
2766
6804
4252
6307
2311
6345
6042
9739
8544
4839
6848
3908
3829
1871
6685
5908
3563
1006
7087
6189
3268
6106
2114
9353
8462
2132
3682
7202
6534
5093
2740
2922
3029
4817
5943
7675
8536
1677
5880
1178
1741
8257
5630
1317
1058
9820
4789
5806
3639
2286
2370
6245
2833
8004
5678
3372
6898
8163
8971
2957
1705
1254
4730
3069
1522
9418
6324
1928
4824
4273
5649
2947
1347
6199
4656
6825
3866
8954
3952
9145
8112
5596
9536
8928
9013
1005
5559
6033
4035
6770
6527
4516
9546
6642
1390
3755
9400
4813
5739
1857
3626
8758
7378
3388
4921
3986
1869
7693
4784
7475
4842
5701
2525
7471
8800
4449
3706
6896
5221
4773
5131
2473
1432
6721
