2048
4460
2398
8682
3397
1014
3183
3735
3196
6721
5159
9574
1668
1559
7898
7098
4113
3355
9600
6106
2714
5379
6049
4073
3378
8424
1518
6023
9291
6872
5375
3393
3489
3488
2809
6191
9151
8310
1472
6941
6022
9925
6080
5962
2830
3959
3553
4442
7898
2839
6622
7748
8435
5093
2934
2241
6319
7406
2386
8992
9147
7131
4438
1676
3664
2822
1155
9995
5974
6244
9647
9960
5191
8802
1929
9557
6074
2181
6082
5596
6617
5641
7660
4051
6186
9008
4142
6704
3994
1314
6895
8603
4862
5115
6032
6715
4788
1583
5433
4186
5315
5867
1874
4133
7524
5753
7715
7334
3175
7712
6711
7480
3167
4466
3941
5540
9493
2114
6054
2679
6912
1800
2176
3695
4975
4591
9975
7239
5008
7043
6699
1728
6753
2291
8803
4981
7114
2058
4014
3725
4729
6180
2746
1124
3567
6247
6676
6039
4007
5541
6172
6739
7276
1811
3093
8739
9822
4654
5452
4878
7066
6380
4758
3289
8664
9412
2830
8256
7537
2631
2953
1467
6659
2066
2220
1195
7749
3386
9079
6452
9368
3066
8405
3222
8931
2133
3151
4388
4847
6822
4065
3761
5831
6299
6270
1648
5598
6760
3769
8916
3224
9935
2755
4019
7975
5101
6156
4201
9363
4762
5934
3760
4940
5774
4509
8920
6940
6086
2925
1155
5782
2746
8709
6249
7249
4884
1148
2647
6271
3350
4058
5703
2016
8893
2901
4950
1128
2440
6724
5989
6848
3348
3004
1252
1757
6512
2668
8785
3425
9042
6511
1120
1228
4870
7438
7233
8712
7801
3087
5532
1860
7803
1998
6259
4181
2648
7602
7173
6606
4447
9624
6442
3912
9797
5677
5164
7960
2816
7988
9720
1965
5586
9686
9091
1718
4611
3168
5110
3215
1167
2157
5846
2367
7929
4580
6187
3800
5327
9861
1024
6148
7687
5486
5781
5939
4320
3915
2415
6454
1008
4528
6023
5170
6446
7674
2898
5622
4748
8288
9726
5346
5027
5862
3165
5614
8825
6113
9964
6603
6013
6594
4144
8409
5681
2694
8815
5128
5482
6186
4066
3835
4564
4623
3898
8290
4898
5692
9818
4976
4835
8896
2411
2902
9449
4093
6758
5906
6746
1900
9550
2570
9747
9358
9515
6931
7252
8868
6506
4726
3890
1695
4554
4553
8618
2346
7197
1288
2138
6528
8490
1193
3218
4162
1504
8393
9641
5031
6562
4547
4197
7650
2198
3129
2148
9159
2217
9422
4310
5608
4911
6879
3954
2419
1139
3983
3949
9613
1123
4159
4534
4975
9497
4450
3624
9960
9919
5830
6772
8967
4431
8058
6943
5243
4348
6693
1844
7820
8833
4539
1436
6063
6065
2896
7251
7596
1197
1792
1743
4668
8239
1940
9163
6945
3667
4243
6941
2651
3880
6885
3667
6866
3439
1960
4428
8607
5343
9221
8907
2640
4524
6061
3612
8857
4620
6282
1350
9347
2310
5021
7330
8305
4961
2396
8891
3228
4387
3934
7950
4078
3108
1922
2833
2711
7216
3107
8094
1695
7564
5553
3795
5865
5819
4285
5228
3323
3137
2751
6731
9827
1277
6763
5066
6037
9961
9411
6387
1529
9463
6211
4426
1550
2825
2596
5706
2275
6304
1050
7670
3203
7423
2506
9200
6437
6389
7091
3963
8183
2203
7270
1750
5058
2768
2095
2627
4100
7606
5336
4130
9069
2721
9781
3647
5607
2865
1946
5797
5691
5124
2407
3450
2041
6144
3588
2238
9785
5557
9254
7940
3284
8111
4545
2078
2067
5734
2983
5435
9306
1047
6961
4978
6412
5280
6912
7265
3684
8524
7960
1493
5604
9461
2045
2048
7127
3455
5347
8421
6481
8501
5717
5957
7161
6635
2540
6318
6885
1260
2699
9314
8855
5090
9115
4496
2347
5638
6605
6459
8493
7908
7707
4212
4719
6198
4687
2067
6940
6966
3476
3369
1251
5879
5752
3853
8542
3063
9376
4897
9136
6025
2115
8666
3053
9923
8996
2084
8532
5582
2519
5635
8128
6524
5287
2185
5444
4642
6623
4620
6255
8707
4518
1278
9284
3866
2910
1196
2385
5391
4634
8093
7743
2922
3524
3342
9355
2347
9572
2632
2282
4978
5870
2578
3206
3340
5986
3047
5222
9283
1518
7121
3474
1806
7166
2921
2496
8373
5930
9028
4128
6128
1228
6200
5205
3635
3461
5402
9935
6795
4269
7891
4301
3286
1493
6608
1551
7900
4146
5016
5382
2706
4038
1408
5208
8199
6704
4937
3066
1705
2449
6681
2094
4853
2657
7064
7990
1165
6710
1938
3004
2555
6264
6592
1374
8717
6474
5448
8334
8829
3908
5453
3888
1086
7997
5218
6540
1815
3797
1234
3093
6258
3578
2348
9881
6387
1972
3871
1940
5795
3493
4915
1660
4925
7076
1231
4420
3034
6742
1883
3487
1307
1218
1196
4570
6234
7475
7307
2974
4363
2402
8687
7277
8008
8053
9588
1592
5325
8070
4275
9678
9048
8583
5924
1479
5816
2942
2241
3773
8996
2592
9200
5635
1760
2916
7795
9368
3314
8536
7151
8511
6133
4070
4985
2445
8342
2574
9375
3299
4518
9774
4283
1593
3538
2188
4861
7344
1399
6585
5878
4066
3637
4898
1379
7887
5774
1681
6871
2690
1375
9871
5811
5697
7183
8331
7123
6739
5471
2881
9524
2940
6161
3492
6934
3884
4822
7649
9752
2693
7613
1968
6237
2816
9264
3386
4197
4550
2317
3048
4799
5621
3263
6154
4253
3347
7342
6856
3189
9988
1761
1451
8746
7216
5303
4510
3651
2838
7968
5702
2399
1068
4334
6491
7473
9093
3417
3033
5763
7064
7985
8574
4028
2298
7988
6304
3975
4152
4434
1841
6085
9743
6270
2073
3392
3346
3020
2061
4429
5370
8761
5987
3321
2776
9565
5876
6090
3207
4028
4815
1270
2853
2379
9012
3966
6167
1000
7509
3656
3150
5456
4898
9803
9602
9072
3590
1184
1672
4391
5671
7013
4787
9778
6048
8103
3325
8288
6190
8044
4649
4418
9893
5311
2256
8995
5414
6723
5970
1233
1669
9886
1453
9873
6116
9456
5951
3845
3346
2323
1791
9263
5567
4425
4508
7003
7400
4454
6333
2783
3180
3228
6270
5136
3637
2199
1870
7179
3909
7354
8383
9503
4989
9608
7924
6665
2409
5846
4568
2823
5104
5705
5510
8858
3865
5061
5852
4531
5797
4110
6224
9857
7355
1014
4733
4207
8217
9389
6640
4332
3732
3471
6001
7399
9396
5907
3218
4593
6715
4024
2037
6601
6312
8243
1865
1247
1912
1394
4000
4447
7109
3866
3643
6058
8466
5065
1184
2862
2054
4933
4184
3373
6258
1694
6929
7170
9016
3102
8356
9020
1103
1660
2422
6214
5306
6099
5947
8587
4174
1239
6416
6917
2979
4487
1088
6250
3330
4948
9328
5691
9344
3569
2337
1018
6042
3157
4675
9286
8843
9264
7928
9237
1823
3818
5882
6147
9861
2095
5595
7306
5373
8898
5970
9329
9873
5990
5002
2599
9941
9555
7297
7092
5218
3122
4960
1368
9277
1572
9448
1156
9423
6155
1981
8440
7061
6422
2933
8139
2448
5450
4980
8441
4375
5499
8192
3485
9255
6666
3127
6631
4326
2976
1776
2829
6182
3457
6497
5577
9275
1678
7994
5717
2124
4083
3107
7358
6386
1567
9318
2170
3476
9926
7244
9808
5732
9034
5610
1006
1157
1533
8786
9109
4778
1980
1374
2635
8023
8213
4556
1116
7479
5358
4212
7966
4586
7758
3271
8201
2253
6640
6091
4917
3309
3878
2319
3630
4402
8135
4046
2491
6014
5465
4144
2856
9972
6672
5552
5342
7886
3665
4881
7187
9214
5767
3730
2922
4668
2611
8355
6310
5764
4740
3809
6871
5302
4881
4378
5883
5980
8193
8852
7093
4984
3043
1018
3430
7842
4391
1585
2354
2068
4115
6469
9382
5067
2383
9157
9874
3568
2746
1364
2571
2151
2463
5471
4765
1397
3891
7013
5901
8122
2733
5661
5495
4488
9046
7661
5947
5443
7698
1838
1867
5934
4192
7301
6699
6681
5172
3770
1773
6267
4976
3431
6726
3144
1582
8002
5108
8344
5010
4041
7647
4093
1317
8522
3295
6774
5356
4250
1756
2639
5628
6363
8315
7904
7050
3851
2751
2004
2629
9350
4390
4065
5613
6915
3939
1782
9997
8701
8383
6306
2171
1099
4978
4883
1114
3051
3336
3850
9702
9626
2046
6620
6513
3730
8855
8072
4320
4887
7258
2872
7079
3433
1259
4962
2935
4473
8405
5215
6264
6169
4647
4906
4273
8556
6584
3559
4298
4637
5231
8802
6015
2778
2306
2660
8601
6119
1719
1635
9113
2807
1607
1085
2331
6206
9343
6330
9276
5767
2008
9018
6298
1707
6775
8771
5807
6893
9250
1754
5844
7510
2906
4414
2644
8318
5234
1870
9781
3721
7486
1715
2727
7080
2317
4651
1975
6639
6697
3750
2586
3730
3540
6800
3982
1961
1935
8822
2999
3123
2668
5869
6796
3350
4580
7329
9267
7568
3449
2194
1384
2528
3373
5950
8451
2645
3894
7374
9992
1398
3889
1622
8872
6998
3757
9417
7338
8137
8090
9286
9734
1315
2810
1446
7079
6410
3614
3078
1101
9883
8584
9699
2427
2747
3726
7682
4428
9985
9381
8635
4780
3346
2407
8142
9062
2385
2102
8399
3930
7874
4595
3908
9816
6660
9102
5761
5194
1448
4389
4444
8699
9882
4241
6363
9157
1355
4434
9344
1458
3895
6763
4466
3212
1617
5584
2905
7586
9322
9883
4107
7706
6926
2007
3429
3030
3760
5016
5329
9562
4065
7435
8820
6565
8906
9213
6524
7029
6875
3310
8764
6165
1216
6132
9285
3294
6637
7693
4161
2185
3424
5297
3038
5567
1658
1002
2284
7124
7763
1902
4394
2435
9080
2624
8038
8810
6426
5512
9319
8002
1846
7389
1949
3329
7915
5997
4273
7550
4246
4012
7356
7281
9175
2726
6332
3717
5878
1747
9071
7398
2617
5736
2043
2083
9392
3832
6396
9516
9799
2028
3620
4697
3808
7099
3782
7288
2381
6161
9966
2487
6234
1979
7508
2825
4031
8507
5313
8166
7257
8356
2778
5030
7967
8942
8981
9820
9780
1218
4797
8831
8142
4340
6522
4379
1336
2760
1259
7517
4481
3085
2894
7783
7566
4912
1698
2392
9688
2064
9434
7529
1449
8291
5969
5636
2897
4753
1034
4091
5910
5523
9091
2249
1561
7262
3054
9413
4177
3075
5948
2651
1257
5303
4070
2592
3287
2659
3481
9628
1360
2112
2129
9983
6614
1212
5714
1296
8593
5093
3765
9773
5667
5803
6608
8753
3030
9397
9189
6017
7995
6855
5984
9379
8011
4477
9989
2437
6824
6622
4286
2605
7838
7277
7978
9396
5595
2556
5819
4404
1587
2724
9851
4857
4354
2065
6057
8667
6162
8706
3652
7784
4050
3166
5225
5695
5957
6822
1512
3433
9850
1565
8869
9479
5905
9588
1329
2034
9866
7506
6880
8237
7799
5996
5887
4437
2029
7524
8735
1463
8718
5115
4404
8591
5995
9178
9011
6029
9367
6431
1360
8764
8532
7207
1196
3225
3446
6730
1183
7258
9323
8418
1973
2604
2623
6583
6789
2266
8496
6988
2370
5686
4800
2792
7645
9344
1401
1985
5148
4325
9533
1488
4265
8229
6523
9786
1812
9683
3471
1675
4565
8394
8196
4043
6577
8415
6306
8139
5236
7618
1784
7122
7330
6526
5636
3898
3260
9742
6895
5828
1339
2855
9725
8137
7649
3510
8247
8862
9274
3092
5109
3811
5769
7559
4208
6286
4250
1658
1658
4879
7820
3742
1643
9614
4592
1744
7599
3180
3028
6219
2635
2777
3521
5624
5035
4398
6229
9376
5187
1574
7346
2375
3240
9349
7721
2311
2398
4043
6090
2822
5564
2440
6997
8267
4478
4832
1947
2469
4640
6733
4052
6124
1761
7857
4269
3992
8425
3911
9394
6140
2665
6335
1588
2156
2192
1980
6867
7062
6771
1945
6755
7359
7236
1013
6755
2002
8301
6270
6189
2827
4595
9841
3577
8640
2151
1664
9674
7489
5357
9525
3710
1302
2668
3970
3945
5742
2826
8609
7617
4731
2327
6819
2246
1938
5745
7917
7833
7467
7813
7443
6717
1338
9998
5653
6383
3153
2846
2252
2297
2426
6623
9889
4858
5272
9140
8750
2755
9527
6574
1034
6220
5062
1916
4353
2018
4282
2612
1159
1872
5361
7363
3017
6172
1361
4291
8921
3857
2615
4055
3417
1121
7347
6360
3523
7583
7316
5311
6436
2904
4400
5864
6637
7604
6029
2249
5595
6576
3314
9643
7311
1349
4781
5064
5896
1280
4211
3385
1684
7416
2356
2642
4833
1347
7335
1794
2204
7556
8099
5402
4578
1348
4524
8949
9455
3126
5448
4149
5872
6490
9723
8338
5500
4979
9419
5606
3099
9767
6981
8368
8582
3391
4017
5368
2289
4856
2267
5838
6024
4442
