2048
3889
3725
5088
5807
1498
8303
4586
9465
3722
2072
1752
1043
9830
7688
5179
1039
3360
8002
5202
1156
3068
4314
5230
7918
7940
8310
7398
4658
4821
6015
2778
9248
3191
2896
6911
7173
4395
2248
4477
6473
6291
3695
6944
9607
8071
5814
5988
8941
9232
2710
3724
9309
2595
7183
7893
9464
7199
5845
3300
2490
9325
9557
6087
6316
7882
3384
3767
3936
1202
2191
5033
9313
9880
5748
7192
1421
5183
6496
8361
8728
5861
3157
6437
3679
2141
3285
6419
8219
6709
8938
6738
7704
6625
1936
7194
1942
9291
6203
5874
7585
4025
8519
3025
6293
4644
9793
2016
7816
3238
2408
2031
7711
2616
3523
1362
7699
5495
3389
2663
7451
5890
5906
5738
9468
6939
2140
9843
5311
3814
9709
1520
5006
7834
3825
4994
4411
4143
5023
8882
9333
5574
7458
4630
4444
7681
3963
5810
7248
7572
3156
7776
5457
6448
3846
7584
6378
6393
2267
2684
4541
8486
2650
3332
1590
6128
3712
8079
7393
3347
6610
5605
5411
4550
3206
1741
6414
3010
7103
5450
3423
3371
9732
8837
3661
8683
8566
8722
8023
8310
3873
9443
1070
8609
9190
2528
6967
6461
7417
4515
9116
1516
3287
8734
4332
2379
5511
2197
2341
2691
5275
3349
4066
1983
4441
7152
2953
2829
2890
4013
3563
5578
9985
4976
5594
3984
5546
5801
6090
4649
4563
5023
8641
6231
9039
5371
3644
6638
9867
7853
5857
3605
8545
9548
9953
8742
9891
2941
9018
1330
6109
2771
4057
2286
2163
1483
6220
2814
1120
7769
3668
4579
3861
4674
6431
1695
9569
2430
2849
5469
8973
7344
3827
6789
8484
3278
8137
2567
7706
3547
3869
7391
4700
7914
4498
6305
9534
1139
7572
3299
9138
5210
4573
4553
4062
3923
8689
6713
3362
6849
7315
9682
3148
2319
4299
2628
2622
4797
5900
4414
1686
8030
2846
1320
2404
4711
3262
5247
9414
3495
6602
2315
2949
4976
4981
6255
6913
1397
2246
3550
2325
1028
1354
1847
4180
3120
5165
5066
9022
6767
1014
8123
1290
5022
1519
3272
5851
3445
9298
3550
6473
8586
2141
4557
2789
8730
8251
9208
7237
3587
8963
4805
4395
4133
8571
4127
6726
4362
9296
6643
5270
8122
5442
9243
1826
3571
2518
5487
7096
8118
4913
8883
2587
7389
8125
3964
7369
8231
3192
5246
8673
9843
6954
7717
3110
1719
1016
7251
4328
3291
9778
2154
5729
1370
6375
8032
3767
9316
5730
6385
4616
3482
2555
3143
2053
7542
1676
1949
5094
1441
4506
1398
5797
2161
2470
9949
4120
2994
5637
3012
5425
6274
4455
7627
2687
2136
7081
8093
5826
5783
7921
3574
6529
4349
1828
1840
3468
9609
1582
1797
4483
5562
6759
5249
7486
8165
8720
1380
2468
4619
6482
4404
6548
7619
4423
2527
9378
8728
3306
5046
8729
4104
6755
8009
4786
7126
6045
6988
7083
3710
5677
9489
7258
5354
3134
5177
1258
8396
3961
6773
8610
2263
2743
3436
4004
2074
6703
5471
5541
5358
3034
7261
4118
3780
5964
2109
1307
4277
4307
1319
1948
7636
3338
2654
2923
4575
6734
5788
8657
1678
1011
4987
5710
2946
9713
7583
3732
1353
5064
2538
2881
5328
6696
4330
1784
3367
5855
9992
1886
1927
5386
2101
5110
6214
2807
4303
8690
4115
8540
7054
4372
2423
5599
9233
1437
2696
7707
1120
5097
6233
9997
2179
5436
2407
5511
4470
8125
5364
2760
4851
3058
3094
2687
5583
8736
3567
7670
6371
3267
9966
9385
1285
8929
5374
7962
4656
4866
4687
8876
6031
5707
7321
2823
8244
2784
4451
3762
3667
6937
6852
2605
8324
7102
5488
2864
3833
1908
3126
6695
6969
3549
5079
2023
3562
5683
2191
9870
3232
4337
8185
3011
2304
6304
1807
8222
4643
7758
4429
5264
8752
2063
6306
4820
3400
3886
1519
5900
1931
3477
5991
8349
6201
4913
8891
6776
1480
5104
9219
8344
2565
6482
4081
3464
8514
8252
2530
9402
3769
8833
1775
9505
8637
4788
1268
9449
1522
4382
1002
1780
8487
9217
7638
5761
3621
1946
7199
3345
9396
9959
4517
2291
3539
4358
6214
3366
2706
2854
7673
1909
8367
8886
8883
5942
1402
2786
3435
7275
2441
4752
5957
2481
4080
9684
7514
5900
6323
6374
5539
8539
1505
4147
5426
1540
5189
4041
2257
6744
3022
3046
4464
9388
1765
3711
4611
5482
8260
4331
3584
1084
6548
2435
5103
2398
4924
8971
3766
3204
7095
2006
5434
7711
6378
1411
4796
4931
2781
4039
7857
4904
3169
5717
7260
9796
6441
3633
3854
9955
8281
1188
5112
9857
7767
3908
5227
6970
8291
8985
7847
2740
1970
9052
2920
8605
4943
3429
9635
6829
9904
2813
7806
3623
4902
3431
3812
1910
3410
3707
1509
2872
3717
5536
8180
6272
4774
9639
4144
5155
7966
1760
8713
1843
7408
9383
5693
4697
4036
5467
5334
3687
4380
9614
1531
6743
2956
5979
6284
8357
6132
8141
7087
2703
5915
5424
4122
9490
6814
6962
1404
5621
1929
1574
9440
3383
4741
3992
3153
2001
3831
4561
6201
5384
5808
6661
5579
5549
8085
6422
7659
5194
1620
9090
5115
8536
4497
3496
6006
9414
2515
9337
5316
6110
6605
2445
6805
3375
9873
9713
5297
9126
3097
9458
5992
2188
1131
4109
6707
8758
5955
4293
8155
3993
5691
5302
1376
2488
1281
6131
7991
4494
4069
4739
6120
3693
6781
6838
3217
3464
9745
7854
8708
9308
9662
3177
3070
7114
8186
5699
1946
2845
6407
6279
4411
3234
2323
6311
7723
3591
2705
8369
5266
1002
5970
4895
6141
3846
9801
1223
5236
1711
4113
3021
3067
3191
3095
6632
6815
2053
1882
1208
6630
8341
7748
8858
4689
5528
3008
8624
4121
8188
2802
5722
2102
9111
5379
9451
3858
9093
4408
5486
2371
9742
6473
5449
6364
4097
3004
6027
2515
6688
2869
3097
4199
1146
6425
6495
1072
5516
9170
4951
7163
5947
6577
6455
1239
6407
2709
5671
1387
6633
8691
3436
6602
5117
7235
9860
9770
3677
9201
6020
5001
2230
7911
5550
2368
5376
8846
8389
7477
6991
8599
9278
3082
4136
2813
3411
7457
7433
3699
3766
5662
6351
9885
4436
6372
6746
4793
5166
4018
8090
7329
2671
9522
4148
1528
2092
6493
4729
3552
7081
2356
4749
6535
2564
3870
8068
4724
3788
6069
6985
5026
3560
5592
6134
4880
9275
9460
9280
7075
1962
1073
2675
2156
3207
5321
8118
1973
8675
8581
7686
5175
4901
4284
3113
9172
2103
1206
6877
7714
2088
8909
2818
4269
9303
1560
9153
6548
7090
3849
4430
5514
7240
3694
8068
1268
3464
5439
1475
1582
2030
7478
3697
1113
4395
7213
3116
4273
6543
3096
3959
6346
2433
7383
1160
4593
1793
2401
2178
8647
3194
1476
5540
7232
3396
8613
5547
6772
6522
2517
5955
4702
4005
9334
8565
6821
8050
1245
6870
5647
2220
8116
9140
9987
5195
6312
4196
7180
8943
5826
9263
1745
3758
3781
5263
3285
9965
2789
9633
4418
2672
9112
4561
4265
8518
4411
3612
7231
6272
6661
6533
8727
4716
5407
7254
2082
6502
3953
5621
1733
7254
5679
7145
1224
9449
6666
1049
7263
2662
8440
9163
2588
7463
3672
8834
6349
5850
4830
3232
4896
5594
4875
6567
3169
3992
9962
5967
4381
6876
2325
6343
4726
6082
5726
3010
2166
7796
1692
2624
9989
9274
3803
9953
9925
2807
8075
9926
4802
8033
3322
5814
3761
8357
4599
2671
1781
2118
1036
5513
4976
2629
3725
2911
6200
3274
9767
6243
8523
8878
6013
6366
6954
4121
4436
8778
1594
6192
6661
8603
4476
6237
2392
5567
1883
2297
7095
6124
9215
9968
5394
3851
4916
9495
7693
1369
1911
8122
7331
1517
1666
8492
8118
2089
8025
5553
2486
5035
2100
7097
4774
2896
2515
9105
5907
4826
2091
9060
3475
4612
2813
4175
6330
3460
6119
2318
7875
6145
1891
5071
7702
6254
3436
3643
3206
7216
3712
9227
6209
8821
5783
6639
2069
8576
7616
7560
6286
2801
7163
7903
1124
3002
3457
9806
2324
4122
9884
6319
8670
1735
5053
3480
2726
3230
4556
5080
4794
4714
5999
3536
1401
4891
6737
4597
2345
9772
6960
8737
9360
9052
4122
3256
3061
2114
3800
8230
6685
8058
4801
2669
2108
2943
9654
2071
5721
9444
1706
5287
2420
3835
1297
7613
2957
1472
8667
5555
6244
1419
2935
3605
8656
7242
9932
3649
4201
8927
8402
6598
4419
8861
7217
5301
6625
4366
6810
4448
9898
8543
4430
3485
4950
8758
2036
1717
5712
6244
4520
4529
5156
4166
1369
9749
1250
3610
1654
3620
8850
1274
7749
6657
1311
3846
9860
4648
6303
4536
3817
4152
1789
5939
4323
5679
7164
6824
2097
1740
9813
3765
5609
1174
4220
1574
2134
4179
8505
3779
5640
1574
3776
3357
8650
5841
2874
1431
8579
1367
8355
6453
4309
5758
8810
3665
8933
2351
2716
8499
6197
2974
2590
1707
9595
3519
8620
1232
1327
4729
9311
6129
7164
8989
9255
6333
9473
9179
5817
1798
3950
4975
6643
3554
3568
4733
5626
5117
9110
4576
6531
3144
5713
6873
2619
3796
1391
5885
9931
2204
3571
3340
3361
9577
6731
3522
4784
5989
5704
9983
5689
8938
4108
8391
8538
4716
2252
7573
3135
7926
7445
3202
7075
6397
3615
1026
5018
3757
9190
6753
5080
3301
5272
9388
8459
2474
2948
7148
4931
2880
6050
7132
2100
2528
4698
9852
7686
1217
2700
5856
6756
2182
2818
1451
4770
1921
1932
2222
5829
7287
1369
9906
7228
9738
4696
8098
2506
2426
3948
9825
9815
8713
8721
4582
1385
2345
9460
5150
1596
4392
6916
9146
7707
8258
3179
4289
7027
2149
2739
4260
8132
5904
6230
4488
2951
8335
3998
1539
8623
5252
9522
2808
2649
8861
9587
5813
3353
2827
1646
4650
7199
2373
6471
5591
6411
8992
8083
2004
6466
3401
4187
4288
2449
9539
3350
7047
1161
5790
6605
2261
6327
1175
6228
3902
9349
7411
2813
2143
5135
8613
4768
2287
6470
8680
8974
3248
3419
4610
7966
5845
8790
1078
4808
3959
2818
4859
4157
1509
9542
4918
5010
2571
7407
7817
2486
4195
8240
6251
1904
3174
5591
5380
7948
2149
8054
9473
5743
3568
5901
4131
4468
4485
8368
4263
6746
5121
8847
4505
1375
5840
3002
8230
4925
7021
3702
1293
8252
6453
7630
3959
5175
1184
4805
8972
3192
1477
5078
8019
7671
7998
8116
5523
5392
4834
7374
8559
4242
2063
1239
1324
1699
3139
3362
2584
8623
3707
2238
2653
7522
7466
7139
9746
6595
6048
7560
6502
7383
3344
8482
1833
6115
1282
3179
1749
5087
4733
3696
2334
9419
1839
1977
8677
2278
3944
9520
4362
4838
2683
2543
3855
8276
1591
2834
2403
7727
8540
5890
9675
4027
6024
2472
2617
2676
6817
1094
9251
2747
5455
2053
4997
6211
6686
2319
7957
3973
4166
4657
6029
2958
4830
5725
8806
3966
3144
3917
6778
7638
1851
8071
1315
8906
6311
1565
7938
2730
5188
6075
1397
4221
8797
6609
5857
2980
3204
4851
7340
1987
2639
4341
6329
2746
4716
6220
1324
7388
3065
3135
5708
7655
9725
5879
7927
8308
7811
4024
2070
1011
6491
7589
8919
2462
9872
1722
6600
3996
9162
6622
1690
7735
4327
6485
1959
6802
5418
9375
6374
3983
3239
6068
9981
1637
1754
1967
5388
3976
5791
7146
8562
6475
6790
6439
2763
3119
2862
4636
5057
4673
9505
2491
5248
3293
8898
8170
2781
2420
3813
9435
2920
2935
3546
1036
8158
5352
4152
8362
5805
4982
5798
2364
7855
5020
9378
5255
9109
7686
3081
4873
1262
4915
1259
4553
4472
5746
4211
2567
8892
7212
1488
1625
9227
8435
5623
6180
8859
3472
6754
3558
5835
4332
3572
7561
8659
4156
2007
3269
1566
8466
7527
9538
2167
5792
3066
1243
1809
3011
3596
1180
2579
2373
3972
1164
9616
7255
2115
9540
3203
1017
9397
2027
4391
6874
7218
4088
5941
6614
5261
8959
3775
2574
8360
1416
5507
8833
2921
5782
1066
5896
5473
6213
1474
9394
5383
7997
4430
6422
8893
8568
2969
3861
4038
4057
6364
4091
9119
3107
3449
6459
6919
7806
4287
9379
3518
4554
6182
4885
4501
2207
3664
5502
3008
3969
6650
4244
9926
4781
6093
2156
6058
6520
6192
9721
3829
5465
6378
3477
6508
6114
3867
2911
3058
2593
9051
8520
3468
7547
5847
