2048
6940
1771
4172
9396
5585
5623
3744
5958
5799
8699
4812
6751
5138
4910
1524
2325
1159
7414
2144
4768
9962
4056
2736
1217
1696
7949
4677
7401
3571
6816
5246
7588
3519
9586
8061
7831
9705
3817
7799
1110
1551
4746
4985
1242
8536
3439
7635
5237
3558
1918
2229
7758
4424
7984
3829
2684
1747
6745
8419
5692
3070
5884
5109
6793
1620
5958
7436
2163
6247
2235
4708
7447
7120
5485
6620
5744
2280
5581
1807
6771
1307
7039
9127
3254
1813
5277
9462
7795
3338
7284
6808
3504
1133
3072
8228
5622
7573
4657
9516
4413
1188
8084
7051
5093
4344
3984
6244
4452
8399
7195
8721
8900
7375
5009
7757
2552
7762
9495
8264
9038
1477
5544
2023
7552
6367
2545
4534
3655
9558
9127
1148
5073
8792
5899
1146
9295
2833
8668
5930
2159
2577
6931
5550
4210
3035
1559
7792
5251
8931
9659
4250
6697
5349
5239
9983
4557
3740
7670
5166
4244
1447
4101
6424
1397
6007
6621
7275
5276
8866
1517
7212
1646
1725
6786
1400
8733
6175
2343
1303
7968
4461
1271
9400
9804
5745
1198
9581
4595
5379
9255
4402
1764
2235
5273
1622
1972
3767
2649
1598
6918
6765
4604
4120
1992
4774
2105
7441
1721
3610
5233
6203
6787
4398
7773
3467
7727
6212
7731
9592
6176
2349
1518
5123
3671
1883
4478
7261
5273
5505
8542
9865
8060
4784
8053
3997
8146
1390
1856
4332
3163
4594
1121
8314
4628
4408
3006
9852
9693
9039
5734
9830
3056
6242
2659
3743
4693
7860
5577
6434
4478
1913
5173
6118
2830
3032
9945
2616
4774
1047
9033
5587
4161
9345
8456
8485
3405
4537
6057
3900
9191
4608
7817
1317
8671
6394
4313
3123
2952
1751
2443
5487
1066
9652
2909
4247
1428
5222
8501
1652
2814
1046
5668
5604
3775
1765
6745
5040
3063
6809
3292
2285
4310
6836
1454
8069
7296
5244
1804
2718
2955
6174
3503
5195
6025
8139
5359
3620
8486
3607
3523
3153
3117
3844
1938
6337
1399
6302
2260
2143
6621
4681
6567
5642
4639
3381
4157
8259
1482
2032
7922
1495
9201
2559
1593
2430
4625
2545
1796
6040
6217
2019
7322
1851
9568
7599
7211
9910
2202
3853
8465
2664
7530
1189
7433
1908
6941
2584
1273
3938
5012
2192
8113
6576
7494
8936
8314
2690
6072
5471
8703
5297
5330
8497
1043
3649
8330
5057
6732
5839
9020
8017
5085
8057
2315
5296
9174
5538
1285
8215
9223
1875
1219
3802
6815
1796
8407
3158
2804
4820
3735
4312
6400
2065
8351
5575
7204
2401
8790
1859
9980
2000
5764
3471
4647
7576
8615
9421
1627
5355
7042
9572
4700
9623
7341
1391
2611
7412
2537
8710
7781
4297
3170
5858
4568
2820
1282
1486
2667
2792
3107
4030
3624
7038
2395
4762
5868
7441
2728
3976
2838
3815
1437
8991
5309
6525
6538
4386
1013
5833
9069
1372
5174
7524
3235
8940
1412
9920
2229
6606
5571
8661
5779
2189
6814
6704
1510
1294
2160
6888
7357
5366
5099
9778
8114
1497
6165
8354
6491
7746
2220
7263
9951
6813
8107
1323
8362
5067
3699
3851
4150
2219
8943
9070
7091
3892
3976
2276
2789
9316
5646
3282
4848
4708
4912
3634
2575
1778
6080
4968
3317
1642
1521
8674
5251
7388
2461
4854
8945
3688
5874
2616
5806
8273
1463
3180
6240
8388
9001
2914
3125
5915
9627
3255
8440
8447
3281
4161
9379
1905
4403
9196
1041
7485
6953
5186
3745
4757
9723
4312
3488
1912
6216
5374
8893
9767
7344
1229
3978
1461
5099
6464
1155
5217
4261
3865
1937
2763
1855
7200
2986
4983
8141
8807
2484
5577
3573
4473
7259
1365
3780
8711
6684
1202
4650
9879
9391
7294
3276
1051
4433
3560
9123
6966
2881
4201
4378
2926
3957
3684
1369
3720
4971
3433
7509
1314
3193
3501
4255
9503
6852
8045
5638
5124
6691
9906
4257
5347
2215
5585
3226
8465
4852
3579
5152
5868
5676
6724
6053
1802
3125
5684
9559
9266
6157
6892
3347
3482
9480
4494
9117
4447
8869
7584
1792
6910
7692
5183
8117
7106
8707
3821
1818
4430
2692
4779
5902
9359
3814
5951
9731
4030
5980
6810
1861
8978
7885
2475
2943
1181
6947
2725
1042
2975
6130
7659
1793
8669
8380
6182
9820
7604
2211
3801
7261
8464
5120
1459
4662
8540
1664
2911
5154
7571
4509
5737
9262
5738
1551
2448
6248
6920
1231
2267
8426
3134
6132
8685
8442
3812
5814
5257
6416
2200
9734
7157
6484
1286
3791
5475
2575
6231
2926
1344
2236
6332
9352
9664
5969
9997
4977
3278
1063
7376
5234
1212
9551
5805
7398
2518
6911
5222
3537
6823
8281
7981
3452
3100
6651
4960
7493
3284
6995
7719
3923
6348
9742
5920
5014
1336
9284
5056
4944
4794
8213
6678
3473
4320
4698
9494
4784
8965
3772
7457
3631
4387
4471
7988
6613
2222
3436
4664
6255
4347
9231
2008
1282
6077
2296
6027
9487
1366
1380
7187
3904
6304
1241
4826
1578
6219
4355
8107
2248
1814
3938
9758
2989
9759
2128
7578
7509
6146
4233
7118
7044
3407
7439
7371
5348
4410
7838
3557
6134
1045
5511
2175
4990
8742
9839
3650
2029
1416
2868
9719
9343
9284
2604
8295
3011
6484
5713
2346
5731
5594
7372
1540
7717
2830
2086
5301
5840
5383
6323
5959
5038
6663
2696
5758
9347
7199
7412
2239
2424
2541
9122
7946
6539
1758
8182
4972
2432
6944
2136
6916
1143
2356
9499
1511
8906
1119
6641
3454
9191
4089
4175
5294
3253
6461
1958
2184
2598
6095
7283
3485
4205
3791
2402
5698
7474
8995
9147
3536
4306
6495
1272
1221
1663
7849
4917
3051
4170
2956
8720
6527
6389
8117
8916
3988
7113
9529
5400
1906
3036
8177
4142
4373
5645
9794
7814
4040
5193
5593
2624
9319
5954
9108
3006
2630
5801
6282
3115
6439
4522
3504
3452
1068
4514
3093
3289
8249
6044
7939
5113
6967
8356
8080
3026
3330
5919
9396
2342
6069
5429
1665
4653
3000
6134
2163
7283
7567
1405
4324
7765
1635
2887
1645
2422
2981
3818
9576
2901
2333
4393
4408
6197
1261
5123
4420
9153
8514
6989
6488
6504
4217
8680
6426
3581
5920
2050
7331
9903
1378
3664
8166
5764
5484
7381
5475
6476
1371
3462
7338
5248
2592
4018
7451
3066
4204
7210
7179
5190
8696
7969
2422
8478
8281
2173
7742
3995
6374
2716
7584
2384
9197
4108
5357
1406
6203
5378
6303
4631
1591
6943
4034
6378
1161
7315
1015
2704
1456
5457
2349
7668
1048
6496
5808
5449
3437
6843
4092
4766
3351
4828
7787
4954
9223
6985
5555
8065
3432
4317
2206
3412
2063
8940
3189
9089
6770
6172
8635
5172
4866
6392
1729
7897
1878
2475
3259
1147
3633
9187
9012
2943
6859
6408
7311
5824
7119
7565
5182
1196
2546
6961
5165
4566
4682
4922
6521
5739
5353
4195
3283
5583
3750
9037
4208
5256
7307
9401
3074
9501
9641
9154
6814
9181
3962
8443
8975
5149
5689
1742
4107
4100
2071
4926
7876
5351
3627
4669
2397
3898
9584
7057
3380
3421
1329
8244
5717
6706
5431
1670
2268
4301
2115
9167
1514
7680
7652
2957
7168
3680
1860
1928
5937
2462
6431
6503
1006
5059
6786
4563
7297
8713
3149
9591
6664
7764
7075
7424
9219
6339
5872
6182
1911
2841
6702
5902
1401
4578
4016
6353
9097
4894
4101
5746
4272
6831
9189
4271
2180
1851
5539
3408
3898
2695
8025
2051
1516
2621
5594
6777
8476
6361
8301
3996
5642
3836
6772
3450
6120
6005
8899
9428
6981
4373
2959
8533
7251
4358
9506
5795
5263
7958
1824
2286
4941
6000
2495
7123
5268
4261
2425
5667
3837
7802
5850
4503
4275
6666
7214
1910
9028
5928
3503
1131
7524
3084
6281
8466
2722
4623
5445
4954
5732
3561
5267
6589
3318
3290
7566
9395
2639
6738
6617
6533
4222
4920
1559
1567
9628
2282
5947
5778
9824
2535
1166
8195
3856
5999
2156
1428
7305
4122
8581
8203
6171
5798
2283
6280
1757
3906
4622
1126
6917
5370
4323
5242
5246
9571
7652
6736
9952
9067
9771
8207
7363
1099
4075
2534
6385
3300
3044
7163
6063
2031
1164
2654
8664
8886
1101
3846
6499
4319
3472
1521
1119
5133
2239
8268
4682
1400
4774
5160
6200
2451
8206
9350
6652
7974
6251
5859
3661
2549
6809
3117
9571
4476
3227
3071
8611
1359
1798
7226
3357
4008
1634
9457
5497
2392
3675
5557
7706
6314
9950
5038
3705
9987
2803
2510
2818
6467
2863
7631
4221
6520
4409
6205
6392
6234
7484
9412
3267
9406
6672
6129
8342
3547
8475
7601
3161
5853
9846
6883
2716
4292
9369
1069
9471
7975
1609
1623
8639
7551
2015
5544
3438
7982
3712
8731
1916
5409
2112
5602
1114
3174
3816
3431
6197
5225
5140
2975
7897
8337
5748
2927
6489
3018
5323
1987
4753
4917
9052
1216
1861
8073
1384
5558
8849
4239
2200
1597
2184
1280
1870
1920
4496
2119
3389
5358
8950
3157
3048
2976
6999
9685
1239
3304
1873
3386
5529
8211
3943
8669
1749
3658
2578
8110
1370
3176
1997
6235
7120
1303
9064
4207
7969
2916
8411
7423
6606
7821
1426
6545
8796
4525
6224
9881
7249
1126
6672
2120
4083
8442
6520
9725
5325
6000
1024
5861
1532
7194
1821
7727
5737
2896
6545
4727
1515
2193
4620
7629
7799
1175
1695
4488
6246
3365
6766
9237
8534
9715
4430
2771
6741
6433
5126
1445
4293
1924
9032
6881
5506
8137
3992
6248
9230
9422
2876
5711
3903
1284
1394
3432
5106
2574
7399
3979
8038
7630
8697
2582
1152
8414
5716
1569
4988
3589
5578
7841
3921
7652
2074
4766
2422
8646
4434
8600
3368
2767
2080
5629
2093
9390
7532
1461
6723
1656
3561
5947
4783
6385
2977
2441
5880
3232
4791
5864
6298
4778
5989
7456
3734
5383
1218
6020
7895
2392
6362
2222
3876
8161
3292
9071
8513
4512
4147
9210
2238
8698
5396
4166
9038
9125
6130
1713
9381
6411
8867
1843
1674
3322
3715
9034
5671
7846
2265
8086
2164
9358
7042
1825
5104
4917
7874
5200
9401
3834
1387
7059
6361
3398
1925
9140
6256
2785
8428
3043
4497
4970
2085
2635
8030
2947
4235
9604
1438
2470
4673
6279
6939
6647
6850
4353
9549
7022
5115
3510
2574
3879
5139
5840
7414
6218
9601
6104
3191
7855
3049
7954
5191
7122
3126
2482
8465
8270
5586
7088
2814
8497
3197
3245
6907
5485
1735
8475
4739
8295
2117
2410
5860
8738
7871
7058
1089
4771
8641
6538
2292
7184
4106
1022
7580
4392
2397
7625
5616
2024
1864
1981
5832
6224
6589
2762
2331
4862
8760
5927
5627
5772
8782
9012
9876
9913
1842
3403
7539
4310
8055
7416
2914
2744
3812
2271
2313
6441
7434
6421
9601
5991
5191
2135
1743
9865
3818
2406
4018
6518
5247
5990
4367
1779
8675
1608
3774
7861
1169
3780
2896
5417
2191
6249
3779
5509
8006
3074
4106
4383
1995
4405
5936
4953
4240
5665
2402
1283
1484
5345
3510
7222
6660
3716
6348
5372
1685
6149
6286
3461
2941
7732
3785
1307
1207
7556
9072
1415
5930
5234
5973
9140
1654
5204
4658
5749
6098
1304
5088
4797
9043
3576
2585
3387
7348
5642
5073
4774
3734
5884
6722
5098
5265
3825
3149
7229
7069
6212
9208
8402
4281
9426
3165
4664
4001
9662
6528
6966
3060
2597
5883
4837
5050
1122
2878
3747
5073
8961
2881
4334
9672
2779
7144
8695
3522
3387
6879
3311
6930
5450
5276
7858
4593
2690
5698
2381
6657
8375
6363
7970
6589
6023
4924
6162
1675
1490
6106
1261
8275
1752
6154
2031
3775
5356
5038
8078
4536
6109
7896
9453
2305
2634
9576
8293
4629
4157
4813
4618
5278
3046
4312
5764
3318
3355
1377
2924
2099
5197
9860
7559
7544
1960
1464
3664
9433
1738
3840
2480
6613
8107
2346
6042
4718
6344
7596
5633
6013
1547
7293
1145
5706
8122
4872
2605
9787
8035
5844
1173
7551
3697
2265
2979
9376
9061
1962
1590
8949
9949
5890
3356
8752
9898
6919
7416
4085
5583
4106
1654
8519
7711
8005
8430
9680
8248
3817
6564
5244
1177
6071
1517
2929
5201
2556
4628
8378
3354
1867
3814
5902
2010
1262
4238
2310
2174
4209
4333
1627
1484
1861
8529
2002
8356
2756
2573
1514
6892
6885
4572
1828
2079
1221
4542
