2048
1897
6506
4441
8782
5344
5881
3806
5745
8987
2319
2353
2496
1936
1502
5565
7126
5218
6689
6260
8488
2903
6594
4313
2344
1603
2161
2340
7172
1334
7848
6064
6238
8213
7554
3454
2313
5227
1655
8461
7624
6616
3693
5362
2749
9424
6979
7396
7467
5812
3119
4118
4551
3578
2020
7690
2864
1159
5895
6248
3292
6664
5743
6050
2386
7171
9387
7271
9393
7170
3471
8116
2226
8500
5089
5015
7994
4405
1582
4119
4628
6731
6747
4526
2641
3045
3798
8240
1229
2017
1798
4095
5209
4478
5144
6009
2131
9932
9119
2656
5975
9408
1184
3275
4967
4345
4429
2331
7402
3763
1493
1707
8287
3948
1892
2537
7850
6267
1218
7958
2781
7993
5552
2634
6176
1838
6643
1344
2366
6236
4389
8618
1838
3028
2788
4497
9531
5298
9101
9513
2516
3118
9553
5196
9437
3764
4814
2537
1212
9308
4819
2578
1170
2405
2612
2866
5075
7479
6029
5710
2436
7128
1924
2417
3069
1741
5020
3776
5922
3877
4378
7328
6671
2358
4288
4125
6856
7420
3103
4441
8899
3919
6789
9911
9867
3503
8081
3212
6176
7963
1107
3459
9426
6217
5336
4541
2083
3174
5584
1048
6085
9529
3258
1534
4806
2542
8165
9135
3145
1300
8548
1139
2226
1286
4172
5904
8443
8268
1860
8008
3410
9374
5897
2835
8050
4768
1277
2297
3655
3332
8334
5682
9261
6389
5084
7808
7936
5428
7306
5935
3677
6131
6966
7952
4932
4455
1701
6696
8505
2835
2511
7482
3836
8890
6578
5926
7681
3949
8626
9275
4496
8541
4770
4256
5084
2207
1661
8666
3935
6157
3253
4467
4205
5917
8137
2199
6693
2956
5574
8353
2318
3451
8377
2952
9812
4730
5142
3461
1653
4981
6918
3478
2541
3667
5791
6579
5176
9938
5669
8108
4442
7428
3022
6806
5278
7082
4831
9450
4106
5344
2873
3957
3034
3485
2903
4322
9572
1646
2779
5601
8281
2621
6244
3203
7052
7271
1620
4802
5719
5672
6251
2944
3946
2907
4353
8929
3237
8851
5371
7370
4142
5819
1058
1618
1674
7371
6126
1084
8452
1966
3940
6566
6306
3743
2802
9411
7329
5630
1253
6903
3523
3552
7729
6712
1585
9536
1339
8674
1110
9095
2109
9332
3448
4273
9704
6245
5827
3035
6878
9042
4361
8756
6945
4385
8116
4695
7162
3546
6043
6737
3729
7170
2271
8431
3868
8300
4996
2337
9847
8125
9981
5447
9424
6925
2561
5824
3069
9988
5144
2796
2743
1843
8515
8682
1707
2506
3789
9613
9419
6514
2298
8122
1191
4867
6578
4635
4286
1984
3603
7568
4206
1187
4311
5000
5128
2132
6452
4605
9953
8541
5395
6763
2015
4651
7701
3921
8245
4412
4462
4805
9203
8879
8960
5093
5277
9861
3206
1210
6563
4162
7726
1433
1145
6217
7062
1079
9879
5582
6636
7509
6864
3760
3864
1361
5382
1688
5890
8201
5498
9263
6924
6193
3500
2092
5369
7230
4016
5060
9860
8851
7479
8692
4111
8645
9479
3720
4222
2295
1460
6252
3028
4306
8048
4257
6959
3934
4382
2119
4159
4592
4951
1031
7582
3895
5927
7351
3289
3224
4152
3684
5742
2777
8055
4558
1398
9955
1436
6738
2886
9376
2118
3649
5569
4316
6511
5792
8281
3161
6808
6645
2987
7550
9246
5701
5357
1816
7121
6530
8967
5711
2849
1544
3762
6641
8167
6830
1216
7305
8764
8066
6641
7802
1039
6078
2684
2845
9213
3150
6243
6804
5471
5071
4232
2948
7320
6519
5204
1493
6024
6729
3119
2302
7959
7062
1960
4020
6121
2380
2508
5917
5896
3797
6443
5654
6879
5008
5540
6509
6274
5184
8868
3777
1870
9179
1054
1178
6343
5284
6484
6228
6536
8334
4593
9707
8728
4974
2317
2977
9822
8205
4992
1508
4980
7538
3800
9816
5997
6025
5383
8630
3537
9450
3911
3501
1337
4579
4028
9888
4667
8949
8353
2320
8033
2861
5446
2583
6325
9007
6013
8413
2175
3536
4521
3344
3763
8053
4580
6903
6708
6579
6446
7296
3909
8446
6144
9007
3879
6312
2087
3186
6222
9711
2983
7084
7114
6366
5129
8541
5939
8927
5669
6412
4739
3400
1014
1131
7853
2066
4463
4826
2179
4293
3882
3800
8409
7748
6581
4911
3331
4559
8681
6336
6968
4515
9292
9020
3548
7889
9964
9047
1614
4427
6192
7397
6230
6306
6281
9032
6548
8985
2903
1149
8656
7439
2036
5904
4281
4660
6051
1793
3524
6189
7417
3591
7643
6892
2672
6114
4095
3936
6263
3597
6327
2578
4980
9150
2051
6136
6821
6640
8437
4921
5642
7048
3823
6721
5793
3227
6456
5329
2524
3025
7902
1428
1417
3166
5664
9951
2260
7967
5499
4238
3317
5023
9078
2711
2315
6611
4143
8440
1853
8021
7355
3045
3369
7627
5021
2171
6602
5862
6864
5021
1708
1267
6449
7769
2515
3258
8250
6607
6254
3738
3937
4386
5746
3738
5875
5353
6052
2153
2605
4109
4508
8830
8422
3259
9517
1721
4553
1230
7066
9251
2971
4276
6130
9417
3368
4053
6152
9697
3308
1596
4814
5043
2600
2909
5730
7429
5121
3238
7367
2545
3795
3926
6157
2149
8924
5867
4928
7147
3848
8964
2636
6675
2033
9888
2837
1817
9559
6572
1313
8366
4871
3413
6172
2518
1978
4000
7817
3224
4040
2176
9396
8555
1588
3758
5800
7205
6393
2118
7254
8881
4860
4951
6426
3505
7351
1209
3720
7449
9564
6127
3104
2178
4289
8493
6459
8522
2449
3761
9838
2577
6003
7128
1755
9477
5656
8994
8047
5719
6450
2081
6764
8560
8506
2722
9190
6473
8316
9600
8195
6856
6454
8187
3264
6376
5803
5653
9086
4911
5997
7821
8953
3175
2310
5312
4912
6278
2451
2344
6107
5590
4203
5472
4735
1880
3073
3906
5154
4458
2062
5666
3405
3730
8788
2764
2174
9275
7330
2371
9157
9978
8181
2383
3975
1334
3826
5211
4557
5499
6218
5499
7228
5741
9277
4832
8355
8044
4847
8422
4366
6824
1576
5912
9077
8396
5003
5118
2337
5951
6400
8934
4766
4436
5947
1926
4754
1653
3895
4920
1365
1190
2112
1566
2603
4679
9756
2382
2899
9974
2827
9089
5134
1507
8957
2573
6547
5576
1290
3367
4953
3038
2444
5580
7518
6672
9712
9873
7497
6612
4802
4335
1217
6850
5319
3235
4423
7043
4274
2129
2617
2184
4510
1644
5973
3613
8783
5539
7857
9817
9347
3255
4046
8612
9964
9750
5750
5912
7531
4174
3147
8945
7397
7548
3159
6586
5576
8489
3934
5580
5009
5357
8387
5273
5719
1925
1322
3018
1135
6281
2618
6862
6678
7033
1502
5156
5832
4935
9752
2946
3978
5798
8498
7555
2156
5357
4113
6207
4587
9907
4793
4520
2191
3002
1976
4751
5777
7599
5145
6438
1602
3526
5475
1554
5186
5635
8884
2545
6523
2235
9632
4461
8763
5984
1639
8223
2209
1781
2659
3749
3517
9318
2070
8038
7462
7819
2898
7389
1865
7218
2957
6960
8922
4076
2218
8625
7358
7787
8465
9921
9782
3853
6605
3159
1031
5467
2830
6830
7752
5756
9182
2271
5530
7765
1437
5209
1441
9193
2522
9483
3443
9775
3603
6019
2096
6928
3672
7689
7988
1622
2787
3810
1368
3373
1111
3773
5941
5178
2988
2676
6891
7516
5836
9998
8751
5992
9742
3730
9244
6831
9139
2605
3881
6325
3243
2115
3839
6401
9012
6364
5696
5522
1596
6651
8316
5802
2137
5451
1280
9925
6233
8452
8442
5517
5609
7653
5882
3914
6624
2820
3700
7691
8140
9957
3861
6525
7895
6353
7791
8631
9603
4009
5556
6849
5983
3699
9340
2451
9947
3066
3454
3599
9395
6548
1005
7075
5817
3555
8655
6621
3755
7444
7998
1871
1271
8943
6899
1409
2802
9530
9686
7542
5177
2565
7052
8467
2982
3727
1445
8983
4645
1810
2320
1720
2944
6581
3520
5477
4377
9677
3237
4707
3691
4062
2554
3436
9662
9661
2896
4315
8696
4083
2310
5217
8599
6540
3778
8277
4525
9718
5504
6074
4403
4212
5372
6741
3476
6668
7694
7696
2337
7507
3428
1628
5558
4005
1446
2378
3301
2091
8912
3593
5096
7528
5583
8824
1268
3078
5049
5867
9690
2166
8111
2635
2743
9061
2166
3480
2307
5433
6726
5616
5044
2945
1229
3854
2373
1216
3687
4564
8985
8456
4284
6134
2563
4852
2468
5040
6422
4999
5860
6311
3822
8005
4933
4168
1531
2285
9210
5928
1696
9192
3875
9087
2221
4663
7662
8812
8280
3509
5333
6098
5195
8997
8949
7337
3498
4088
4106
7307
5050
2446
7125
4214
5422
7385
9816
6542
8968
9573
1227
9391
4223
3368
8358
4045
1756
1177
5944
2932
8082
9421
8390
7659
1533
9499
5838
1899
3605
8623
4019
5718
9162
2958
8049
5066
6570
6238
8535
2053
2756
5719
1994
2212
5416
5009
2212
4714
8648
2685
1103
3811
3966
1014
1317
9852
3683
8417
5953
4675
2279
3308
5518
5089
1806
6286
5021
1970
7650
3014
2812
2835
2112
5757
5132
5291
4444
2498
6702
1919
5267
7023
7162
3174
7456
8449
3426
5312
9839
5709
9755
2119
3701
8594
6896
7533
1089
4473
2072
4106
7968
3351
6289
6575
5081
4452
2760
6482
6497
3843
4544
6705
9338
1183
9096
4829
5281
3770
7527
9989
4655
1141
8709
4520
5117
8156
8470
4436
9771
4073
2751
7319
3582
9249
4002
2547
9197
1582
9855
1590
1714
2351
5862
2100
7564
9837
2246
6590
2742
5232
9329
4680
5911
2733
9237
8178
8097
9120
9316
6043
4172
4288
2698
4349
7746
4834
5885
3397
6064
1038
6196
3363
6536
4373
3225
9875
2396
9137
1005
7470
6236
1717
5703
4413
1354
1449
7751
9620
8129
9431
5687
7664
2686
6332
8482
4919
9015
7527
1368
5621
7061
7142
4114
5546
1298
7003
4908
8021
3697
7584
1361
9703
4551
6067
6762
6603
2864
6287
3836
1081
7943
8631
9387
8097
7583
5244
8778
4413
5226
1515
5223
8518
5256
6203
7540
1786
4756
8254
5431
1761
2762
5402
4982
1814
9276
5335
3308
3621
3278
4807
6712
1460
4753
9018
8502
1966
6768
1952
1484
3451
2149
1254
6422
3619
6123
2201
8275
7068
7476
8881
8911
3179
4437
6848
4089
4396
8610
4685
5826
3156
3291
8055
8644
2870
1219
2681
6294
7176
3456
7197
9374
9049
5287
8586
6175
9494
2990
7023
5237
5877
1173
7738
6259
3886
1309
5118
1686
5346
9632
5208
8451
3278
5082
6991
1751
3036
4163
5234
7116
7345
2925
1182
1426
5065
9300
8430
4806
9834
8672
7548
7775
5167
8738
7132
6728
9459
9827
8752
8842
8647
3090
4219
7697
5791
1511
4776
5485
5864
8859
2101
2024
6528
1485
1005
7954
1096
4608
3530
4178
7295
9331
8765
4470
5383
4271
5433
8213
2784
5030
2108
9336
7173
7265
3488
9514
5191
5516
1545
4093
7100
5341
9050
8416
2152
2220
3490
1435
5562
8600
3649
3083
6507
3315
5841
5501
9527
8298
2486
8084
3853
7708
3077
8153
9675
4668
6215
4101
6979
5603
8742
5300
9789
1769
7160
2978
6967
3052
1858
6959
4049
1243
1557
3103
5892
7604
5997
9089
2341
5306
1495
8325
8067
5088
6315
5237
2275
6308
7109
4379
2558
7937
2510
2315
5568
5266
3626
6828
8475
3393
6526
6000
5578
5192
3812
3689
6367
9219
2985
1536
9021
2645
6847
3527
8342
6519
3731
8397
8792
9822
8819
5046
2138
7465
5613
6319
6980
2863
7674
4692
2131
6987
2227
6828
5844
4335
8068
2795
4920
9322
3755
2042
8235
9333
3927
5247
2827
6815
5923
4645
9244
2521
4961
8889
2542
4895
7272
8459
7754
8232
7523
7233
5870
2011
4085
7018
3775
4197
8505
1312
6749
8091
5245
2125
1109
6719
4014
3451
3043
1159
3702
3705
1359
3097
3818
6485
3789
4458
2138
7852
7996
5141
1618
3775
1264
5916
4940
7388
5884
9716
1520
2162
5749
2851
8916
5595
9443
9654
6000
4565
4805
2103
1487
6378
9630
6054
8161
1964
7335
4273
8890
9089
5505
6307
1519
8546
4416
4518
3775
2952
1647
5136
4365
6416
9499
2724
3727
1277
4630
6465
4396
8010
7596
1511
7998
4171
4040
9567
7174
3954
7233
2406
1029
7874
8018
3861
8215
9204
4450
5994
3055
9811
9494
4719
1379
5775
4059
7444
6040
2987
9803
4291
1039
2396
2239
3703
7999
8047
2100
1450
3752
1368
9579
3019
6728
3201
7439
4013
4561
2320
4944
7410
7654
2589
1288
5682
7736
5767
3698
2137
