256
1849
3609
3076
4555
9919
5014
1687
2186
4168
7031
1385
4292
8753
6844
8363
7591
3403
8649
9684
9810
8392
6447
2276
7462
7939
3653
5310
6215
5285
5070
7439
1187
2552
3820
5256
5113
9823
1150
1326
6926
5948
1531
2461
6450
9233
4731
9556
8800
4793
5674
3066
3054
6080
3006
5121
6175
2958
2050
2607
9407
2659
9897
3724
6973
4083
2927
3822
7127
1108
4362
9555
9573
4567
5846
1574
6385
8176
2505
5773
2788
4659
1352
6630
6339
9257
8283
5093
6267
5465
3776
3025
8764
2967
1215
2126
8464
8657
3956
4971
3654
1810
8483
4513
4665
9979
8511
8924
4856
6011
1576
2978
6023
4248
5557
5324
9074
1729
6400
6865
5677
6105
7960
7930
4314
1435
1256
4458
3782
7085
4538
3082
4969
2915
4170
7847
8329
5949
8316
9018
8993
5978
2000
6686
3750
6469
7248
3100
7212
2456
6885
4922
9363
7219
3363
5679
7679
2014
1469
9739
3149
7721
2865
6429
5111
6096
4499
3788
3691
8567
8141
7712
7664
9364
5328
7256
7324
2729
6605
2737
2734
3077
2348
2260
1515
3361
6450
9528
2900
3848
7915
6064
4674
6521
9696
5182
1392
8953
4672
1929
2712
4597
8732
1340
1968
7625
4455
9530
2597
2221
8191
7327
4248
1736
2406
1058
5433
7803
5515
6831
3343
9037
1416
4153
6243
6685
6148
2830
4391
9415
3815
8469
4575
4442
1684
7456
4210
3030
1193
8920
2115
3975
6211
5178
5635
4006
1618
1661
3615
2343
6006
3386
7321
7315
5704
4708
1950
