256
5440
2117
6549
9194
3186
9437
2178
4758
1513
1728
1765
9063
4625
6540
5810
2338
2911
7825
3873
5141
4616
3625
1101
4160
7054
7569
5307
8419
3433
7289
4722
8410
5304
5775
7082
1426
5954
4028
8122
9118
4151
4281
3783
6733
5473
4854
2488
5889
2486
6707
8303
5803
6039
5332
9013
4111
3624
6729
9295
8250
4002
2805
4351
3621
4443
3234
5622
7219
4738
6643
7842
9045
2303
6329
1988
1858
6860
8018
2329
4090
1648
2269
4596
2424
9893
5116
5153
3979
2216
6528
4779
7681
1293
4104
2655
1653
6754
8858
6377
4938
9440
3808
5376
1428
6100
5234
1747
5568
6621
2255
1313
2764
5867
1918
6597
6349
2077
4787
5225
6179
5770
1435
8851
1934
9826
1518
3783
6896
5667
5628
7530
5191
3313
1639
7788
9167
5740
9693
4173
8043
4577
6783
3545
1832
5504
4453
1352
3206
2242
6914
7087
4983
9879
9825
1080
7550
1393
8681
7719
7017
2099
3096
8796
1938
7377
8725
9044
3058
1832
3998
3115
4874
5278
9661
1780
2183
5273
7847
7076
5993
4490
3459
5908
4876
4440
5784
6982
2568
8608
4116
2818
8728
3868
3007
3666
5827
6709
5243
4611
7511
8313
1009
7336
9420
5054
9546
1924
3835
5433
8768
9391
8026
6611
1628
5038
3100
3365
2568
9071
9815
9216
3489
4194
9724
5151
2469
6698
7706
6310
9654
5827
3492
2182
3020
4758
9387
4353
6785
5562
7702
6255
7797
7915
5677
4942
7236
2227
3929
1242
5264
3531
6720
2966
1345
3076
8522
