256
1882
5271
4726
6428
9367
6436
7904
3167
5453
9959
6250
6586
6250
6237
1568
8848
5715
4090
2078
4325
3012
3965
5597
9792
4508
1249
8384
3816
6406
7143
8011
7833
2348
2059
1279
4895
6498
8271
6318
2849
8105
3752
3212
5316
6070
5779
5537
5265
9223
2151
8615
9524
7065
1800
6326
2343
5407
4113
9704
4098
9206
4872
9517
3292
3768
1665
4655
9438
9860
4227
5649
7989
9437
9732
3892
2450
7618
9664
5690
8972
4565
2382
3109
3546
4096
5526
4217
1438
5698
3163
1159
3815
9842
8136
9895
1816
8157
1343
9079
3454
2941
9685
2531
7135
8332
5187
4881
5047
7540
2485
4421
9057
8586
3903
9745
2844
1913
4525
1526
6750
7730
7091
1126
3418
2901
3363
4018
2715
4256
5242
6930
9685
1116
6054
7247
3057
4101
5222
6746
4657
7936
4110
3875
3085
5272
1217
2599
7751
7273
4558
8572
7096
2373
1106
5553
5759
2973
7283
2696
1794
9365
5057
7426
7101
9596
1180
9002
9988
7414
6382
6252
3602
8189
1762
4007
6726
5357
1666
9202
1104
3718
6916
5630
8844
4831
8860
6005
2131
1208
5553
9732
7313
8450
6475
1500
2354
7926
7426
6305
8606
4860
2992
6886
9486
2829
2549
3555
3513
5101
5484
3279
6405
6974
4942
4204
7657
1040
3338
7484
1741
8679
4761
8367
1740
5538
3770
7991
5395
3530
8414
3889
9228
2511
6091
8797
1233
2273
3461
4945
7056
3623
6511
3165
4415
3641
6201
8164
6226
1093
6697
3541
3102
3689
5693
1712
6086
