256
6837
5507
3718
7492
8773
3277
5283
5354
5712
5373
3023
1838
9731
9590
2327
4197
1493
7035
6582
9623
1497
7441
2020
2955
6711
3851
1220
4031
7824
4970
2367
9400
1480
8884
4861
4972
1046
6124
1102
3037
5782
2649
5761
3524
4466
8129
3203
1307
1456
5331
7710
3595
9864
4969
1978
3911
5492
1832
5350
9425
4937
5393
1432
7574
2813
4447
1293
6276
9191
1620
7521
8796
5720
5427
9832
2378
5604
6694
3660
6633
2509
3427
2740
2634
9548
3808
1113
3021
5439
9408
4380
5968
6089
1827
9410
4242
4613
7579
3515
9558
3623
5517
4268
2591
2387
9132
2621
1237
8519
5170
6639
5314
2198
5216
8836
6477
1015
1213
2504
6506
5696
9271
7166
3789
4117
9851
3108
8177
7783
3723
9433
5300
5817
8471
2200
3628
3203
9227
4548
1115
4399
2541
8647
1532
2831
1732
5761
4216
2522
3033
3828
1233
6604
6459
3915
9756
9573
5181
9195
1469
5290
1955
3325
5771
3210
9807
9221
9632
1476
9422
6668
6197
5372
1290
1534
4339
4657
2821
6424
5379
9882
2886
3459
7928
1970
6504
4512
2330
6644
9772
6658
9946
4734
2612
1383
5003
1429
8812
8631
1714
6736
4509
6748
8147
6338
5322
6520
9332
9103
7572
2902
7930
5330
6500
7274
9484
7018
1187
1614
9658
6638
8118
5577
9560
2705
7129
1491
9764
7129
6012
6205
5666
9379
1615
1127
7618
4099
8748
7413
3013
5861
5685
7792
2968
6710
5903
6303
4389
7217
7916
8714
8847
8934
3946
6598
3483
