256
6566
4187
4824
6429
9346
6201
2909
5352
6771
8575
1933
3872
2746
3487
8378
3160
6993
8970
6223
3567
5340
9333
2157
9366
5637
3773
6431
6632
6793
8632
1909
9091
2768
4060
6037
5252
8497
2266
5395
8631
6553
2035
8964
2754
5681
4236
2912
3079
2101
3697
3952
5171
2294
2204
8897
1479
6079
8885
8981
2479
2453
5844
4288
1463
8312
2439
8343
8872
3362
1322
9334
9778
4642
2466
7792
7326
9712
2463
3064
4478
6968
6127
2012
7817
2441
3584
9704
4651
3261
6141
4411
6600
7527
7792
9612
7501
6440
5461
8523
2312
9866
2124
2511
2846
1902
8867
6559
5326
5381
4848
4040
1687
5319
2298
6126
9101
8923
2493
2121
8064
2894
7576
8750
4552
2082
2073
6553
2679
8120
8704
4398
3739
4478
6756
6151
6034
4481
3226
4197
5404
3186
4443
4882
6197
7994
2822
6852
9636
3309
5774
1145
1884
1936
8375
2144
3956
8950
3988
2878
1243
5155
8267
5838
5531
6922
3527
5520
9491
2235
8330
4462
8461
6248
3729
8978
4275
1250
4276
6065
7451
6632
4155
8901
7837
8583
2374
6123
1577
2935
2370
4862
7894
1659
1347
7516
8265
2696
7845
9109
4019
9959
8040
2779
3896
2481
4213
5478
6410
4477
3294
4863
3280
6295
5208
2356
5580
7074
3872
5763
4229
2683
9220
3726
3906
2880
6824
2630
1296
8172
6807
2508
2885
2156
4974
1724
5329
9135
5561
4977
7888
3078
1568
8567
4175
4853
4655
4748
1867
4520
3151
6198
6361
5658
2861
4854
2779
