256
1710
4379
6719
3503
5370
9428
3724
3380
1870
3444
8448
7965
3351
3382
5002
8072
3916
3510
2402
3438
4717
4055
4988
3020
2042
1850
3361
4958
8319
5693
6013
7745
3007
2029
9917
1700
2584
3749
7032
6123
9259
5651
6537
9168
6600
6710
7063
7136
5617
4847
3648
4936
4367
4967
6045
5737
9072
3863
4489
2782
9694
5804
1056
5521
6001
2994
4913
9366
9492
7480
1453
1834
3170
3558
5007
1367
5730
1909
6317
5248
3834
3604
7473
3185
7365
4021
4527
9676
6279
3124
9948
4233
8568
3411
6435
3040
8818
8843
3633
9462
1170
5441
3461
1677
2357
6586
5894
7731
4603
1787
6508
2223
3524
8231
6122
6315
5628
3128
1613
2465
7444
7291
4350
9358
7379
3166
3207
3567
3653
6578
9235
3848
1551
7987
7135
4848
5930
7686
1647
2124
7271
2031
5552
9215
5355
7383
4910
4446
5442
6179
7728
5967
6378
1454
2267
3052
2569
5850
5199
8191
5261
8485
8784
2088
6473
5022
4334
8863
5211
4278
8971
2762
9723
5543
9422
5304
4691
2700
3992
6834
8299
8215
2624
9896
3202
4800
5860
2152
6157
9370
1904
5136
4910
8384
1659
8208
5443
4817
3195
2476
2060
7533
8915
2025
6726
1117
5909
9812
6715
8166
3380
7722
3602
9453
6490
3199
7053
9191
3095
7116
9495
7680
4555
1891
1570
8825
3326
7801
9765
8190
1931
6128
6601
5337
2926
2050
3796
2512
2480
1542
4694
8451
7792
2376
6895
4453
9710
6395
4052
8412
5907
5766
3214
2425
6655
7851
