256
6726
9164
5897
7924
8003
1412
3632
8994
6312
9915
2002
8900
2482
8741
3859
6869
2400
6416
6636
4121
2300
3141
3043
9045
1412
7246
2437
5056
5478
1555
8263
3142
6939
8859
1727
7722
3513
5999
2113
2566
4487
4848
1994
3999
2333
1904
5480
4830
8381
8973
3049
4375
3037
4714
8153
7578
2655
8230
5508
6163
3771
6352
9742
1783
8499
2863
3492
9387
2115
4001
8812
8059
1797
1245
3243
6820
7983
7689
7202
9201
4813
9139
5215
3296
8452
5135
5758
4207
2703
2602
2263
3110
6682
2899
6804
2022
9129
5513
7036
1172
9277
2718
5093
6153
7465
7057
4952
4906
1595
2266
3017
3500
5438
4908
3752
1578
7671
1594
5089
6049
4240
6806
1085
5030
3463
8530
4639
3354
6394
8893
1559
6400
5867
6034
4160
4092
8052
9674
6226
4575
4339
2210
2340
3378
8130
9463
7566
8360
4536
4095
4312
9027
6560
2186
9810
4372
4790
9552
6977
5153
8291
5801
4000
3948
5571
2012
4757
7696
1402
1924
6955
4437
5512
4372
4890
9115
5468
5748
3079
1982
4855
6286
6691
6382
4047
5448
5614
8903
3066
9761
7789
5117
3237
8170
4734
6850
9950
3361
6597
2232
2641
3538
1636
4663
4792
4654
6948
7248
5658
4704
3823
5830
7223
6167
7588
6062
4609
1666
1559
1563
4976
4533
7353
7538
6296
4188
1084
7898
7840
6242
2982
5847
2088
4356
5824
4271
1507
2766
8605
2301
7069
5383
2886
5117
4871
4374
4464
5845
3161
4407
8004
2253
9262
8053
5763
4525
