256
4940
9599
9762
4084
1251
4371
5979
1907
1829
6564
6298
7813
9919
3483
9683
9828
9909
7496
3862
5707
6007
5323
3362
6137
3079
5817
5427
8615
2475
6401
1961
3056
2134
9330
3404
6048
4973
5353
1426
8373
8664
2785
9002
6228
2290
1928
6157
4174
4751
9358
5148
6073
8046
4698
4827
4756
7116
2684
5186
1758
9065
2648
4666
5254
4085
1461
7770
5732
5029
2721
9370
4586
3629
3362
9681
5795
7327
3585
2969
8787
1523
6979
2039
9756
9110
2289
4003
2647
7136
4017
3333
6909
6281
6754
5765
8358
1030
4964
6600
6092
6004
1022
8182
4620
2218
3583
9230
4423
7027
8184
7125
3088
1150
9421
4371
3037
8800
1390
3842
1179
1783
4646
7714
9242
3350
3324
8228
1024
9709
6528
2016
4401
2794
9224
8319
9135
4403
8050
3075
4537
5664
6883
2482
5901
6946
3312
2134
3758
1649
3818
3672
6416
2947
4849
1746
6357
8170
3948
5808
4225
2399
2529
5805
6900
2178
4471
7971
3142
3308
4398
9576
3001
4658
8660
4587
5250
3570
1787
6162
2147
6338
3852
8627
6403
8388
1739
7627
7988
9907
4973
2766
5211
9988
7725
2819
2440
9324
8212
1538
2922
2517
9318
2819
5296
4816
1771
8726
5176
6138
1509
4537
1111
4340
9187
3295
6369
4173
1446
9173
4550
6332
2386
3351
8840
6252
9553
4243
8995
9581
6950
8662
1465
4205
5241
2862
5550
7146
2683
9409
6509
4740
1233
3379
2326
6545
6278
2638
7723
3231
6044
9626
5712
4960
4879
1161
9334
