256
9066
8582
4068
3115
6485
4819
7334
2595
3393
1860
5263
7744
9894
4104
3096
8669
6314
8092
2238
3708
3077
2495
3364
9795
9316
1505
6405
4237
5639
8345
6137
7347
1384
6125
8214
9124
7703
8757
4331
7771
1859
8941
6171
5872
7824
9659
7457
7077
1247
1259
3006
5505
5880
3809
8601
4070
3969
7240
2380
7387
1611
2731
2192
5239
8739
8192
9820
3422
2267
8057
6745
1239
9876
5180
8292
1903
1938
2866
2403
2177
5397
6831
2304
2766
2546
6811
4979
3355
6832
2611
7059
2289
2100
1709
3570
8088
8677
6660
9244
1498
3719
4215
2103
4654
3846
9913
1820
7246
5118
2071
1705
5992
4656
7084
1062
1433
6202
4195
2185
1255
2568
7258
3831
1984
3803
5377
8483
2142
4482
2220
4783
1440
2955
1937
2549
1026
6576
2328
1652
4658
1693
6940
1882
7466
2719
3278
3217
4670
2242
8107
8572
8464
4125
8710
9854
4228
8216
1019
2850
6508
6000
9882
4340
8743
6383
4074
3135
4140
2387
4422
3250
3530
6797
7691
4214
5088
9717
5215
4274
5910
6351
9809
1071
4516
4414
3880
2153
3298
6014
4813
2245
2617
6819
5145
4694
5707
6478
2604
1233
9134
4574
3951
2973
7277
2892
1858
4197
6935
8070
2264
3482
9069
6925
5573
2554
6237
9269
9834
5132
2937
7995
3061
3950
6927
7328
5912
2266
9384
7504
4211
7480
3768
5717
1509
4459
3773
9792
4432
8047
9530
7592
7774
1749
2471
1715
5962
5448
2528
1477
7735
1724
5032
4063
4065
9121
9981
