256
7541
1110
9873
7303
5369
9496
1922
4109
5974
5864
4204
5794
6478
5353
6045
8273
3016
4602
4499
2937
1307
3687
1052
3554
9459
8566
1478
7639
2660
9888
1827
6265
6518
7220
8545
6980
6837
4558
2394
6255
6969
5892
5855
5375
3130
2865
8070
4238
8729
4353
2754
3967
3912
6908
4489
6656
2705
7256
7557
8026
9543
8625
3629
2781
2059
6668
3999
2568
4655
6406
5058
7676
7713
5008
8900
6192
5330
4114
3924
4506
6816
5566
4183
1386
1483
2424
2036
6174
8408
3015
6899
5425
5296
8529
3761
4861
3650
1129
9866
3904
5503
8374
4311
8997
3829
8677
2813
6255
5403
4635
1088
2581
1781
5647
2406
6798
5297
7207
3368
6529
9181
4265
6889
6601
4044
8809
6311
2832
7889
4143
8189
3027
6354
8875
2749
4921
5843
7037
5515
8187
4460
4288
6329
5188
5181
1896
7073
3992
6400
6706
9852
6290
2092
6044
1527
6483
3137
3351
2943
3378
2309
5806
6625
5644
7957
2381
7023
9763
5017
9898
5313
5086
3960
4984
7215
8885
5593
1366
6000
4445
4420
7901
5893
4421
6564
3911
9533
1966
5730
3457
5640
6013
1141
5926
5354
6690
7502
1097
8147
2485
2680
1736
2181
5747
3101
2202
9818
9289
5339
3384
1914
7685
4574
2059
9001
6000
1087
5702
5346
5890
5993
7234
7044
9351
2575
7893
1327
5588
3647
6202
6781
1426
3691
1527
6444
7703
3471
5758
1739
5598
6097
7203
7772
5035
4462
7502
3103
8392
1279
5460
6112
7100
6805
8150
5249
7871
