6566
4187
4824
6429
9346
6201
2909
5352
6771
8575
1933
3872
2746
3487
8378
3160
6993
8970
6223
3567
5340
9333
2157
9366
5637
3773
6431
6632
6793
8632
1909
9091
2768
4060
6037
5252
8497
2266
5395
8631
6553
2035
8964
2754
5681
4236
2912
3079
2101
3697
3952
5171
2294
2204
8897
1479
6079
8885
8981
2479
2453
5844
4288
1463
8312
2439
8343
8872
3362
1322
9334
9778
4642
2466
7792
7326
9712
2463
3064
4478
6968
6127
2012
7817
2441
3584
9704
4651
3261
6141
4411
6600
7527
7792
9612
7501
6440
5461
8523
2312
9866
2124
2511
2846
1902
8867
6559
5326
5381
4848
4040
1687
5319
2298
6126
9101
8923
2493
2121
8064
2894
7576
8750
4552
2082
2073
6553
2679
8120
8704
4398
3739
4478
6756
6151
6034
4481
3226
4197
5404
3186
4443
4882
6197
7994
2822
6852
9636
3309
5774
1145
1884
1936
8375
2144
3956
8950
3988
2878
1243
5155
8267
5838
5531
6922
3527
5520
9491
2235
8330
4462
8461
6248
3729
8978
4275
1250
4276
6065
7451
6632
4155
8901
7837
8583
2374
6123
1577
2935
2370
4862
7894
1659
1347
7516
8265
2696
7845
9109
4019
9959
8040
2779
3896
2481
4213
5478
6410
4477
3294
4863
3280
6295
5208
2356
5580
7074
3872
5763
4229
2683
9220
3726
3906
2880
6824
2630
1296
8172
6807
2508
2885
2156
4974
1724
5329
9135
5561
4977
7888
3078
1568
8567
4175
4853
4655
4748
1867
4520
3151
6198
6361
5658
2861
4854
2779
4940
9599
9762
4084
1251
4371
5979
1907
1829
6564
6298
7813
9919
3483
9683
9828
9909
7496
3862
5707
6007
5323
3362
6137
3079
5817
5427
8615
2475
6401
1961
3056
2134
9330
3404
6048
4973
5353
1426
8373
8664
2785
9002
6228
2290
1928
6157
4174
4751
9358
5148
6073
8046
4698
4827
4756
7116
2684
5186
1758
9065
2648
4666
5254
4085
1461
7770
5732
5029
2721
9370
4586
3629
3362
9681
5795
7327
3585
2969
8787
1523
6979
2039
9756
9110
2289
4003
2647
7136
4017
3333
6909
6281
6754
5765
8358
1030
4964
6600
6092
6004
1022
8182
4620
2218
3583
9230
4423
7027
8184
7125
3088
1150
9421
4371
3037
8800
1390
3842
1179
1783
4646
7714
9242
3350
3324
8228
1024
9709
6528
2016
4401
2794
9224
8319
9135
4403
8050
3075
4537
5664
6883
2482
5901
6946
3312
2134
3758
1649
3818
3672
6416
2947
4849
1746
6357
8170
3948
5808
4225
2399
2529
5805
6900
2178
4471
7971
3142
3308
4398
9576
3001
4658
8660
4587
5250
3570
1787
6162
2147
6338
3852
8627
6403
8388
1739
7627
7988
9907
4973
2766
5211
9988
7725
2819
2440
9324
8212
1538
2922
2517
9318
2819
5296
4816
1771
8726
5176
6138
1509
4537
1111
4340
9187
3295
6369
4173
1446
9173
4550
6332
2386
3351
8840
6252
9553
4243
8995
9581
6950
8662
1465
4205
5241
2862
5550
7146
2683
9409
6509
4740
1233
3379
2326
6545
6278
2638
7723
3231
6044
9626
5712
4960
4879
1161
9334
6837
5507
3718
7492
8773
3277
5283
5354
5712
5373
3023
1838
9731
9590
2327
4197
1493
7035
6582
9623
1497
7441
2020
2955
6711
3851
1220
4031
7824
4970
2367
9400
1480
8884
4861
4972
1046
6124
1102
3037
5782
2649
5761
3524
4466
8129
3203
1307
1456
5331
7710
3595
9864
4969
1978
3911
5492
1832
5350
9425
4937
5393
1432
7574
2813
4447
1293
6276
9191
1620
7521
8796
5720
5427
9832
2378
5604
6694
3660
6633
2509
3427
2740
2634
9548
3808
1113
3021
5439
9408
4380
5968
6089
1827
9410
4242
4613
7579
3515
9558
3623
5517
4268
2591
2387
9132
2621
1237
8519
5170
6639
5314
2198
5216
8836
6477
1015
1213
2504
6506
5696
9271
7166
3789
4117
9851
3108
8177
7783
3723
9433
5300
5817
8471
2200
3628
3203
9227
4548
1115
4399
2541
8647
1532
2831
1732
5761
4216
2522
3033
3828
1233
6604
6459
3915
9756
9573
5181
9195
1469
5290
1955
3325
5771
3210
9807
9221
9632
1476
9422
6668
6197
5372
1290
1534
4339
4657
2821
6424
5379
9882
2886
3459
7928
1970
6504
4512
2330
6644
9772
6658
9946
4734
2612
1383
5003
1429
8812
8631
1714
6736
4509
6748
8147
6338
5322
6520
9332
9103
7572
2902
7930
5330
6500
7274
9484
7018
1187
1614
9658
6638
8118
5577
9560
2705
7129
1491
9764
7129
6012
6205
5666
9379
1615
1127
7618
4099
8748
7413
3013
5861
5685
7792
2968
6710
5903
6303
4389
7217
7916
8714
8847
8934
3946
6598
3483
1710
4379
6719
3503
5370
9428
3724
3380
1870
3444
8448
7965
3351
3382
5002
8072
3916
3510
2402
3438
4717
4055
4988
3020
2042
1850
3361
4958
8319
5693
6013
7745
3007
2029
9917
1700
2584
3749
7032
6123
9259
5651
6537
9168
6600
6710
7063
7136
5617
4847
3648
4936
4367
4967
6045
5737
9072
3863
4489
2782
9694
5804
1056
5521
6001
2994
4913
9366
9492
7480
1453
1834
3170
3558
5007
1367
5730
1909
6317
5248
3834
3604
7473
3185
7365
4021
4527
9676
6279
3124
9948
4233
8568
3411
6435
3040
8818
8843
3633
9462
1170
5441
3461
1677
2357
6586
5894
7731
4603
1787
6508
2223
3524
8231
6122
6315
5628
3128
1613
2465
7444
7291
4350
9358
7379
3166
3207
3567
3653
6578
9235
3848
1551
7987
7135
4848
5930
7686
1647
2124
7271
2031
5552
9215
5355
7383
4910
4446
5442
6179
7728
5967
6378
1454
2267
3052
2569
5850
5199
8191
5261
8485
8784
2088
6473
5022
4334
8863
5211
4278
8971
2762
9723
5543
9422
5304
4691
2700
3992
6834
8299
8215
2624
9896
3202
4800
5860
2152
6157
9370
1904
5136
4910
8384
1659
8208
5443
4817
3195
2476
2060
7533
8915
2025
6726
1117
5909
9812
6715
8166
3380
7722
3602
9453
6490
3199
7053
9191
3095
7116
9495
7680
4555
1891
1570
8825
3326
7801
9765
8190
1931
6128
6601
5337
2926
2050
3796
2512
2480
1542
4694
8451
7792
2376
6895
4453
9710
6395
4052
8412
5907
5766
3214
2425
6655
7851
5440
2117
6549
9194
3186
9437
2178
4758
1513
1728
1765
9063
4625
6540
5810
2338
2911
7825
3873
5141
4616
3625
1101
4160
7054
7569
5307
8419
3433
7289
4722
8410
5304
5775
7082
1426
5954
4028
8122
9118
4151
4281
3783
6733
5473
4854
2488
5889
2486
6707
8303
5803
6039
5332
9013
4111
3624
6729
9295
8250
4002
2805
4351
3621
4443
3234
5622
7219
4738
6643
7842
9045
2303
6329
1988
1858
6860
8018
2329
4090
1648
2269
4596
2424
9893
5116
5153
3979
2216
6528
4779
7681
1293
4104
2655
1653
6754
8858
6377
4938
9440
3808
5376
1428
6100
5234
1747
5568
6621
2255
1313
2764
5867
1918
6597
6349
2077
4787
5225
6179
5770
1435
8851
1934
9826
1518
3783
6896
5667
5628
7530
5191
3313
1639
7788
9167
5740
9693
4173
8043
4577
6783
3545
1832
5504
4453
1352
3206
2242
6914
7087
4983
9879
9825
1080
7550
1393
8681
7719
7017
2099
3096
8796
1938
7377
8725
9044
3058
1832
3998
3115
4874
5278
9661
1780
2183
5273
7847
7076
5993
4490
3459
5908
4876
4440
5784
6982
2568
8608
4116
2818
8728
3868
3007
3666
5827
6709
5243
4611
7511
8313
1009
7336
9420
5054
9546
1924
3835
5433
8768
9391
8026
6611
1628
5038
3100
3365
2568
9071
9815
9216
3489
4194
9724
5151
2469
6698
7706
6310
9654
5827
3492
2182
3020
4758
9387
4353
6785
5562
7702
6255
7797
7915
5677
4942
7236
2227
3929
1242
5264
3531
6720
2966
1345
3076
8522
7541
1110
9873
7303
5369
9496
1922
4109
5974
5864
4204
5794
6478
5353
6045
8273
3016
4602
4499
2937
1307
3687
1052
3554
9459
8566
1478
7639
2660
9888
1827
6265
6518
7220
8545
6980
6837
4558
2394
6255
6969
5892
5855
5375
3130
2865
8070
4238
8729
4353
2754
3967
3912
6908
4489
6656
2705
7256
7557
8026
9543
8625
3629
2781
2059
6668
3999
2568
4655
6406
5058
7676
7713
5008
8900
6192
5330
4114
3924
4506
6816
5566
4183
1386
1483
2424
2036
6174
8408
3015
6899
5425
5296
8529
3761
4861
3650
1129
9866
3904
5503
8374
4311
8997
3829
8677
2813
6255
5403
4635
1088
2581
1781
5647
2406
6798
5297
7207
3368
6529
9181
4265
6889
6601
4044
8809
6311
2832
7889
4143
8189
3027
6354
8875
2749
4921
5843
7037
5515
8187
4460
4288
6329
5188
5181
1896
7073
3992
6400
6706
9852
6290
2092
6044
1527
6483
3137
3351
2943
3378
2309
5806
6625
5644
7957
2381
7023
9763
5017
9898
5313
5086
3960
4984
7215
8885
5593
1366
6000
4445
4420
7901
5893
4421
6564
3911
9533
1966
5730
3457
5640
6013
1141
5926
5354
6690
7502
1097
8147
2485
2680
1736
2181
5747
3101
2202
9818
9289
5339
3384
1914
7685
4574
2059
9001
6000
1087
5702
5346
5890
5993
7234
7044
9351
2575
7893
1327
5588
3647
6202
6781
1426
3691
1527
6444
7703
3471
5758
1739
5598
6097
7203
7772
5035
4462
7502
3103
8392
1279
5460
6112
7100
6805
8150
5249
7871
9066
8582
4068
3115
6485
4819
7334
2595
3393
1860
5263
7744
9894
4104
3096
8669
6314
8092
2238
3708
3077
2495
3364
9795
9316
1505
6405
4237
5639
8345
6137
7347
1384
6125
8214
9124
7703
8757
4331
7771
1859
8941
6171
5872
7824
9659
7457
7077
1247
1259
3006
5505
5880
3809
8601
4070
3969
7240
2380
7387
1611
2731
2192
5239
8739
8192
9820
3422
2267
8057
6745
1239
9876
5180
8292
1903
1938
2866
2403
2177
5397
6831
2304
2766
2546
6811
4979
3355
6832
2611
7059
2289
2100
1709
3570
8088
8677
6660
9244
1498
3719
4215
2103
4654
3846
9913
1820
7246
5118
2071
1705
5992
4656
7084
1062
1433
6202
4195
2185
1255
2568
7258
3831
1984
3803
5377
8483
2142
4482
2220
4783
1440
2955
1937
2549
1026
6576
2328
1652
4658
1693
6940
1882
7466
2719
3278
3217
4670
2242
8107
8572
8464
4125
8710
9854
4228
8216
1019
2850
6508
6000
9882
4340
8743
6383
4074
3135
4140
2387
4422
3250
3530
6797
7691
4214
5088
9717
5215
4274
5910
6351
9809
1071
4516
4414
3880
2153
3298
6014
4813
2245
2617
6819
5145
4694
5707
6478
2604
1233
9134
4574
3951
2973
7277
2892
1858
4197
6935
8070
2264
3482
9069
6925
5573
2554
6237
9269
9834
5132
2937
7995
3061
3950
6927
7328
5912
2266
9384
7504
4211
7480
3768
5717
1509
4459
3773
9792
4432
8047
9530
7592
7774
1749
2471
1715
5962
5448
2528
1477
7735
1724
5032
4063
4065
9121
9981
6726
9164
5897
7924
8003
1412
3632
8994
6312
9915
2002
8900
2482
8741
3859
6869
2400
6416
6636
4121
2300
3141
3043
9045
1412
7246
2437
5056
5478
1555
8263
3142
6939
8859
1727
7722
3513
5999
2113
2566
4487
4848
1994
3999
2333
1904
5480
4830
8381
8973
3049
4375
3037
4714
8153
7578
2655
8230
5508
6163
3771
6352
9742
1783
8499
2863
3492
9387
2115
4001
8812
8059
1797
1245
3243
6820
7983
7689
7202
9201
4813
9139
5215
3296
8452
5135
5758
4207
2703
2602
2263
3110
6682
2899
6804
2022
9129
5513
7036
1172
9277
2718
5093
6153
7465
7057
4952
4906
1595
2266
3017
3500
5438
4908
3752
1578
7671
1594
5089
6049
4240
6806
1085
5030
3463
8530
4639
3354
6394
8893
1559
6400
5867
6034
4160
4092
8052
9674
6226
4575
4339
2210
2340
3378
8130
9463
7566
8360
4536
4095
4312
9027
6560
2186
9810
4372
4790
9552
6977
5153
8291
5801
4000
3948
5571
2012
4757
7696
1402
1924
6955
4437
5512
4372
4890
9115
5468
5748
3079
1982
4855
6286
6691
6382
4047
5448
5614
8903
3066
9761
7789
5117
3237
8170
4734
6850
9950
3361
6597
2232
2641
3538
1636
4663
4792
4654
6948
7248
5658
4704
3823
5830
7223
6167
7588
6062
4609
1666
1559
1563
4976
4533
7353
7538
6296
4188
1084
7898
7840
6242
2982
5847
2088
4356
5824
4271
1507
2766
8605
2301
7069
5383
2886
5117
4871
4374
4464
5845
3161
4407
8004
2253
9262
8053
5763
4525
1882
5271
4726
6428
9367
6436
7904
3167
5453
9959
6250
6586
6250
6237
1568
8848
5715
4090
2078
4325
3012
3965
5597
9792
4508
1249
8384
3816
6406
7143
8011
7833
2348
2059
1279
4895
6498
8271
6318
2849
8105
3752
3212
5316
6070
5779
5537
5265
9223
2151
8615
9524
7065
1800
6326
2343
5407
4113
9704
4098
9206
4872
9517
3292
3768
1665
4655
9438
9860
4227
5649
7989
9437
9732
3892
2450
7618
9664
5690
8972
4565
2382
3109
3546
4096
5526
4217
1438
5698
3163
1159
3815
9842
8136
9895
1816
8157
1343
9079
3454
2941
9685
2531
7135
8332
5187
4881
5047
7540
2485
4421
9057
8586
3903
9745
2844
1913
4525
1526
6750
7730
7091
1126
3418
2901
3363
4018
2715
4256
5242
6930
9685
1116
6054
7247
3057
4101
5222
6746
4657
7936
4110
3875
3085
5272
1217
2599
7751
7273
4558
8572
7096
2373
1106
5553
5759
2973
7283
2696
1794
9365
5057
7426
7101
9596
1180
9002
9988
7414
6382
6252
3602
8189
1762
4007
6726
5357
1666
9202
1104
3718
6916
5630
8844
4831
8860
6005
2131
1208
5553
9732
7313
8450
6475
1500
2354
7926
7426
6305
8606
4860
2992
6886
9486
2829
2549
3555
3513
5101
5484
3279
6405
6974
4942
4204
7657
1040
3338
7484
1741
8679
4761
8367
1740
5538
3770
7991
5395
3530
8414
3889
9228
2511
6091
8797
1233
2273
3461
4945
7056
3623
6511
3165
4415
3641
6201
8164
6226
1093
6697
3541
3102
3689
5693
1712
6086
1849
3609
3076
4555
9919
5014
1687
2186
4168
7031
1385
4292
8753
6844
8363
7591
3403
8649
9684
9810
8392
6447
2276
7462
7939
3653
5310
6215
5285
5070
7439
1187
2552
3820
5256
5113
9823
1150
1326
6926
5948
1531
2461
6450
9233
4731
9556
8800
4793
5674
3066
3054
6080
3006
5121
6175
2958
2050
2607
9407
2659
9897
3724
6973
4083
2927
3822
7127
1108
4362
9555
9573
4567
5846
1574
6385
8176
2505
5773
2788
4659
1352
6630
6339
9257
8283
5093
6267
5465
3776
3025
8764
2967
1215
2126
8464
8657
3956
4971
3654
1810
8483
4513
4665
9979
8511
8924
4856
6011
1576
2978
6023
4248
5557
5324
9074
1729
6400
6865
5677
6105
7960
7930
4314
1435
1256
4458
3782
7085
4538
3082
4969
2915
4170
7847
8329
5949
8316
9018
8993
5978
2000
6686
3750
6469
7248
3100
7212
2456
6885
4922
9363
7219
3363
5679
7679
2014
1469
9739
3149
7721
2865
6429
5111
6096
4499
3788
3691
8567
8141
7712
7664
9364
5328
7256
7324
2729
6605
2737
2734
3077
2348
2260
1515
3361
6450
9528
2900
3848
7915
6064
4674
6521
9696
5182
1392
8953
4672
1929
2712
4597
8732
1340
1968
7625
4455
9530
2597
2221
8191
7327
4248
1736
2406
1058
5433
7803
5515
6831
3343
9037
1416
4153
6243
6685
6148
2830
4391
9415
3815
8469
4575
4442
1684
7456
4210
3030
1193
8920
2115
3975
6211
5178
5635
4006
1618
1661
3615
2343
6006
3386
7321
7315
5704
4708
1950
