1024
3921
4326
4340
1957
1968
7965
5110
3074
2583
2044
3292
3953
5198
8067
7508
2431
4475
3519
2773
1466
9358
6745
9745
9928
6007
5815
1790
9124
5247
1614
9692
9963
9891
4482
7340
8513
2382
3237
4803
1696
9363
5242
6431
3407
2741
1988
4307
6819
2043
1227
3883
4354
6080
1438
4148
1832
8314
6077
3888
4380
9848
6863
3928
4008
5108
6955
2077
9304
5777
4089
6978
4742
4622
6011
6773
8135
6523
9521
2316
1415
4668
2480
7845
5077
8986
8682
9278
2410
7672
5353
2384
1220
3796
1198
4314
1888
5059
6878
7394
7448
3510
4781
3529
3089
2040
5980
8908
3049
4387
6572
6052
8976
2830
8228
2991
1538
2421
2082
1497
7898
2258
4504
1140
4333
5883
3409
6247
5244
7046
1924
8477
9229
8197
2283
2723
8581
8573
1371
1130
5521
5484
2210
4376
2097
4230
1253
5698
4271
7733
9428
3575
2005
5866
4255
5311
7668
8691
3285
2071
8666
8191
6625
5399
1443
2938
9891
6400
4099
2868
8440
8211
2382
3523
3876
1038
3288
9060
4794
7633
4351
9550
7556
1180
5506
7511
1434
2805
4576
5114
2272
9943
9638
6146
2668
5107
8745
5052
8676
2631
4718
3483
4145
3163
5452
2379
5700
4651
5205
9544
2246
4743
9624
2054
5952
9708
3757
4619
2161
6095
9462
2915
5317
3532
4308
5783
8976
6270
4105
2578
2002
9876
4384
1868
9286
6287
6640
8324
5487
8797
4342
2366
4851
8116
7820
5288
2203
1175
1615
6331
9234
9046
8855
8463
1682
3830
4509
3362
2000
3877
2408
9723
5493
5318
6286
9749
3344
4502
3619
2093
4622
1756
2646
5507
8462
8264
1469
9850
5643
1797
2348
8560
4455
6668
4417
5004
7213
3399
3849
5921
1483
1202
9740
1387
5720
5265
2894
8860
4976
5932
6239
2639
6936
3461
5308
6250
5232
6382
4679
9499
7279
4139
8594
5220
7297
9724
5105
4110
3916
6431
2149
1481
5717
5324
1922
5621
2856
4566
3481
1075
5909
5010
1098
3622
5835
8630
6796
3252
7294
1311
6975
3753
4028
1069
3782
4414
7472
6450
5580
5555
4960
6767
9098
1123
5059
2123
5145
9652
7588
8376
1829
8933
6456
6621
6669
2244
3685
6241
1580
6602
3333
7609
6416
3067
9863
6379
5526
1658
7887
7371
4724
5438
9370
3678
7045
4514
5692
1596
3228
6111
5881
5037
6621
6418
4531
3026
3187
2209
7296
6100
3635
6636
3538
9097
8005
4799
1100
2036
7784
3354
3382
2369
4878
6533
4006
1896
3890
7852
5854
4819
6667
6118
3556
7027
6130
3904
9547
2667
3415
6718
3995
1033
5169
4402
5812
8727
7783
2647
5274
5801
4832
8474
8580
9765
2173
1667
3492
2797
2842
2878
2430
8871
3397
2281
8327
3793
5110
4637
2745
6188
9837
4583
5087
6966
2259
2632
6388
4178
5000
6609
3341
9784
9952
3822
7982
5538
5013
7433
6644
2240
8802
2735
8973
3493
4772
3748
6107
5142
7739
3583
3281
9882
2035
6867
3877
4926
2610
3994
8736
7492
1249
7536
1662
2823
3606
1808
4644
2464
7788
1994
8584
8723
2761
2110
3812
8479
8433
9161
1664
5343
4871
7636
9535
4613
6283
2555
4193
8545
2732
9531
7791
7577
8355
5375
4111
2242
6705
8430
3426
9717
3314
9291
3217
7292
7534
8235
1373
6175
8880
6649
1968
9880
5423
4003
2639
5156
2112
3753
8439
4991
2274
1874
4889
2800
4139
7968
7410
6462
9010
3838
4658
6271
3843
3091
2654
7777
4879
8666
3948
1723
6349
1407
3243
4211
2286
2627
5719
9162
9040
2755
7522
2888
5925
7545
5378
1533
7785
5280
9629
5372
3380
5432
9083
6736
8470
3992
1007
5563
4423
4633
6214
6038
7198
9941
7923
8067
6543
8203
4922
9835
7608
4611
1516
2053
3732
2273
1053
6731
8896
9609
9752
4010
5655
2835
7351
8815
5050
6272
8134
1697
2958
4514
6426
3660
3724
4373
3170
2738
4952
3860
6124
8519
5489
6795
8205
9890
8307
1751
9234
4168
4960
1876
4730
6264
6238
6761
5346
4652
3547
1483
2796
4915
9073
2492
2911
4959
5596
4266
2135
9225
4011
4292
9748
1667
2672
6652
1862
9470
3445
9216
9777
3797
7247
3541
2026
8530
6195
6495
6089
8229
9746
7814
5994
3095
3463
3362
2523
1183
5369
1952
1609
5551
6420
1951
9195
2319
4604
9684
4701
9565
3657
3962
4913
5132
6361
5019
1869
8533
9083
5181
4202
1313
8726
8793
3125
6568
6193
4756
8371
4386
9685
2576
7376
8917
4494
7413
6265
4615
7628
3132
9185
5445
5602
1087
9397
8268
5364
8122
5331
2938
7716
5902
8969
5864
3677
4875
4613
2945
4938
5978
6362
7628
4993
4137
7975
3705
3150
5314
3924
6919
5482
9126
7707
2837
7170
1187
1913
4448
1793
8676
7010
5588
2694
4934
1881
2646
2240
7905
5562
3900
8157
7947
4152
3939
2673
2943
5820
9187
8489
7460
9891
9584
6324
3452
4911
1454
2545
3436
9373
4396
7278
4591
7903
2126
4216
4867
1424
8019
7429
5054
1385
6122
7214
9375
4612
4895
5199
2450
6889
1051
2773
1024
5554
3968
4389
1098
4885
6617
4816
2528
2215
6584
2919
4689
1929
1725
5141
1535
4832
9772
3478
5641
6683
6334
9894
7379
1614
7719
1275
9292
3758
4638
8459
9432
1561
1606
1703
1274
3483
5872
1619
2066
6984
3358
1892
3423
9515
8687
2558
2227
3260
3420
7677
7062
4106
3079
5002
4924
2086
4706
7145
1230
5970
3322
4008
7117
2436
9586
7034
9770
2151
8993
8063
6565
3773
1602
6643
2973
2144
1134
7218
9221
1795
8569
3355
9788
8288
3086
9998
9706
5280
6612
4420
3759
9245
8043
9871
7304
3279
3110
2180
9406
4996
4750
1730
6727
3896
8913
6236
3748
4284
5874
1386
9352
3690
6885
3476
4257
3386
3810
4803
3000
6534
3512
1088
7893
4536
1268
6239
2065
6519
4946
8793
4734
9600
4338
6741
9464
3806
3308
3749
8829
3368
9534
1909
3539
5051
2847
2510
4525
9471
2963
1819
7581
2923
7478
6790
3821
7310
5660
6633
2150
9425
3929
2519
5612
2217
2401
2956
9350
8009
6494
1980
2904
1597
9942
7043
1684
8475
6273
8180
6178
3660
1037
9895
