1024
3010
9177
3878
2914
6442
7495
1898
8331
7382
5808
7223
5977
1203
9223
3437
3090
2407
6148
3706
7549
2217
1802
9981
6765
7835
5743
5967
4701
3669
2210
2717
1654
9148
4893
4649
2450
2721
6517
6918
6010
1807
5169
2793
6721
4622
9536
4901
2446
6383
5267
3801
6224
3477
3192
3126
3635
9306
5073
5524
3877
4424
4064
5478
3705
1117
8530
2738
4313
5217
3150
9707
7456
6945
3570
4561
9629
4394
2810
5870
9638
1917
3031
3128
5736
3465
4814
6290
8106
6601
4652
6622
3750
9734
1780
3341
9591
1869
5544
6693
4174
9381
6135
9732
4567
6611
9027
2249
5039
5996
1859
2718
8451
9657
9853
4591
7935
4749
2200
5619
9769
1408
2984
2973
5976
4454
7553
2031
6027
6397
6554
1198
4776
5063
1675
4850
5156
3885
4139
2504
4088
3491
1915
5716
4880
5172
7462
5633
3808
5113
7366
4196
1480
1457
5805
1140
7071
5935
4236
3770
5131
5232
1073
1920
7744
3763
5344
8134
7386
5539
5941
8387
1201
9348
5730
2559
6239
5537
2285
4116
9489
2643
4811
4558
4390
6501
6120
1414
7162
3444
1686
9560
5308
1686
8634
1556
2611
2290
7915
6524
4743
5970
1021
1114
8105
5698
4473
3218
2309
1161
5941
8671
4525
6482
1003
2109
2911
9634
5251
3171
3828
6716
7616
4644
4132
5672
5293
7655
5593
4221
4689
9525
7442
8689
8548
8372
9517
4574
8030
6545
4118
4377
5614
2698
3400
5030
7900
4596
7004
3006
3740
5043
1051
2658
8922
4786
7685
6552
3935
8697
5264
7106
3833
7526
3719
4746
4441
4268
4848
3491
4411
2247
7942
5105
5522
4849
9580
9566
1289
3502
1605
4124
2130
8241
3297
5894
3597
5112
2543
4906
5601
8733
6543
1319
2421
2692
5848
4268
9709
2839
3782
5924
3424
5064
4688
3127
5692
2423
4580
9042
8792
4325
6364
5408
6561
6744
1829
1560
4215
6142
2881
9704
2165
4427
6921
9201
4092
6183
8762
6890
4066
3392
9575
5881
2684
2649
3439
7639
3545
6192
8348
7978
7659
6256
5413
1073
7939
3043
2587
1554
7620
9822
8345
8461
3124
3550
1816
7529
5455
6906
5630
6112
5347
3969
1929
6594
6225
6479
8028
4414
5063
7535
3631
1156
6535
4192
4176
8721
3530
6540
4189
2683
6443
5007
5145
7646
2619
4094
4145
5780
1978
4096
1331
8303
2466
7193
4408
5875
5204
4077
8919
9682
2306
2489
6389
6215
3506
2349
4403
1011
4736
4202
4229
5989
1917
4890
3661
9948
8775
1607
3194
8379
8431
1305
4528
1938
9783
2988
4245
5632
4554
3045
9690
6194
3278
5997
6212
6746
1837
6000
3994
7756
4395
4555
2864
7662
2169
4241
2940
8131
7698
5718
3830
2829
9129
8993
4108
1388
7806
3666
1932
2726
1495
5857
5149
7806
9904
9922
4058
3049
8633
2536
5511
3814
6299
9633
8149
9629
1464
4043
4717
4119
9007
8260
3554
9018
3220
1286
2105
5246
8301
6232
5954
8851
2834
3613
7740
4511
8080
6654
6088
3130
4142
9117
4613
1435
9037
1643
9463
2557
6378
8939
2736
1948
1039
2206
8335
2093
8105
4523
7354
7725
3105
9072
9689
3674
4848
7075
5733
9882
4416
6999
2232
7934
5896
7395
2621
8863
2850
5967
7592
7137
5169
4701
9467
5429
5692
5537
3082
7393
1580
1605
9628
7080
9485
9581
7248
4076
6432
7533
3836
7970
9976
4218
5082
4249
1094
3739
7535
2604
5598
3010
3268
8803
4103
1048
7260
5668
9274
1062
9376
2422
8464
9424
5945
8297
6315
9019
9060
5701
2901
8731
6209
8217
4651
7893
6580
2577
4771
2356
3529
8471
4831
1709
1461
7591
2284
9508
3830
7428
5145
6799
5509
1261
5121
5338
1454
7619
5502
3903
4390
5986
6625
6785
8759
8942
5102
6399
4877
5541
2563
3829
5977
5951
8348
2080
8444
8494
8062
6995
7339
6352
8197
9085
1656
3479
2114
3264
5499
3803
3283
5173
1608
4075
5039
1884
4247
2582
7737
1408
1916
5340
8618
3913
3794
4561
5267
7278
8303
3540
6831
1232
1225
3442
6053
1188
2043
7342
3255
1002
7580
8645
7247
6271
4932
6520
9045
8138
6415
6253
4852
2712
2367
4992
5261
2074
5584
2191
3629
3762
2874
2161
1448
7924
1297
4563
3517
3191
7547
9559
6897
3429
2891
8727
3398
3384
9133
1208
9630
5063
3420
6354
5936
4070
1653
5210
4329
6978
3810
7396
5315
1611
3061
7093
2972
5432
5542
3896
2405
7314
2079
6870
8258
9167
4706
1876
5578
1670
5575
4854
6031
5702
7733
5365
2242
7184
6620
5154
2317
2161
2946
7712
3631
2063
8517
3803
8578
1899
2406
1617
3881
8513
1424
9177
1225
6141
7050
7419
3723
2155
1523
9020
4185
5563
2990
5369
1639
6741
2173
4747
9607
4904
9530
2935
3419
7521
1335
6254
8381
4637
3336
6696
8528
6869
6395
8109
1751
3337
1705
3935
6480
4850
7049
3098
8661
5100
7095
9948
3804
6942
3755
9814
6688
4141
1095
8651
9241
9783
1542
2589
5966
1191
9385
6420
8505
1756
7712
6015
8440
8545
5257
9188
5641
3030
2417
8779
9166
7108
4994
1119
4364
7386
7524
3167
5024
3963
8025
1309
1430
8201
4776
6737
2767
5707
4235
6116
6561
5425
4176
2008
2997
8738
6349
2316
4916
9069
9076
3421
8646
7572
3216
4872
9277
8330
1409
7739
8196
5866
8296
9308
8571
1545
2722
7409
2054
3842
3540
1823
1757
2776
4420
3669
4062
7934
4033
5114
2692
1228
8234
7234
6746
1422
8130
4888
2981
4109
6755
6509
4543
3545
5647
6144
4342
9875
3692
5188
3194
3386
1263
7989
4254
1264
5024
1496
3565
6612
1608
9533
6096
1313
9954
3793
5834
1090
8883
9921
6009
4388
2865
9093
1624
8769
4728
5689
3671
8728
9816
4024
4644
4586
4162
5357
5526
8251
1287
3493
4062
7330
5692
1774
8329
3134
6555
2842
7060
2374
4615
3913
9506
3572
5839
1479
2274
8239
6233
3587
9977
9968
5872
3449
5605
8624
5582
6268
1175
6741
9440
2318
1435
3013
3514
9885
3158
3782
4068
2742
6669
5987
6435
9154
9379
6052
6472
2727
2569
1089
9156
8334
7207
8574
7506
7516
3558
7511
6575
