1024
4338
6705
5286
3156
1313
7621
2157
5301
4709
4529
5125
7160
1668
8303
3328
1851
4485
4167
7223
1514
4358
9971
3028
1098
2494
2656
1402
2362
2327
6043
6056
8019
8135
9118
1594
2150
3454
7028
4130
2573
4119
9911
1744
3201
5650
4592
1961
9909
4896
1674
5265
1599
4045
2031
2316
3060
2053
4468
6152
2523
7047
5400
2999
8269
4531
9897
3525
3726
1598
2999
6611
2848
1974
3616
3583
2593
6321
4381
2816
4665
8002
6055
2983
5747
8526
9844
7578
1139
2513
6789
7321
5190
1938
9306
3906
5612
8797
8288
6997
2270
2104
5197
7976
3565
9395
5418
9423
8370
9251
2499
7948
9576
3923
1851
4300
3734
8337
4988
7525
1594
9367
8988
3871
7109
1948
6403
3895
4279
5702
1489
8969
8545
9262
5574
9899
8985
3113
2726
2415
6156
4566
5081
4642
2153
5280
5397
6591
1893
7901
5998
8337
4513
9498
3602
3757
7915
1870
1343
4945
1626
3769
4086
5385
1077
4404
1190
2264
5939
2786
1037
6952
4406
1081
9023
1279
6891
7588
4215
4634
2131
4326
8610
5007
4134
5725
8116
2007
3712
2672
5162
6363
9732
4280
5864
8197
2955
1389
4283
1946
3822
3046
6097
6305
3216
1007
2550
1794
7679
5502
1780
8849
2287
5117
2959
9011
1739
4807
1163
8763
1405
4201
2808
7247
1985
5428
8132
1322
6279
7357
8384
7719
4322
6878
2150
4090
8031
4150
2185
1173
4619
5275
8112
8237
7085
7973
5295
3385
7569
6442
3270
6273
3257
2151
8496
2426
8634
1696
6085
9640
1575
8093
8251
6246
5232
3956
1913
1619
1132
7005
2347
6924
2278
7756
9210
7781
6711
6576
2706
4273
3081
5142
2398
3309
5503
3484
1986
1344
3669
3488
2178
1047
4517
6296
2363
9333
2585
6890
9617
8260
7632
2830
8510
5825
4245
5038
6871
8109
2881
4713
8692
1085
1476
1592
4170
2019
9674
3617
8571
2286
3187
8846
5582
1734
9668
8394
3102
3673
7781
9714
5385
5685
4891
7877
3295
2892
6562
1178
8480
2942
3495
4843
8062
9345
9976
9110
3871
3597
7206
8924
8358
8489
6278
1432
5154
1952
1009
3536
3853
5754
8686
8794
7755
3923
1811
7901
4121
3226
9954
6185
5341
1508
1611
7578
1411
5338
3323
5495
1935
6097
3207
4366
8451
7086
5275
7213
1622
9354
9357
3612
7647
7439
3309
2561
7315
6480
5437
1094
4947
7312
5099
6488
4910
8643
6596
9464
3431
1889
4304
5607
8616
6190
5497
1753
1966
2166
1505
6209
5657
7397
8287
1430
1978
3814
9171
1315
1985
2237
1146
6579
9036
9965
9284
3726
4510
5605
6264
9508
6380
7829
5634
7844
9215
1694
5398
2716
3491
3652
1605
1088
7959
2479
2767
6154
2206
3238
6901
5090
8748
6134
4512
1730
3870
4707
5041
4732
1372
2929
4298
4382
9205
3006
1440
8367
3320
4728
7129
3322
6392
6137
6438
6638
1765
6674
9089
5848
6658
6044
2779
4378
3448
8370
9991
4270
7555
9447
1089
5989
4723
5641
5189
5627
9491
1774
3870
6460
2358
9415
1305
2860
2290
6625
9482
5745
5637
6946
7164
2084
6872
9030
1430
1803
6391
4946
3023
1640
2638
4890
2223
7650
2541
6743
2644
3723
3584
9425
7841
3016
7713
7670
8025
8418
8935
9149
8831
9324
8094
2912
1968
3203
6928
2953
8075
4714
9930
1078
6478
8382
2512
7710
8701
9644
3308
3563
3206
3449
9019
2943
6868
6306
9395
8662
7884
6949
6766
4296
2499
4325
1083
5113
5649
4606
4790
4539
9574
5318
5549
1289
1622
4924
5343
3877
2240
7682
6412
1854
3237
5438
2715
3647
2898
3518
5730
3721
1609
2438
9906
1080
9294
7797
8016
6770
6148
5326
6306
5494
5948
1384
9362
5428
5558
4123
2924
5316
8905
6628
5127
3896
2152
2119
8951
5655
9297
8998
4141
1781
9564
4493
2581
1390
7848
5081
2635
6993
6774
3110
6412
6832
8667
3459
8592
4474
6813
3747
1347
6852
3094
2831
1411
1523
4566
9177
9444
9751
8073
5051
1126
6024
9896
7743
7317
8119
1096
6429
9438
5287
8282
1689
9376
1861
1589
3015
1597
8077
3165
3662
6683
4747
2527
4642
2311
9042
4251
4475
1124
7895
5858
2689
2673
4070
8998
4183
7155
2617
2143
4838
5280
4838
8821
4161
7409
1164
9818
6717
1284
6027
2953
3916
1113
3572
7660
8181
2665
6578
7299
9233
7444
5263
9037
9200
8808
2641
2875
4373
1830
9579
3487
8578
2536
8634
8083
6239
3384
2588
7102
1576
4795
8154
7684
1820
6362
2961
2912
8552
7808
3749
6510
8388
1769
5271
5300
3167
3323
8988
4266
3417
6904
1899
1562
3565
4096
3044
5294
9911
7133
3317
5169
6751
3205
9561
8102
1159
7079
9828
6616
9291
4768
3489
5811
9038
1630
3724
6644
8849
8966
4349
9977
9484
5300
6339
1846
5418
1537
6714
2704
5825
1118
5777
6779
1469
5598
4759
6142
1516
3903
1765
8144
9566
4600
3557
5451
3519
7447
6442
7795
4464
6512
7844
1730
2252
4215
8066
8324
2342
5554
3246
4251
9149
1604
6144
1688
6419
2078
8396
6660
1161
5782
5238
3639
3331
1357
9416
5278
4317
1411
8026
1205
8387
4757
9036
6065
4186
1906
3387
4324
6075
6078
7990
5397
4731
4159
4116
9935
3827
1947
7777
5855
2952
1454
7875
6313
9532
3264
4953
9355
8456
1171
1101
9499
3081
2334
1569
1341
2209
4728
7480
5408
4259
8889
5560
3964
3321
3383
1423
3051
8493
9971
2085
2663
4144
6545
5769
7663
2275
3441
4320
6516
2681
8234
8295
4601
3239
4140
5851
8349
3992
8547
4507
5279
7804
6924
2868
1247
5208
2991
2784
4589
8250
4142
3263
5179
5447
2767
8266
3127
7193
3915
1854
4284
5870
1195
3147
8227
5997
1529
7996
2214
2348
2586
6747
1581
5138
4085
6672
3928
8708
6503
3776
7082
7223
3933
1812
2741
2112
8454
4430
4316
3471
3523
2721
4053
6229
3252
2619
5299
8522
1870
5795
2186
8282
3443
6663
3250
5434
2878
5593
6423
8254
6312
6460
5045
8010
5916
9751
9957
7982
7314
3582
2513
9245
3406
3592
3041
2066
4818
3971
2523
6400
3518
6898
8848
1051
1025
1881
8031
