1024
5895
4657
4328
2544
6094
8861
5008
5373
6217
5075
7638
4326
6259
2884
4310
9643
6768
9864
8349
6299
1214
1697
2765
7253
8374
1009
6489
6603
8798
4149
1493
7496
2228
3590
3459
6853
1548
4696
8995
2895
7468
1240
6617
1797
7665
7480
4834
4322
9182
7173
9068
9805
8173
8248
6124
3541
9194
1459
8210
4374
8379
8919
5674
8296
4309
8278
4574
3032
2212
8647
9892
3272
5536
1232
4592
6623
5545
1537
1747
5265
9348
8391
8945
3667
6751
5953
4942
2714
3681
2609
5586
1669
2185
9651
3443
4702
6069
2693
8156
5954
1116
3213
1431
9726
7125
5360
8922
6135
7870
6595
4441
7420
7090
7713
9924
9389
9939
9731
9970
1786
5884
1041
7961
6709
7910
5560
8685
2201
1859
9320
1699
7816
4053
5749
4060
6508
4110
1262
9607
8478
4964
9274
2799
4604
9591
5890
5764
2942
9591
4182
3833
3868
5806
5220
3290
6703
3628
3045
9532
7122
3432
2084
4291
8577
6204
4171
1574
3092
4432
1877
9163
5783
8617
4991
1061
3577
8399
4751
7586
7333
4969
6820
4803
7880
2876
9042
9593
1027
5797
6747
9775
7260
6468
9336
5016
4326
8500
4372
1743
7470
2628
6350
3450
9340
2978
5605
2976
3464
5440
9332
4334
7810
6629
5200
5726
6724
9690
8733
5932
8365
9323
4401
4817
8077
3629
4143
8317
6327
9161
2373
2949
9079
3343
9771
5899
3218
3208
5383
9499
9224
3357
7058
2798
3505
1964
5488
8488
8693
7512
1965
8140
8177
8047
4003
6849
2094
3660
1586
4848
2619
7367
5088
5187
6993
2619
1673
6036
1383
4282
6724
4159
3991
3366
5528
7304
8507
3400
7877
3048
6280
8390
5108
3596
9825
2670
2798
4587
1764
2670
5113
8419
2592
1362
8843
2496
9836
5026
9127
8988
5683
6541
4196
2689
1516
8321
1449
4028
4566
6165
7846
2322
9246
7811
1266
6759
5721
5402
2910
9976
6227
8254
8257
1352
2486
7283
2632
5201
5582
4405
3288
2977
2506
4202
2748
1647
3858
6667
3650
8565
8719
4548
7423
3935
2503
6531
9621
8631
1548
6165
1565
1384
2146
3228
6274
5563
3318
4730
6837
5811
5251
2299
4961
6795
6225
2402
3368
1338
6658
8489
2760
8631
5448
3968
9843
4975
2128
7838
4326
9608
3772
4316
6466
2150
3193
2684
1653
3522
7355
9823
3848
8921
5413
2096
6499
4900
6784
5425
7418
3460
8146
9108
5902
2212
1239
3109
4157
4087
5747
9364
1506
9261
8283
3639
3569
3236
6587
7752
1845
8306
2153
3135
4288
1324
8708
3024
9607
3129
2426
3400
6671
9710
4279
9564
1574
7643
2064
2718
5542
1773
4628
5356
4059
8596
9263
9878
7510
4255
1563
6249
7277
5059
3672
3523
2955
9385
3415
4305
1748
5970
2242
5042
3431
2420
3557
2270
9093
8370
2716
4199
5154
5540
4948
2566
9554
7086
3472
6253
5745
6487
6259
5893
6693
1665
6245
4585
6495
1892
9832
7620
2609
1742
8600
6113
1318
8515
1812
8616
6192
4773
2504
9711
7927
4171
6384
4098
2283
9754
6998
6473
8931
2763
2575
8255
2005
1601
7127
3583
5480
7484
2938
1091
6965
6302
3320
9281
8862
8840
7137
3741
5159
4034
2552
6346
5394
1771
3405
1833
1078
9814
9809
8695
2672
7442
7889
1878
7590
3631
4579
4749
6793
4331
2703
8683
1807
9081
2471
4193
2150
6045
7233
5458
8977
3647
5094
4942
1367
2048
8177
5636
8544
1247
9634
3808
2090
5118
2383
5220
3518
4257
5901
5724
1266
1378
1836
6705
3579
6085
6181
1390
3050
8306
7409
9464
4334
2634
4920
5617
8621
6016
4939
6933
4789
7674
1613
3178
4622
7858
2607
2611
1310
2329
9064
7447
4409
9054
1367
5851
4907
8672
2161
6919
6368
4048
8383
5360
3212
5073
6278
1486
9619
8875
7227
6326
7012
9173
6884
1492
3701
5522
6757
3329
9259
9114
2988
8407
8546
3121
3567
3030
8169
1771
7343
8614
7353
9482
3885
7710
1108
1018
2300
9993
6015
6704
4936
7105
9205
6244
7057
5848
4071
2827
3054
9748
2680
1171
8057
5174
7028
4441
1313
5108
3398
3516
6186
9326
9237
9011
9641
8856
2400
4214
9633
9847
3867
3955
5385
8343
9267
6283
3071
7625
8651
2079
7162
7679
5232
4286
2767
5841
4106
8859
5227
3746
4457
4344
2844
1233
3457
8710
7638
3383
6863
1133
4633
2122
1973
9868
3698
4937
5687
5120
5569
1009
4885
9851
3343
1543
1726
6151
9352
3844
6224
6650
8099
3653
1325
4851
2014
4612
4920
2311
7076
7637
5517
6758
3012
6010
5916
6548
2168
8998
1934
5576
6816
3626
3939
6098
4323
8933
6383
4311
3290
5544
6282
3849
4679
1513
3198
2820
7850
8711
3132
1061
1790
3462
9567
9762
6968
1608
5231
8014
7155
1079
5570
2373
8101
5428
6673
5325
4095
1023
2514
2190
9934
6305
9438
4175
7326
5451
5905
8789
9462
4501
8145
8977
1334
2495
3544
8475
6751
3847
3891
5238
6321
2269
1137
4677
5568
4586
3377
6408
2519
4928
3661
2580
8570
8369
2010
7011
7543
8837
3539
6200
9145
8168
1333
4184
2612
8348
1816
5533
8306
5002
2050
1178
2485
5548
1743
4557
4433
6125
4536
1468
3193
6252
7493
7935
9026
2042
6935
3721
6582
2576
7570
2782
3776
9753
8170
6028
2311
3438
2729
4700
5617
4223
7687
7255
1232
1833
8211
4054
9429
2529
1608
4866
8920
7216
2924
6901
3543
5619
4014
9349
6139
7616
2163
1121
3367
3954
9164
9499
1712
7639
3031
5503
4191
7378
5040
9057
3174
6265
2344
4201
7426
1112
2810
5870
2839
9159
4377
5110
4015
7309
6183
3522
3444
4048
8407
5124
9318
1462
1261
4271
5082
1473
5926
6704
3910
2152
4400
4566
4798
2198
3991
5791
5972
8233
2407
3133
3599
4722
3056
1969
5501
6132
5454
6195
8024
6349
3298
8335
2535
9191
1234
9068
9718
8634
3583
1766
5778
3994
7535
2582
8677
4590
3751
8457
2065
1087
7975
8414
9332
8477
4448
5478
1475
9591
5142
6734
8641
4443
1494
7766
5359
6667
3355
1701
2567
4889
5473
5550
8839
7993
4746
7362
3701
1130
4740
5987
1621
1704
2068
7484
2979
