1024
1836
4354
6840
8278
6531
3897
1709
2390
7921
2493
4846
3596
7171
3742
6343
1014
2904
9029
8965
6350
7603
2117
4620
8741
5457
8871
4913
8258
6641
9739
6266
4096
8150
9765
4026
2689
3154
8183
6628
5553
8513
2611
1595
3057
6677
9619
4092
5182
1487
9692
1705
6031
4897
6794
3681
5952
1817
3960
8558
5270
2465
5053
1273
4699
3487
8284
2310
5872
3263
5760
4070
1894
2594
4144
2275
6296
1551
3587
5964
2711
3357
4324
4670
9062
2208
1726
4633
3929
5613
3716
3652
4252
5666
2717
6900
9580
6112
2678
4341
9024
9270
1463
4459
5980
1592
8596
5093
7236
8560
4477
1003
6613
8606
9434
6961
7413
3257
4251
5215
7039
7606
8776
2596
5695
2934
3190
1088
6448
2365
7668
3285
6242
7843
2943
3168
7708
1057
6369
5372
6200
4557
1431
1589
1539
5873
7154
5612
5645
9283
2741
6616
2253
2979
7987
2418
6695
5425
8153
1156
8351
2548
6319
3217
5599
1819
6997
5239
6417
1470
2874
4805
3250
3484
8573
3362
8820
5239
5531
3502
3930
7141
9787
5703
8831
6624
2181
7494
2203
8743
5753
7976
5046
3477
3255
6616
4635
2901
1026
6299
8905
4363
6527
1839
9346
1792
5248
8566
5800
5285
1306
9500
3473
8878
8266
8257
5229
9895
4174
8894
6311
8990
2099
8373
6443
4942
2749
9614
6802
1722
2286
4681
9467
2689
6732
7678
3338
1087
5543
3153
5614
6391
6681
5768
6617
8114
4196
7495
6057
3761
9435
7568
7376
1427
1290
2820
8167
9162
9744
5089
2999
2712
2542
8953
9883
8381
5927
5498
9231
4519
3376
2170
9963
7621
9467
2534
1835
6587
4390
5127
6724
1849
7289
5687
4460
8315
3864
9607
5142
2722
3812
5117
4599
2149
5159
4636
5083
1969
3885
3903
9013
2757
1368
5196
2020
7889
9577
4611
9056
4942
7595
1039
6634
5701
1787
6553
4838
1900
4889
1087
4380
9177
1620
5681
3006
2915
1389
1440
8916
1575
9510
6929
9861
3111
5910
4507
2265
5814
6294
5675
3043
7682
2161
5660
9823
4345
7601
2782
6065
4422
6835
2205
5863
8855
7971
4906
5135
3163
9149
8642
4817
2494
5980
4080
3808
8767
8318
2472
6567
1304
2647
1252
3918
7161
7106
3458
4321
1931
3551
2578
9274
4252
8061
2086
2731
5743
4930
7085
6799
6324
7603
4640
6924
6161
5220
4302
5209
2980
4106
9983
6556
8698
5379
1909
3801
3997
9043
3853
6399
5374
8196
7737
9529
5415
4523
3073
4126
9881
9298
2520
7286
2894
1993
4159
9726
3278
9489
9256
9018
6371
8261
4603
2246
1134
9961
9786
2367
5997
4712
9690
9711
7482
3173
8445
5738
3396
4639
7288
9312
1967
8130
6885
6610
7330
5673
2621
6427
6708
4302
3168
6652
1292
3018
1602
3770
6682
5587
6558
8419
9565
5081
4104
8377
9298
1929
2588
6152
4578
4582
1423
4022
8181
8605
8333
6671
3054
4263
8680
4390
7715
2803
7549
5579
1342
1265
1053
5886
8506
7543
6584
7896
5445
9973
2676
8692
8007
9819
4344
9644
8812
3668
3772
1223
1552
4258
5773
4661
5718
4392
5084
5026
3932
3486
1414
2723
7819
3915
3014
9058
1139
8330
5459
6810
4723
8169
3644
4985
6689
6716
2358
7224
4057
6130
5286
2199
4242
9025
9857
7033
4957
6918
8705
5513
3181
2140
4233
9211
5993
8670
5376
3594
4722
5371
1492
8569
4563
6494
2096
1495
2535
5091
2199
3815
2687
1842
1637
3799
2057
2612
8620
2032
8647
6019
2141
3058
8515
2212
1395
4526
1019
1756
6654
3777
1122
1195
4299
6382
3632
2555
3797
3031
7594
3055
6114
5603
8778
8466
3758
6989
2132
3207
7167
3352
8220
9728
8492
3713
3425
5764
5036
3641
5121
6136
1705
4659
3212
3732
9600
6498
5060
2941
5309
5915
7671
6306
2886
1980
1056
4083
8245
9262
7521
5062
8918
4620
7523
4517
4104
5065
9324
3371
4197
2261
2082
3610
5757
7915
2565
6217
4824
3794
5682
4307
5694
8968
3942
9225
2610
5135
3154
7793
4318
2240
4418
8004
4036
2417
4074
8814
4353
5040
9566
7327
4734
7708
1164
6235
1524
1806
8739
6399
5975
5142
4279
3278
7529
4805
7779
2086
8245
4542
6987
8315
8237
4339
1435
5542
3977
2201
3851
6432
6522
9287
9526
7104
3930
4194
7569
2016
4987
5278
5704
3324
4302
7376
3115
5211
6239
6515
6720
9110
3000
1765
4044
3140
1139
5599
2863
3572
5252
7910
8266
6859
2332
6531
8212
9823
2856
5718
9605
9184
5049
8560
3426
3711
7673
5228
6156
4339
6429
2667
6605
6906
9212
5390
7775
1782
4649
4140
6287
8639
6303
2207
5422
1593
2637
1417
6684
8872
8617
6772
1406
9536
9730
6745
2195
3016
4033
6272
7565
3933
8085
6623
2582
1303
8062
3642
3023
3408
6053
2291
6602
2479
2287
2025
1313
7055
5509
9714
2846
4206
4340
5355
6576
9006
5539
1668
9973
9578
4273
3599
2132
9767
3611
7163
5618
3506
9727
7874
8305
2935
7557
3129
5036
4358
7281
2421
8056
7968
4740
9237
1343
4995
4491
4714
7711
5647
3383
3721
2308
2483
8726
6944
6057
6198
2375
6747
6108
5087
6355
2876
5728
5967
4470
2903
8477
2883
4262
5690
2821
3551
7029
4855
5837
5452
4726
2247
1637
5436
6706
2259
7407
3550
5081
9008
6192
4439
7358
1003
2282
4216
5766
1544
2455
6725
6670
6359
2353
6159
6763
2382
3393
3553
1538
5601
6581
4831
2027
7020
5442
8016
5637
6069
6656
1971
6863
1271
8067
9489
8610
5912
6460
3335
2063
9572
2040
6424
3367
2058
7965
1015
4491
8498
1291
3727
2770
4002
3415
5550
9785
2642
8780
5801
7641
9218
3142
3619
9654
6534
4722
9393
7879
9283
4042
6348
5797
1340
5107
9558
1175
1949
7272
4817
1570
8439
9199
9745
1984
2606
8654
8519
3946
9213
6071
3916
5346
2722
7098
2237
1860
9792
6361
9597
3327
1297
1360
6469
9407
1055
2703
2524
2673
3808
1603
4169
6336
1140
5845
6929
2231
5783
3470
6384
3152
6885
6520
6093
8570
1378
9108
5028
1262
1898
1265
2984
6645
2976
5508
1164
5551
5650
4802
4828
5020
3603
