1024
4132
4991
8302
1564
3867
7533
5041
2133
5553
2949
2623
5001
9596
6967
3531
7193
4353
3858
8065
3459
1701
9323
9625
5611
1578
1733
7852
7988
4433
2757
8076
6526
6115
3295
4720
2736
2171
6008
7530
6465
6102
5890
5273
6372
1078
4816
4631
7431
5393
9661
9343
2409
3053
4005
9089
2618
9500
1498
2883
8015
4195
9641
3304
5714
7992
4760
3908
6562
6577
3672
1061
4531
5279
6143
7654
4712
2774
2402
5819
4833
8146
9953
9504
1061
1518
1022
2015
6156
6367
9878
3883
4901
1572
6612
6422
6111
4134
2267
7818
4706
2432
1005
3618
4278
2413
3827
5860
5026
4692
1361
7044
8954
8449
6962
1057
2703
3521
6091
2540
2725
6231
3522
1955
7087
1980
8424
4044
5151
1386
6347
6288
2866
9387
7502
1709
7085
3830
5905
2057
8896
9055
3328
3001
7585
7305
4964
9229
1742
4741
1796
2093
4349
6938
4812
2270
6214
2441
4795
4253
8086
4785
6839
1963
4965
6873
4740
6022
3159
6499
6502
8368
8661
2172
6542
6049
3814
4907
8857
9555
4644
8067
4304
8491
6535
9564
8116
9941
6250
1247
5669
1917
4984
4926
3334
3357
1389
7309
5983
2213
9721
7926
2751
6913
2414
6476
9463
4492
8515
9821
8601
7071
1510
4310
7802
8748
3283
6949
9556
6171
4582
9903
2687
5572
3876
5750
5395
5982
7638
7599
9686
6323
1091
5203
7644
6576
1583
1891
8253
5531
8318
5504
9927
2110
4656
3724
1244
9692
4623
4829
6469
6912
5125
5871
8556
3280
6314
3613
5059
6003
9596
7313
5150
5396
8551
7255
9245
1795
2094
6689
3197
9937
5535
3016
3817
1376
6392
3604
1914
5951
1685
4077
7883
3920
1081
6461
9623
4297
9865
9928
7315
3478
1764
6039
3860
8131
7391
6035
3978
6005
7067
5374
3285
8854
2728
7698
5950
9076
2486
3807
2619
1695
6408
3971
3221
8519
1838
7511
8085
7381
8072
9201
1865
4267
9277
9344
7381
8529
6142
5872
9978
2457
4276
8852
3999
2175
8336
7152
3376
8267
3825
2266
6936
5328
2913
9191
1960
2885
8638
9001
9273
7154
1763
8689
5694
7861
4212
2915
8881
6029
2242
6333
4969
7375
5778
1615
1555
2556
6086
8321
7257
6502
2181
4162
6642
2985
6526
5475
3492
8961
1379
3237
1446
8290
7952
5090
1105
4092
3470
4399
1422
7204
8878
3684
5735
6136
2690
5467
6125
3702
4279
1994
2547
8756
9450
9830
7524
5512
6021
6528
1849
2536
5381
7666
9338
6325
9817
3853
8003
4133
6609
1606
1236
1726
8949
1441
2531
9365
1680
8800
5289
8079
2942
7835
4686
2136
5690
2931
8631
3098
6021
6093
3273
4927
9881
6340
4887
5824
5676
5271
7027
2953
2150
3672
5352
5261
5132
5607
6712
3985
6697
2639
2676
3512
8998
8549
8958
6053
1824
4802
6424
3301
8456
1752
3218
7107
3950
4776
1093
6336
3283
5088
7942
5922
4177
7824
7714
2917
4173
6632
1207
6148
5714
1732
3754
5015
1471
2117
6444
2522
4078
1121
9974
8537
1525
8009
2700
3341
4990
4457
6708
7214
8320
1670
1545
8484
2222
9101
2241
1562
2665
1706
8777
9564
2183
3254
1261
2506
6452
8459
2187
2828
6017
2077
1009
1584
3532
1382
5654
1962
1914
4297
2778
3950
8622
7239
3023
5937
1367
3624
4738
5304
8998
1063
6330
5647
8525
3845
4915
3072
4020
9968
6198
9065
7576
1880
5284
1237
6040
4880
7133
5243
8835
4495
6650
5394
2250
5239
9780
5719
2150
4953
9042
1425
5167
1823
5164
2047
1034
7004
3861
3648
2177
4347
1684
4865
2315
9184
9377
6293
8200
1873
7048
8929
1145
1352
4621
8241
2240
5564
3032
8541
5449
6276
2449
1357
5987
4044
4824
2246
9362
1474
6370
4138
5013
4650
6730
7844
5682
1400
4218
4186
3464
3772
5693
3857
8358
6513
6496
4454
6760
2375
4159
1606
5190
9484
4406
3434
7076
2542
3089
2724
7607
5881
8915
8964
4562
6410
5802
1014
2832
7208
9014
2306
4962
4553
4601
4163
5957
7475
7508
6230
5700
2625
6272
8501
6191
7778
4088
6980
1448
6643
1118
2210
7707
7751
9724
1490
7547
7974
6178
9732
4779
3724
5492
2109
3596
1198
4495
6820
5749
1913
9650
6703
2601
3011
2200
7559
7442
9503
2273
9908
7535
4137
5433
3791
2309
5712
3143
4985
8216
6351
9247
5099
9388
5474
9215
7338
8394
1631
1648
4814
3138
1785
3898
8321
2578
6253
7244
1560
3024
5192
3605
6233
3787
6051
6180
2063
6313
7524
1321
4721
6459
1292
3004
3159
5575
8344
7227
4819
5689
3726
7000
3177
6182
3836
1757
9074
7103
1283
3608
1130
3541
8790
7261
3128
6303
1888
2680
2477
2262
9202
3060
9718
6749
5307
9337
7026
4685
6891
1942
1194
5769
9227
3441
4947
3113
9839
9269
2561
1891
9946
1427
8159
8482
9570
6391
6091
5574
3919
8810
8349
9680
9636
3677
9104
6568
3988
5989
9348
8815
9409
1938
8652
3409
4368
5547
7512
2836
4998
6139
5943
5305
9415
9646
1136
5350
8401
2508
1370
2312
7878
6211
5223
8944
8624
9737
8940
2890
5880
5628
5459
1899
8514
7099
6642
4320
4343
1779
5736
6009
3489
1126
9567
1837
6975
2151
2873
2361
4947
6452
9569
9120
3096
8089
2545
6192
9547
2914
1646
4212
9556
2864
4889
2811
6991
3826
2957
9143
3210
3655
3198
5831
9169
7561
9965
6525
4253
1199
9756
3191
1134
1843
5540
1049
1251
2764
7908
5263
5050
1862
6355
5971
8577
2808
1938
9041
2952
4104
7024
6015
2684
9494
1370
8328
8536
1126
4013
6093
7704
3723
1621
3798
5184
2734
5536
3743
7171
2739
2673
7901
8981
8073
5109
2462
4339
3709
8295
6945
2228
1515
5179
2868
3977
2230
1445
3697
6574
6137
4631
5700
7116
3677
5028
2044
2598
1233
5614
2932
3049
7676
9919
6679
4186
4494
6021
6451
6190
6210
3621
4773
3394
1068
7733
3278
5778
4676
4326
6655
2693
7713
3539
9918
6907
4992
3532
1834
5511
4608
9931
3021
8611
6807
2273
1627
6719
2883
1205
6147
8643
1323
7484
1439
6387
4920
6759
2517
6296
9656
1011
5931
9335
1261
4405
2799
