1024
6685
8386
5189
5580
4997
1443
5800
7509
3615
1702
6413
9710
1859
3689
8838
9979
9894
4293
6729
3029
2553
4146
8865
1894
8584
3144
7098
6009
8697
3822
2873
5916
8709
8535
1157
3398
2435
3356
9207
6155
5446
2085
1462
1373
4169
8636
4623
8189
2272
9505
2945
3358
2109
4060
3976
5196
4308
1073
3074
1412
3294
4777
1575
6636
6901
6613
8835
6547
1408
2219
6128
2905
4431
2498
2177
5101
4561
3335
8285
8661
8333
1262
4692
9845
5551
6664
6969
4263
5110
4573
4877
1084
1471
3117
2812
5199
4661
3620
4708
6229
7429
3410
4848
3045
5371
2986
1868
8891
5488
1462
8567
4075
7548
4420
5335
8852
2746
5466
4541
2870
9325
2548
3714
5073
5713
2021
9529
4888
2991
6925
5133
1124
5757
9010
8222
2687
8750
8405
2092
7318
1670
4700
5312
2419
4619
5602
4400
3239
5608
8090
5195
2792
7674
9814
3536
5131
5874
3139
2099
7786
2684
7141
9030
4887
8910
8747
5297
4451
6276
8460
5480
9982
1831
2085
2937
4752
1574
4552
2392
9541
5050
2933
7579
5038
2518
4309
9027
7154
8059
2201
9320
3298
3721
8596
7090
4481
8056
2617
4183
2393
6539
2269
2619
7135
5826
8008
2481
5746
2378
4012
9981
4294
1540
8801
9677
8475
3308
1744
8011
7041
6193
4406
3888
9015
3541
6151
9367
9313
2476
8889
6986
2392
4514
1833
3077
7285
5252
7717
2420
1072
3323
8615
6058
6378
6078
6893
3779
6760
4029
8880
8279
5802
2910
8035
3011
2274
2906
4526
4005
6327
5918
8591
3313
5117
3577
9209
2028
7172
9148
7659
4776
6297
6227
3463
9849
7660
4893
6000
1119
2511
5786
2060
5361
9820
6777
8095
4243
9915
1777
6842
7440
3463
8412
3955
2930
4607
7295
1380
6171
7900
1095
4611
1600
2660
2414
6430
4906
2950
2321
6308
9429
3818
6821
7103
4503
5886
3105
9838
4515
7257
9957
9447
8554
6446
1453
4510
6349
2296
5398
2126
7459
3207
6063
3634
4807
5360
3355
2176
8319
4791
3369
9295
3689
3619
3664
4611
4719
3699
1433
5802
8498
1790
7466
2866
4234
3759
5126
7769
7240
7669
3449
2417
3266
4903
6745
6329
6632
5072
9045
1066
5562
6691
6372
3779
5412
3019
3028
2100
4072
2052
6686
2644
1670
9681
3690
3943
8300
1050
1005
6739
5390
1907
6723
9201
7426
6231
4947
5051
1093
7855
5907
2892
4435
1870
4686
1491
2239
5019
1930
9939
1662
7324
1223
8643
3086
6742
4413
2052
4789
9068
2904
3829
6133
2879
2197
2913
2422
5801
8756
7183
7579
4236
8204
2316
4893
5965
6159
6029
8981
4148
3330
3777
7388
3082
9888
7902
8903
3081
5482
8074
8122
8161
7445
3670
7149
6284
1757
3479
8637
5948
1917
2922
7487
9816
1747
6819
2182
1794
9235
6656
5711
9237
2014
6544
5471
9466
9145
1142
7708
2452
9385
1789
8825
4142
6487
3803
2412
4349
8777
4629
9126
8271
6821
4567
7099
9914
9719
9724
3659
4003
4117
8741
5754
2176
7130
3672
7761
5952
9761
7292
9290
7851
4723
3190
1264
2843
8877
7910
2441
4015
3016
2297
8991
9893
4892
1828
2627
2917
5640
9155
4244
4097
4448
8771
8415
6971
9818
8737
6948
6795
2530
3143
5190
4129
4681
9363
1770
7594
1318
5332
9483
8105
5724
2004
5843
1790
9005
2090
9455
1093
4070
4780
3855
3928
3840
2393
7014
5865
7592
5036
4333
1148
8085
5701
5320
6002
9225
6635
3707
5351
2991
4844
8641
8439
2613
8581
7246
3945
3649
1160
4115
5679
4220
2394
2639
8363
4744
1173
4783
1495
1082
8316
1639
3164
9924
1263
1933
6617
4165
2936
8895
2865
1991
6742
4698
8082
7925
7564
4316
3028
7335
4565
1205
5854
4013
5308
3203
8533
7283
5539
8514
1621
7332
3904
5370
8159
6800
2786
5889
5712
6569
7895
5044
1042
2128
6313
8893
4955
5682
2903
8299
5169
6561
2274
1961
3947
2890
1368
2342
1494
2553
9874
5428
4158
5617
5840
1618
1717
6054
6923
3783
5031
4702
7166
8191
5823
7194
8689
3045
9390
7489
5180
9164
3207
2577
3673
1705
1138
3887
9608
2818
1780
3797
3416
8643
1656
5301
1546
5156
3275
4493
5174
3421
5733
2249
3265
3572
7034
2755
9440
6590
9810
7898
2144
4566
6604
5160
7094
1328
2007
5617
6466
7044
3942
9275
4412
5119
4562
5399
9599
3232
7537
8507
9557
1800
4754
1024
7957
8467
1331
6093
7193
2545
3923
9012
5942
4887
6018
6918
9577
9439
9061
8794
3126
7615
3890
5697
7761
2796
7328
5866
2547
5589
9780
2304
4644
1213
4587
2182
8815
2433
8708
5407
5060
2141
6593
3345
5087
2490
2503
5391
7927
4096
8594
3794
7507
1348
7244
6623
8775
7493
1297
2258
3099
2926
2370
6345
5344
8236
1716
8235
9543
3682
2012
6139
5216
4006
7080
5877
1768
2739
4145
2220
6419
1845
4920
3948
8679
3248
9163
1855
3015
7855
7035
5885
3466
4677
3032
2407
1870
3677
5361
2395
4248
2977
5042
9781
5144
4128
9965
8492
6163
2128
1685
2342
1074
6260
8599
4519
1696
2244
4351
2633
3889
4061
5964
5133
9063
6495
2463
5683
2683
6906
1522
7020
1741
6182
6333
2917
5853
4675
9017
7337
7151
7160
5196
2726
4116
3787
6748
7578
3446
8060
9443
5916
7977
4796
8380
5335
5319
6564
3260
7563
8737
1991
2247
7913
7896
9471
2597
8873
5658
4246
6662
8378
7255
3174
5585
2727
4306
3525
4613
1430
5129
3129
9246
5757
2537
1209
2500
3141
3989
6694
6168
8475
9589
7237
3435
8714
6417
9207
3816
4386
2864
5854
5750
3667
1867
7835
3997
7710
3952
1529
4730
4394
7862
6139
7543
6795
7272
9962
1575
3225
6358
7758
9174
6341
3142
2200
4618
5754
1294
1516
2399
8436
6659
5776
4758
6448
3036
9780
1037
5369
9660
6566
3891
9287
2675
7497
3032
5421
8884
7018
3651
1553
7447
3361
5025
3615
1159
4849
6518
2833
5317
7848
3759
6285
3492
8229
3595
7493
4651
1534
3300
2696
1711
6111
3573
4726
5112
1717
9088
1703
2588
5773
1553
2423
9517
5220
4205
3454
6166
2100
9671
