1024
1567
6975
6318
3331
4331
5622
5776
1830
5206
4014
9998
3537
9659
3825
8070
4103
5787
7691
1607
5282
2641
3697
2252
1045
5818
3619
1026
1575
7018
4178
4275
7389
3693
5609
2223
3878
6526
3939
4769
2533
8295
5882
3135
6069
2511
4182
3316
1211
4996
6105
1399
6267
6256
2148
7952
5546
9863
1066
5538
7261
3969
5517
2537
4083
2892
4374
8700
3875
5302
2221
2842
9100
8365
5870
6969
2921
1649
7858
8708
6164
5446
9766
8550
4108
2363
1042
6265
8717
9020
9584
5628
2104
1040
1916
7894
4190
6576
5303
3118
3880
1605
6767
5998
9359
6038
2364
6423
3605
9840
6821
6138
6329
4613
8584
9945
9162
1403
4114
2858
3417
4112
5318
5082
6607
7764
7906
4402
5503
1437
2306
2199
6823
5167
4092
4404
1317
1598
5755
6799
1397
3386
3271
3850
4012
1703
6870
8977
2497
7211
6568
2575
2792
7548
2714
6382
1149
1715
2220
5500
5374
7285
9075
5458
4369
2916
2075
3851
1873
1841
6284
7886
5250
4386
7206
7647
3770
8473
7490
4904
5870
5796
3190
6602
8510
4485
4986
4791
7254
2340
2264
3542
4936
6969
6861
2766
4811
3232
7859
3324
3531
8521
5132
1047
8558
3479
1477
5490
7201
6126
9400
4801
3004
5534
4247
5736
3386
1108
2281
9618
9455
6091
2260
4736
5489
6708
6131
3280
1243
4130
1906
5304
3092
5621
6632
1672
1175
6572
6295
1082
9305
1949
6006
3754
9807
1178
5014
4322
1540
5070
7217
4080
5714
6561
7690
8609
9322
4530
1456
7143
2251
7607
6045
8434
8476
4894
2498
1724
3550
3662
9046
2404
4318
1935
6545
4679
8934
7190
3236
1836
9589
7816
3409
3557
4207
3707
2478
5441
2297
9803
2663
4225
1338
7305
3526
8156
8318
6381
9306
5007
5953
1668
3724
4067
5211
1886
9243
3132
7971
7073
6949
2489
8401
9957
5968
6548
1891
3125
3709
2254
5512
4623
6058
1675
8803
1627
3573
1642
5333
1670
6589
5463
6953
7928
2767
3025
1037
8624
4249
7177
7849
7958
8612
2861
4569
4707
8982
6264
8589
4329
2079
3645
2897
8021
3865
6590
9771
5851
5471
1355
3758
1298
3620
9342
2554
9488
6115
8255
4460
8524
5785
7135
5635
1639
5673
2618
3836
9243
3016
3501
3333
7490
9198
3609
2310
3031
2137
2438
1065
8342
6596
4080
6964
4522
4257
7588
8761
5746
6316
9978
7978
1243
3353
1852
5953
8183
3518
3367
7637
7570
3389
9111
1735
9211
4409
6332
6590
4992
2773
6631
8401
9666
7161
4766
4664
9885
4691
2443
1087
7488
2786
8574
1844
7975
5160
1159
5303
1375
4883
1576
5329
5245
6087
5973
3086
5182
6624
5974
9108
6656
1693
6708
8767
2536
9917
4258
7572
8563
4886
2137
7668
2740
2771
6897
5369
4165
5774
2443
9661
3275
8227
1147
8533
8699
1484
2799
6816
2415
6522
9649
4234
6053
4866
5414
9744
7070
4558
1569
8666
6125
6551
2456
7329
8896
8073
1389
5738
2756
2515
4578
4708
5632
2043
2024
8854
6929
2850
7645
1949
4699
3459
1294
6997
5066
8526
2622
2108
6719
4550
1811
1588
6277
3861
5640
4579
2872
8860
3778
3985
3061
4929
4850
4087
1047
5717
8931
3932
1114
1855
1545
3628
5825
1194
3653
4611
2619
4739
7596
3692
5448
6254
5690
1305
1284
3477
2203
5473
2447
2081
9806
5885
6428
1613
2406
3775
6661
4697
7113
6586
2692
1005
6580
4392
2158
9318
7766
3532
2574
1631
5037
3264
5757
9829
5596
6376
3113
2193
8292
4094
5934
1307
4851
3121
3776
8249
3240
2518
4562
2205
2762
8440
3684
7781
1091
8579
4176
5669
2229
2686
4907
1584
2197
3713
2321
1985
5930
8931
1360
5865
8214
4732
7818
2283
4645
5333
4963
2371
7101
7800
2098
8470
8050
6249
8255
5629
3234
2969
7774
2593
4278
2807
7077
2347
3817
3150
6099
4966
3644
6443
4194
4134
7578
8529
4120
4372
6098
3139
2226
4682
5013
2739
9097
6356
4619
1606
4706
5462
6361
3485
5654
6088
2512
7818
8557
2500
7495
6002
3571
9255
6445
5810
7709
2172
4334
9808
1049
3106
2981
7528
3878
4154
3899
4783
9213
6816
1946
8897
4778
5924
4939
4048
4960
3569
4556
5847
3535
2241
7383
1712
3364
8631
4495
4573
8449
3809
3074
5194
1828
9139
2369
4951
1017
2147
1890
2085
6698
8748
6275
2703
6773
4096
8515
4599
9486
2792
6401
1956
2260
1965
1275
2326
2600
5294
7770
8905
2084
2613
6485
5597
2001
1249
7305
1959
6818
2757
7072
9747
1252
1458
6288
7984
6353
8868
7863
7617
7187
4164
1958
2073
3664
2275
3060
6849
6803
9508
1047
4013
3303
5280
4458
7750
7564
5120
6184
1525
6013
8587
2175
5133
4201
7906
8126
7425
2905
2016
5189
3298
5896
7117
3543
7064
2822
8943
6775
6277
5222
5301
7477
3284
7491
5070
6806
6725
4219
1422
7656
8769
2743
3510
6314
5453
3402
2874
2165
5492
2355
7396
5674
2346
6087
5608
6624
4781
2503
8639
8556
5392
7168
1025
1819
1233
4402
5910
7880
2572
1694
4195
8654
5473
9341
9600
7801
9374
9968
9396
4806
1638
4650
7731
2091
1910
6152
2946
3945
5145
6246
1938
8004
4341
8724
4417
5348
4916
5123
2772
4515
3521
7131
6179
2056
6306
6683
7007
8416
4310
8345
4164
8459
9033
1076
6743
1652
7234
6239
8792
4676
5313
2813
6579
3968
6433
4335
7814
4886
1323
9947
5204
4243
1106
4118
8448
7190
6603
7261
1283
9729
8131
5363
6396
2797
9129
3819
2485
5100
4844
8461
3496
7626
7361
3247
9086
2746
2521
9906
5926
7533
9418
2925
4323
5123
6534
7857
1963
4612
7004
5147
2661
9285
6067
6238
4507
3335
6668
1642
6325
8434
4189
5170
4898
2978
3413
3301
9312
6207
9588
2965
9745
1347
5246
2621
2948
9382
1226
7393
1419
5955
2880
1942
4672
7755
4797
4648
1779
4855
1062
5988
8021
7241
9305
4361
4373
2353
2625
2968
2755
6463
7042
7133
2439
4672
4167
9382
3545
4575
7426
9707
6332
5337
8039
2646
2288
6040
4284
8530
2351
7682
3132
1468
2993
6252
8271
6051
8616
2146
5250
