1024
3266
1489
4701
6365
2772
3180
5274
9531
4784
8886
7429
2419
5597
5691
5154
4556
7039
8182
8225
5531
4128
7670
5057
8020
3374
1526
3394
8844
2435
1251
9440
5620
7095
5214
1108
1338
1384
2858
8537
5396
2686
7189
4949
8969
1648
5478
4383
7640
7871
9361
4053
1279
4710
2352
4809
2663
8395
6611
9026
6338
6818
3001
6271
2822
8128
9069
8772
4738
2776
4840
5016
9385
8006
4999
9988
6169
4831
2253
5978
1325
3020
6564
2868
8648
4193
7208
2970
3480
6944
8382
8476
6245
9397
8351
2269
3361
4954
4461
7226
4773
9213
4514
3757
8924
5822
7155
1564
1495
3435
6570
2130
2265
7673
3606
5252
5178
5534
1936
9212
1961
8846
4300
9674
7275
5625
4988
6732
5170
4267
4197
2507
6394
4810
4774
9296
1971
3635
9328
3437
2921
8321
5278
3545
6447
9803
4336
6785
4500
6540
8042
2238
2509
2633
8102
6744
8228
8338
9525
6568
3368
1639
1103
8875
4773
1446
7792
1050
9135
3269
9757
7151
3673
3928
2333
9849
2354
2725
5233
9446
4014
6084
5257
9064
6763
4461
4535
7495
2630
1046
2869
9154
9817
8385
8221
4047
2659
5566
3780
5983
1576
4970
3685
6253
1785
5427
6802
8922
6954
9984
6803
3985
3251
2464
3406
9185
7201
4238
5960
6736
9901
5187
1332
3973
3348
4687
2818
6495
7942
2213
4821
6345
1744
4166
1506
2319
2199
8161
8531
6149
8070
5764
6701
4051
4678
2209
1974
7962
3749
5271
8284
4911
5878
8680
5943
1567
4066
2364
6849
2647
6583
4148
4518
1664
2996
6425
3816
7460
3277
3074
5478
2815
8292
5352
7066
6550
3174
5136
2975
8172
4771
3824
4265
5531
8309
3548
8373
2567
4683
4026
2419
2958
6340
3331
6758
4497
4895
6450
3028
1018
5546
6191
8775
3477
4741
8192
1071
8152
5619
9187
2352
9442
1056
4221
3207
4384
4367
9023
4075
5407
4750
5126
1370
5203
4647
8203
9740
9506
4881
9527
3915
3379
5899
8557
6161
9647
2012
2904
8972
9808
1445
6628
1960
2784
4650
6544
7376
6780
9709
9151
3842
3562
7129
2917
7283
2834
8604
7791
1398
3154
2468
9659
1587
2797
6587
1288
7904
9509
5995
6862
2461
1671
1266
4865
5922
5834
8971
2432
8818
3809
4239
1950
5462
5419
2570
7317
4045
6670
9247
2064
2442
2925
2431
8646
1228
6383
1445
1066
4895
2438
4577
5451
8571
4215
9132
2041
8988
6588
5434
2579
8501
3235
1930
3129
1456
9297
7119
2436
9289
1213
9074
7061
2355
6479
7371
4420
9623
5515
5280
2027
7223
4954
1465
4334
4087
5904
6377
1882
1701
1995
7261
7730
7199
4908
8283
3781
3349
5592
5277
8581
6112
1808
5510
9120
6276
6455
4662
4655
7490
4583
3287
8716
2268
2425
7234
6151
4563
1003
6984
4507
8554
2584
5051
7129
1884
3285
6358
3945
3115
5692
7535
8642
2733
6555
4380
4376
4073
5938
7994
2341
7793
9000
9575
8544
8012
9357
2041
1193
6421
7498
9724
3103
2184
4589
7268
2033
4299
2535
3880
6425
2339
1427
7852
8050
7983
1334
1067
2490
2075
1594
4311
9436
1204
2025
3289
9461
4938
6613
2062
8589
5050
1997
5382
6153
4449
8922
9835
1844
4468
7249
1924
6744
6139
1987
4031
7031
9624
1491
4870
8573
6344
6033
1821
4938
1676
5834
9896
6943
7158
6572
2585
2105
5843
7688
5108
1506
2411
8448
4276
8187
4592
2344
1044
1275
4144
2849
1928
6001
5803
2925
3599
1662
2323
6343
6697
7622
5326
6933
3153
5067
1404
3052
5511
1589
8409
4947
2715
3794
3044
4747
7556
6275
9325
7243
5325
5175
2670
3250
1681
6566
5696
6024
4088
1710
8942
8048
5996
3322
9306
4317
6631
1740
6371
7845
1993
6621
3410
5097
4812
1328
2112
1650
7334
8388
6084
3113
5956
6085
6704
2838
6116
3582
6267
2813
8676
5120
1825
7856
7388
9953
8962
3463
7085
3712
6714
3889
2013
6234
2708
1008
9906
8027
5350
6007
5047
3293
2160
9691
5980
4159
4743
2586
6033
4682
3083
4646
2646
6590
6375
8964
8730
4056
9003
9422
5534
6402
3894
5105
2511
1394
2976
7577
1003
3082
2871
4992
4732
6259
6157
9988
5603
3873
5674
7086
7312
4060
3218
3531
1859
8544
9227
9438
5429
2861
8716
6892
7816
9728
1852
8971
5299
5543
8673
9715
6706
2447
5611
6231
5301
6533
4596
1726
2835
2490
3882
3367
3620
3633
5413
4341
7139
7528
4836
2473
5189
9926
3716
6465
2505
9383
1559
9900
3766
7694
7545
1500
5788
6403
2383
2258
1314
5840
3374
8974
3910
1553
7564
4435
9995
2761
2352
4282
5476
7487
3045
1192
1938
3091
1179
2940
8465
4010
8869
1778
5113
3223
6100
9391
2211
4630
9897
8336
1272
4216
5268
4487
3294
5916
4543
2424
7929
6996
9240
5561
4495
8809
2456
1714
4137
8689
3535
6473
3726
5712
1480
2424
4697
5373
2032
8865
8699
5041
7228
3670
5991
1000
5673
8421
8778
5893
2289
5857
4853
9796
5415
4493
5595
6396
5998
3107
4086
2994
1376
7703
4844
9334
1455
3775
3600
8719
8038
2006
3027
6665
3683
3996
4090
2778
3266
4566
2633
1269
1441
5357
5622
5980
6532
7620
1292
7598
8274
2219
4519
6182
4615
9743
4340
2572
6980
6050
5733
3943
4685
4916
6359
2406
9094
1972
2106
9123
1327
1106
1016
9337
9671
2860
1172
5233
2107
3039
7908
3670
6096
4272
3892
4757
1034
2823
8177
2384
5480
7312
8265
3901
5180
7109
9122
1721
7840
9010
4240
9011
2898
4856
3174
2994
4941
3223
5834
7831
6739
8264
7435
2524
5078
1303
2572
6743
9058
9187
3420
8249
9231
5351
7901
5179
8716
5037
3437
4624
8475
2474
2832
2045
7991
6124
6223
8547
5736
1345
6519
4265
5043
5868
2012
6157
2885
7794
7888
2190
8500
8179
5377
4008
1626
7975
7340
3228
4197
6305
5779
8614
7758
3108
5667
5220
5474
6757
1519
7001
2043
5816
8411
2912
8095
9392
8193
4949
3034
3967
3820
5200
2875
4471
9508
2295
5264
2402
8820
1310
4255
1621
8209
3172
7410
4619
3232
4733
6536
4174
5461
3144
6025
3175
6122
