1024
3637
6102
4906
1450
5938
9273
3659
1659
3939
7573
5086
6831
6309
9780
1745
4553
5531
9849
5714
8771
4784
1251
8444
8754
4348
7491
9243
1352
7832
9296
7598
4507
1712
9690
2258
2123
2017
1541
9213
2430
3123
2581
5521
8586
9363
3844
1711
3050
8142
4556
2991
5621
2226
7825
5663
3392
1731
2343
2953
1106
1757
2589
4854
9859
4958
2487
3595
9710
4635
6062
8116
5440
9331
3155
1546
2476
6117
9493
5095
4254
3826
4754
3955
5964
1356
1430
3297
6896
8286
6085
8990
4142
2803
2424
1063
3529
8114
7853
5359
2303
5935
8731
6671
7364
6064
8254
5709
8863
4762
9318
3636
2398
6012
8668
3432
4724
6359
1698
7642
4548
6222
3785
8600
6246
6173
4987
8785
5598
5633
8017
6376
8650
8808
9470
7002
5827
6014
1963
8657
1964
8022
6601
3882
4108
5284
4484
1575
5968
2047
4357
7772
4576
6650
6309
3960
5232
1206
2884
1224
9208
6246
1564
4651
7046
5261
4026
3610
7849
2888
7307
8483
5233
3074
6196
6588
6541
2738
1339
1883
6157
4040
9291
5166
2162
6978
7638
4820
1942
7611
2109
1275
6977
1763
9835
3216
4097
3959
7737
2609
5516
3411
5093
8810
8845
9884
2269
1344
5729
7420
9713
7144
5558
8757
6377
3869
1764
7639
6564
8665
7386
1243
7248
9669
2851
9928
9240
5481
7087
7765
7372
6765
8597
2859
6565
5512
8594
1188
6926
9744
2263
3094
4459
9910
5841
3169
3236
3004
1531
4654
7198
4410
9135
1466
2797
8763
6132
7274
7707
8450
6107
4782
8492
2848
7812
6715
8236
3506
5122
1198
2388
7971
6515
2667
5524
9533
9452
1995
3367
2831
6596
9707
3010
1981
4890
2071
5750
8861
4965
9744
3399
5801
6820
5890
2422
4757
1739
8193
4392
5931
6775
9548
6334
1041
3363
6357
5784
5436
4345
9261
8385
1434
1464
1072
9132
8586
2876
4706
9511
8629
5763
3792
3202
3686
2927
5964
6984
6283
1936
3909
1728
8761
5043
5812
6507
8251
9643
5247
7215
5893
5699
8091
8861
9367
4272
9967
6786
9049
5359
7345
7828
5584
2409
6309
3430
7045
6316
5226
7528
2444
2966
1539
2430
6059
2063
1555
8925
5156
6357
6438
9215
3101
5721
1661
1943
8194
5280
2314
9645
1887
1085
4722
8530
8496
1182
1846
8785
3031
7665
1298
8943
8399
3341
7901
1109
4628
9015
1148
5546
4741
4436
3930
3960
7935
8402
1012
3229
7137
8285
2499
1512
4338
3683
6220
6185
8778
1874
5473
9365
3546
8683
4080
3593
1472
3873
4519
8861
3181
3703
1948
9781
5363
4777
7323
9131
1882
9350
7852
7709
4657
8269
2023
4807
5414
1872
9869
1537
3293
2739
3727
4889
4134
5698
5294
8914
7526
4620
5467
8339
9530
8361
1186
5193
3302
2152
1637
8844
7322
5623
3379
6830
2611
6380
7909
1186
8646
4730
9048
5343
4379
6605
6246
7884
9730
1305
1694
8307
4181
4975
3712
5316
8170
7424
2634
5276
2924
2940
2442
6179
2019
4085
7944
6297
2728
5254
6602
1255
3552
2512
5560
7707
1081
8348
6118
5482
6003
1634
7611
8070
3990
3268
7896
7377
6659
4398
7697
7210
9216
5552
8770
7590
9443
6551
5560
3560
9701
1567
8003
5977
2532
9621
8377
9873
1343
2275
6188
2080
8715
5345
5415
3189
3304
4591
6683
5190
3699
4649
1400
1769
7095
2454
9208
8081
1883
8311
1334
3067
8829
1183
6404
4365
5244
4885
3384
6788
4471
1545
9290
3382
4230
1787
7742
3395
3399
1656
8832
3557
3652
2353
7494
4052
7699
9659
7452
5486
4333
1620
7990
9255
3590
7137
2661
6194
3580
2536
9316
9630
1095
9624
4556
9446
8403
8344
3040
1827
5023
9599
4216
6625
3387
9271
2438
9331
1235
5080
2842
5394
5870
8083
1644
5351
8127
8730
6015
5219
6662
1329
3645
7803
2066
7954
3391
4294
8215
4140
1280
8952
3652
7853
3113
2837
3837
4974
1414
6046
2359
9051
1022
2359
2797
7130
6584
3053
4146
3408
2516
7376
9431
4010
7808
3570
6442
8373
8378
4394
9371
8578
3275
2707
3339
3285
2886
4864
1463
2455
3489
3778
3119
4526
7468
7837
7885
6801
2144
8261
2034
1154
2171
4004
5074
2899
4790
3558
3240
2890
9018
8998
1190
9923
3174
7358
2163
3175
3021
6024
6287
8630
4517
5586
3694
7397
7893
3999
5539
1465
8981
7694
1290
6790
2848
1967
8284
1720
9973
7293
5441
1879
6871
1266
2059
4891
2562
5474
6720
3058
6303
6838
2420
5389
4387
4027
3316
2391
4733
5225
4062
1026
9584
4750
3535
6456
2481
7155
2128
6492
4281
9258
2287
4980
1238
3113
2263
2585
5031
4698
4381
4982
3986
9828
8592
1678
6805
1097
2300
2340
9463
1042
4762
5896
5028
1749
5103
7800
2478
6091
3712
3348
5019
3514
2914
2462
1260
5354
2347
5709
3077
3341
5862
5611
5630
4095
3278
7028
7422
9727
8933
9919
3672
3137
3692
7762
4467
5256
2265
6078
1066
2687
1173
4869
8320
4277
5514
8813
7501
9516
1770
7165
3759
7104
4063
2902
2792
3047
4117
4301
3031
9918
9224
3976
6548
7101
2659
3512
5664
3716
9708
1361
6010
8828
9584
6350
5809
2461
6556
6242
5398
7012
3544
4633
2341
3878
1239
1173
4353
1014
4441
2683
6136
5985
6564
3952
8234
6380
4374
9241
6957
7025
8855
7393
9227
2253
1126
8305
3772
2087
6827
1747
4433
8025
7868
3652
6309
2593
2259
2838
2680
9524
7826
4365
5197
2545
3347
8985
2972
8267
4097
4772
3031
5956
1815
1652
1215
8951
6927
5682
3771
3727
2085
5445
3594
2164
5572
5643
3528
2364
4574
2161
5168
5721
7138
5159
2633
3825
1048
7439
8538
4760
7533
5132
1584
5678
3952
6280
6555
8719
8679
4088
6470
4751
2639
4408
2435
3989
2182
7966
4799
4967
3794
2622
4822
6993
5008
1668
3227
3064
4330
2775
5620
6466
9766
3529
8850
2418
3122
9162
2888
2434
6179
4559
2530
6879
4567
6461
5988
2286
4131
1538
6047
5184
2477
1189
5420
5731
5822
4450
4971
4126
7467
3006
4739
5766
4801
1620
5086
3264
2742
1107
9751
1783
8423
1142
3444
2292
1104
9722
