4132
4991
8302
1564
3867
7533
5041
2133
5553
2949
2623
5001
9596
6967
3531
7193
4353
3858
8065
3459
1701
9323
9625
5611
1578
1733
7852
7988
4433
2757
8076
6526
6115
3295
4720
2736
2171
6008
7530
6465
6102
5890
5273
6372
1078
4816
4631
7431
5393
9661
9343
2409
3053
4005
9089
2618
9500
1498
2883
8015
4195
9641
3304
5714
7992
4760
3908
6562
6577
3672
1061
4531
5279
6143
7654
4712
2774
2402
5819
4833
8146
9953
9504
1061
1518
1022
2015
6156
6367
9878
3883
4901
1572
6612
6422
6111
4134
2267
7818
4706
2432
1005
3618
4278
2413
3827
5860
5026
4692
1361
7044
8954
8449
6962
1057
2703
3521
6091
2540
2725
6231
3522
1955
7087
1980
8424
4044
5151
1386
6347
6288
2866
9387
7502
1709
7085
3830
5905
2057
8896
9055
3328
3001
7585
7305
4964
9229
1742
4741
1796
2093
4349
6938
4812
2270
6214
2441
4795
4253
8086
4785
6839
1963
4965
6873
4740
6022
3159
6499
6502
8368
8661
2172
6542
6049
3814
4907
8857
9555
4644
8067
4304
8491
6535
9564
8116
9941
6250
1247
5669
1917
4984
4926
3334
3357
1389
7309
5983
2213
9721
7926
2751
6913
2414
6476
9463
4492
8515
9821
8601
7071
1510
4310
7802
8748
3283
6949
9556
6171
4582
9903
2687
5572
3876
5750
5395
5982
7638
7599
9686
6323
1091
5203
7644
6576
1583
1891
8253
5531
8318
5504
9927
2110
4656
3724
1244
9692
4623
4829
6469
6912
5125
5871
8556
3280
6314
3613
5059
6003
9596
7313
5150
5396
8551
7255
9245
1795
2094
6689
3197
9937
5535
3016
3817
1376
6392
3604
1914
5951
1685
4077
7883
3920
1081
6461
9623
4297
9865
9928
7315
3478
1764
6039
3860
8131
7391
6035
3978
6005
7067
5374
3285
8854
2728
7698
5950
9076
2486
3807
2619
1695
6408
3971
3221
8519
1838
7511
8085
7381
8072
9201
1865
4267
9277
9344
7381
8529
6142
5872
9978
2457
4276
8852
3999
2175
8336
7152
3376
8267
3825
2266
6936
5328
2913
9191
1960
2885
8638
9001
9273
7154
1763
8689
5694
7861
4212
2915
8881
6029
2242
6333
4969
7375
5778
1615
1555
2556
6086
8321
7257
6502
2181
4162
6642
2985
6526
5475
3492
8961
1379
3237
1446
8290
7952
5090
1105
4092
3470
4399
1422
7204
8878
3684
5735
6136
2690
5467
6125
3702
4279
1994
2547
8756
9450
9830
7524
5512
6021
6528
1849
2536
5381
7666
9338
6325
9817
3853
8003
4133
6609
1606
1236
1726
8949
1441
2531
9365
1680
8800
5289
8079
2942
7835
4686
2136
5690
2931
8631
3098
6021
6093
3273
4927
9881
6340
4887
5824
5676
5271
7027
2953
2150
3672
5352
5261
5132
5607
6712
3985
6697
2639
2676
3512
8998
8549
8958
6053
1824
4802
6424
3301
8456
1752
3218
7107
3950
4776
1093
6336
3283
5088
7942
5922
4177
7824
7714
2917
4173
6632
1207
6148
5714
1732
3754
5015
1471
2117
6444
2522
4078
1121
9974
8537
1525
8009
2700
3341
4990
4457
6708
7214
8320
1670
1545
8484
2222
9101
2241
1562
2665
1706
8777
9564
2183
3254
1261
2506
6452
8459
2187
2828
6017
2077
1009
1584
3532
1382
5654
1962
1914
4297
2778
3950
8622
7239
3023
5937
1367
3624
4738
5304
8998
1063
6330
5647
8525
3845
4915
3072
4020
9968
6198
9065
7576
1880
5284
1237
6040
4880
7133
5243
8835
4495
6650
5394
2250
5239
9780
5719
2150
4953
9042
1425
5167
1823
5164
2047
1034
7004
3861
3648
2177
4347
1684
4865
2315
9184
9377
6293
8200
1873
7048
8929
1145
1352
4621
8241
2240
5564
3032
8541
5449
6276
2449
1357
5987
4044
4824
2246
9362
1474
6370
4138
5013
4650
6730
7844
5682
1400
4218
4186
3464
3772
5693
3857
8358
6513
6496
4454
6760
2375
4159
1606
5190
9484
4406
3434
7076
2542
3089
2724
7607
5881
8915
8964
4562
6410
5802
1014
2832
7208
9014
2306
4962
4553
4601
4163
5957
7475
7508
6230
5700
2625
6272
8501
6191
7778
4088
6980
1448
6643
1118
2210
7707
7751
9724
1490
7547
7974
6178
9732
4779
3724
5492
2109
3596
1198
4495
6820
5749
1913
9650
6703
2601
3011
2200
7559
7442
9503
2273
9908
7535
4137
5433
3791
2309
5712
3143
4985
8216
6351
9247
5099
9388
5474
9215
7338
8394
1631
1648
4814
3138
1785
3898
8321
2578
6253
7244
1560
3024
5192
3605
6233
3787
6051
6180
2063
6313
7524
1321
4721
6459
1292
3004
3159
5575
8344
7227
4819
5689
3726
7000
3177
6182
3836
1757
9074
7103
1283
3608
1130
3541
8790
7261
3128
6303
1888
2680
2477
2262
9202
3060
9718
6749
5307
9337
7026
4685
6891
1942
1194
5769
9227
3441
4947
3113
9839
9269
2561
1891
9946
1427
8159
8482
9570
6391
6091
5574
3919
8810
8349
9680
9636
3677
9104
6568
3988
5989
9348
8815
9409
1938
8652
3409
4368
5547
7512
2836
4998
6139
5943
5305
9415
9646
1136
5350
8401
2508
1370
2312
7878
6211
5223
8944
8624
9737
8940
2890
5880
5628
5459
1899
8514
7099
6642
4320
4343
1779
5736
6009
3489
1126
9567
1837
6975
2151
2873
2361
4947
6452
9569
9120
3096
8089
2545
6192
9547
2914
1646
4212
9556
2864
4889
2811
6991
3826
2957
9143
3210
3655
3198
5831
9169
7561
9965
6525
4253
1199
9756
3191
1134
1843
5540
1049
1251
2764
7908
5263
5050
1862
6355
5971
8577
2808
1938
9041
2952
4104
7024
6015
2684
9494
1370
8328
8536
1126
4013
6093
7704
3723
1621
3798
5184
2734
5536
3743
7171
2739
2673
7901
8981
8073
5109
2462
4339
3709
8295
6945
2228
1515
5179
2868
3977
2230
1445
3697
6574
6137
4631
5700
7116
3677
5028
2044
2598
1233
5614
2932
3049
7676
9919
6679
4186
4494
6021
6451
6190
6210
3621
4773
3394
1068
7733
3278
5778
4676
4326
6655
2693
7713
3539
9918
6907
4992
3532
1834
5511
4608
9931
3021
8611
6807
2273
1627
6719
2883
1205
6147
8643
1323
7484
1439
6387
4920
6759
2517
6296
9656
1011
5931
9335
1261
4405
2799
3921
4326
4340
1957
1968
7965
5110
3074
2583
2044
3292
3953
5198
8067
7508
2431
4475
3519
2773
1466
9358
6745
9745
9928
6007
5815
1790
9124
5247
1614
9692
9963
9891
4482
7340
8513
2382
3237
4803
1696
9363
5242
6431
3407
2741
1988
4307
6819
2043
1227
3883
4354
6080
1438
4148
1832
8314
6077
3888
4380
9848
6863
3928
4008
5108
6955
2077
9304
5777
4089
6978
4742
4622
6011
6773
8135
6523
9521
2316
1415
4668
2480
7845
5077
8986
8682
9278
2410
7672
5353
2384
1220
3796
1198
4314
1888
5059
6878
7394
7448
3510
4781
3529
3089
2040
5980
8908
3049
4387
6572
6052
8976
2830
8228
2991
1538
2421
2082
1497
7898
2258
4504
1140
4333
5883
3409
6247
5244
7046
1924
8477
9229
8197
2283
2723
8581
8573
1371
1130
5521
5484
2210
4376
2097
4230
1253
5698
4271
7733
9428
3575
2005
5866
4255
5311
7668
8691
3285
2071
8666
8191
6625
5399
1443
2938
9891
6400
4099
2868
8440
8211
2382
3523
3876
1038
3288
9060
4794
7633
4351
9550
7556
1180
5506
7511
1434
2805
4576
5114
2272
9943
9638
6146
2668
5107
8745
5052
8676
2631
4718
3483
4145
3163
5452
2379
5700
4651
5205
9544
2246
4743
9624
2054
5952
9708
3757
4619
2161
6095
9462
2915
5317
3532
4308
5783
8976
6270
4105
2578
2002
9876
4384
1868
9286
6287
6640
8324
5487
8797
4342
2366
4851
8116
7820
5288
2203
1175
1615
6331
9234
9046
8855
8463
1682
3830
4509
3362
2000
3877
2408
9723
5493
5318
6286
9749
3344
4502
3619
2093
4622
1756
2646
5507
8462
8264
1469
9850
5643
1797
2348
8560
4455
6668
4417
5004
7213
3399
3849
5921
1483
1202
9740
1387
5720
5265
2894
8860
4976
5932
6239
2639
6936
3461
5308
6250
5232
6382
4679
9499
7279
4139
8594
5220
7297
9724
5105
4110
3916
6431
2149
1481
5717
5324
1922
5621
2856
4566
3481
1075
5909
5010
1098
3622
5835
8630
6796
3252
7294
1311
6975
3753
4028
1069
3782
4414
7472
6450
5580
5555
4960
6767
9098
1123
5059
2123
5145
9652
7588
8376
1829
8933
6456
6621
6669
2244
3685
6241
1580
6602
3333
7609
6416
3067
9863
6379
5526
1658
7887
7371
4724
5438
9370
3678
7045
4514
5692
1596
3228
6111
5881
5037
6621
6418
4531
3026
3187
2209
7296
6100
3635
6636
3538
9097
8005
4799
1100
2036
7784
3354
3382
2369
4878
6533
4006
1896
3890
7852
5854
4819
6667
6118
3556
7027
6130
3904
9547
2667
3415
6718
3995
1033
5169
4402
5812
8727
7783
2647
5274
5801
4832
8474
8580
9765
2173
1667
3492
2797
2842
2878
2430
8871
3397
2281
8327
3793
5110
4637
2745
6188
9837
4583
5087
6966
2259
2632
6388
4178
5000
6609
3341
9784
9952
3822
7982
5538
5013
7433
6644
2240
8802
2735
8973
3493
4772
3748
6107
5142
7739
3583
3281
9882
2035
6867
3877
4926
2610
3994
8736
7492
1249
7536
1662
2823
3606
1808
4644
2464
7788
1994
8584
8723
2761
2110
3812
8479
8433
9161
1664
5343
4871
7636
9535
4613
6283
2555
4193
8545
2732
9531
7791
7577
8355
5375
4111
2242
6705
8430
3426
9717
3314
9291
3217
7292
7534
8235
1373
6175
8880
6649
1968
9880
5423
4003
2639
5156
2112
3753
8439
4991
2274
1874
4889
2800
4139
7968
7410
6462
9010
3838
4658
6271
3843
3091
2654
7777
4879
8666
3948
1723
6349
1407
3243
4211
2286
2627
5719
9162
9040
2755
7522
2888
5925
7545
5378
1533
7785
5280
9629
5372
3380
5432
9083
6736
8470
3992
1007
5563
4423
4633
6214
6038
7198
9941
7923
8067
6543
8203
4922
9835
7608
4611
1516
2053
3732
2273
1053
6731
8896
9609
9752
4010
5655
2835
7351
8815
5050
6272
8134
1697
2958
4514
6426
3660
3724
4373
3170
2738
4952
3860
6124
8519
5489
6795
8205
9890
8307
1751
9234
4168
4960
1876
4730
6264
6238
6761
5346
4652
3547
1483
2796
4915
9073
2492
2911
4959
5596
4266
2135
9225
4011
4292
9748
1667
2672
6652
1862
9470
3445
9216
9777
3797
7247
3541
2026
8530
6195
6495
6089
8229
9746
7814
5994
3095
3463
3362
2523
1183
5369
1952
1609
5551
6420
1951
9195
2319
4604
9684
4701
9565
3657
3962
4913
5132
6361
5019
1869
8533
9083
5181
4202
1313
8726
8793
3125
6568
6193
4756
8371
4386
9685
2576
7376
8917
4494
7413
6265
4615
7628
3132
9185
5445
5602
1087
9397
8268
5364
8122
5331
2938
7716
5902
8969
5864
3677
4875
4613
2945
4938
5978
6362
7628
4993
4137
7975
3705
3150
5314
3924
6919
5482
9126
7707
2837
7170
1187
1913
4448
1793
8676
7010
5588
2694
4934
1881
2646
2240
7905
5562
3900
8157
7947
4152
3939
2673
2943
5820
9187
8489
7460
9891
9584
6324
3452
4911
1454
2545
3436
9373
4396
7278
4591
7903
2126
4216
4867
1424
8019
7429
5054
1385
6122
7214
9375
4612
4895
5199
2450
6889
1051
2773
1024
5554
3968
4389
1098
4885
6617
4816
2528
2215
6584
2919
4689
1929
1725
5141
1535
4832
9772
3478
5641
6683
6334
9894
7379
1614
7719
1275
9292
3758
4638
8459
9432
1561
1606
1703
1274
3483
5872
1619
2066
6984
3358
1892
3423
9515
8687
2558
2227
3260
3420
7677
7062
4106
3079
5002
4924
2086
4706
7145
1230
5970
3322
4008
7117
2436
9586
7034
9770
2151
8993
8063
6565
3773
1602
6643
2973
2144
1134
7218
9221
1795
8569
3355
9788
8288
3086
9998
9706
5280
6612
4420
3759
9245
8043
9871
7304
3279
3110
2180
9406
4996
4750
1730
6727
3896
8913
6236
3748
4284
5874
1386
9352
3690
6885
3476
4257
3386
3810
4803
3000
6534
3512
1088
7893
4536
1268
6239
2065
6519
4946
8793
4734
9600
4338
6741
9464
3806
3308
3749
8829
3368
9534
1909
3539
5051
2847
2510
4525
9471
2963
1819
7581
2923
7478
6790
3821
7310
5660
6633
2150
9425
3929
2519
5612
2217
2401
2956
9350
8009
6494
1980
2904
1597
9942
7043
1684
8475
6273
8180
6178
3660
1037
9895
3266
1489
4701
6365
2772
3180
5274
9531
4784
8886
7429
2419
5597
5691
5154
4556
7039
8182
8225
5531
4128
7670
5057
8020
3374
1526
3394
8844
2435
1251
9440
5620
7095
5214
1108
1338
1384
2858
8537
5396
2686
7189
4949
8969
1648
5478
4383
7640
7871
9361
4053
1279
4710
2352
4809
2663
8395
6611
9026
6338
6818
3001
6271
2822
8128
9069
8772
4738
2776
4840
5016
9385
8006
4999
9988
6169
4831
2253
5978
1325
3020
6564
2868
8648
4193
7208
2970
3480
6944
8382
8476
6245
9397
8351
2269
3361
4954
4461
7226
4773
9213
4514
3757
8924
5822
7155
1564
1495
3435
6570
2130
2265
7673
3606
5252
5178
5534
1936
9212
1961
8846
4300
9674
7275
5625
4988
6732
5170
4267
4197
2507
6394
4810
4774
9296
1971
3635
9328
3437
2921
8321
5278
3545
6447
9803
4336
6785
4500
6540
8042
2238
2509
2633
8102
6744
8228
8338
9525
6568
3368
1639
1103
8875
4773
1446
7792
1050
9135
3269
9757
7151
3673
3928
2333
9849
2354
2725
5233
9446
4014
6084
5257
9064
6763
4461
4535
7495
2630
1046
2869
9154
9817
8385
8221
4047
2659
5566
3780
5983
1576
4970
3685
6253
1785
5427
6802
8922
6954
9984
6803
3985
3251
2464
3406
9185
7201
4238
5960
6736
9901
5187
1332
3973
3348
4687
2818
6495
7942
2213
4821
6345
1744
4166
1506
2319
2199
8161
8531
6149
8070
5764
6701
4051
4678
2209
1974
7962
3749
5271
8284
4911
5878
8680
5943
1567
4066
2364
6849
2647
6583
4148
4518
1664
2996
6425
3816
7460
3277
3074
5478
2815
8292
5352
7066
6550
3174
5136
2975
8172
4771
3824
4265
5531
8309
3548
8373
2567
4683
4026
2419
2958
6340
3331
6758
4497
4895
6450
3028
1018
5546
6191
8775
3477
4741
8192
1071
8152
5619
9187
2352
9442
1056
4221
3207
4384
4367
9023
4075
5407
4750
5126
1370
5203
4647
8203
9740
9506
4881
9527
3915
3379
5899
8557
6161
9647
2012
2904
8972
9808
1445
6628
1960
2784
4650
6544
7376
6780
9709
9151
3842
3562
7129
2917
7283
2834
8604
7791
1398
3154
2468
9659
1587
2797
6587
1288
7904
9509
5995
6862
2461
1671
1266
4865
5922
5834
8971
2432
8818
3809
4239
1950
5462
5419
2570
7317
4045
6670
9247
2064
2442
2925
2431
8646
1228
6383
1445
1066
4895
2438
4577
5451
8571
4215
9132
2041
8988
6588
5434
2579
8501
3235
1930
3129
1456
9297
7119
2436
9289
1213
9074
7061
2355
6479
7371
4420
9623
5515
5280
2027
7223
4954
1465
4334
4087
5904
6377
1882
1701
1995
7261
7730
7199
4908
8283
3781
3349
5592
5277
8581
6112
1808
5510
9120
6276
6455
4662
4655
7490
4583
3287
8716
2268
2425
7234
6151
4563
1003
6984
4507
8554
2584
5051
7129
1884
3285
6358
3945
3115
5692
7535
8642
2733
6555
4380
4376
4073
5938
7994
2341
7793
9000
9575
8544
8012
9357
2041
1193
6421
7498
9724
3103
2184
4589
7268
2033
4299
2535
3880
6425
2339
1427
7852
8050
7983
1334
1067
2490
2075
1594
4311
9436
1204
2025
3289
9461
4938
6613
2062
8589
5050
1997
5382
6153
4449
8922
9835
1844
4468
7249
1924
6744
6139
1987
4031
7031
9624
1491
4870
8573
6344
6033
1821
4938
1676
5834
9896
6943
7158
6572
2585
2105
5843
7688
5108
1506
2411
8448
4276
8187
4592
2344
1044
1275
4144
2849
1928
6001
5803
2925
3599
1662
2323
6343
6697
7622
5326
6933
3153
5067
1404
3052
5511
1589
8409
4947
2715
3794
3044
4747
7556
6275
9325
7243
5325
5175
2670
3250
1681
6566
5696
6024
4088
1710
8942
8048
5996
3322
9306
4317
6631
1740
6371
7845
1993
6621
3410
5097
4812
1328
2112
1650
7334
8388
6084
3113
5956
6085
6704
2838
6116
3582
6267
2813
8676
5120
1825
7856
7388
9953
8962
3463
7085
3712
6714
3889
2013
6234
2708
1008
9906
8027
5350
6007
5047
3293
2160
9691
5980
4159
4743
2586
6033
4682
3083
4646
2646
6590
6375
8964
8730
4056
9003
9422
5534
6402
3894
5105
2511
1394
2976
7577
1003
3082
2871
4992
4732
6259
6157
9988
5603
3873
5674
7086
7312
4060
3218
3531
1859
8544
9227
9438
5429
2861
8716
6892
7816
9728
1852
8971
5299
5543
8673
9715
6706
2447
5611
6231
5301
6533
4596
1726
2835
2490
3882
3367
3620
3633
5413
4341
7139
7528
4836
2473
5189
9926
3716
6465
2505
9383
1559
9900
3766
7694
7545
1500
5788
6403
2383
2258
1314
5840
3374
8974
3910
1553
7564
4435
9995
2761
2352
4282
5476
7487
3045
1192
1938
3091
1179
2940
8465
4010
8869
1778
5113
3223
6100
9391
2211
4630
9897
8336
1272
4216
5268
4487
3294
5916
4543
2424
7929
6996
9240
5561
4495
8809
2456
1714
4137
8689
3535
6473
3726
5712
1480
2424
4697
5373
2032
8865
8699
5041
7228
3670
5991
1000
5673
8421
8778
5893
2289
5857
4853
9796
5415
4493
5595
6396
5998
3107
4086
2994
1376
7703
4844
9334
1455
3775
3600
8719
8038
2006
3027
6665
3683
3996
4090
2778
3266
4566
2633
1269
1441
5357
5622
5980
6532
7620
1292
7598
8274
2219
4519
6182
4615
9743
4340
2572
6980
6050
5733
3943
4685
4916
6359
2406
9094
1972
2106
9123
1327
1106
1016
9337
9671
2860
1172
5233
2107
3039
7908
3670
6096
4272
3892
4757
1034
2823
8177
2384
5480
7312
8265
3901
5180
7109
9122
1721
7840
9010
4240
9011
2898
4856
3174
2994
4941
3223
5834
7831
6739
8264
7435
2524
5078
1303
2572
6743
9058
9187
3420
8249
9231
5351
7901
5179
8716
5037
3437
4624
8475
2474
2832
2045
7991
6124
6223
8547
5736
1345
6519
4265
5043
5868
2012
6157
2885
7794
7888
2190
8500
8179
5377
4008
1626
7975
7340
3228
4197
6305
5779
8614
7758
3108
5667
5220
5474
6757
1519
7001
2043
5816
8411
2912
8095
9392
8193
4949
3034
3967
3820
5200
2875
4471
9508
2295
5264
2402
8820
1310
4255
1621
8209
3172
7410
4619
3232
4733
6536
4174
5461
3144
6025
3175
6122
3637
6102
4906
1450
5938
9273
3659
1659
3939
7573
5086
6831
6309
9780
1745
4553
5531
9849
5714
8771
4784
1251
8444
8754
4348
7491
9243
1352
7832
9296
7598
4507
1712
9690
2258
2123
2017
1541
9213
2430
3123
2581
5521
8586
9363
3844
1711
3050
8142
4556
2991
5621
2226
7825
5663
3392
1731
2343
2953
1106
1757
2589
4854
9859
4958
2487
3595
9710
4635
6062
8116
5440
9331
3155
1546
2476
6117
9493
5095
4254
3826
4754
3955
5964
1356
1430
3297
6896
8286
6085
8990
4142
2803
2424
1063
3529
8114
7853
5359
2303
5935
8731
6671
7364
6064
8254
5709
8863
4762
9318
3636
2398
6012
8668
3432
4724
6359
1698
7642
4548
6222
3785
8600
6246
6173
4987
8785
5598
5633
8017
6376
8650
8808
9470
7002
5827
6014
1963
8657
1964
8022
6601
3882
4108
5284
4484
1575
5968
2047
4357
7772
4576
6650
6309
3960
5232
1206
2884
1224
9208
6246
1564
4651
7046
5261
4026
3610
7849
2888
7307
8483
5233
3074
6196
6588
6541
2738
1339
1883
6157
4040
9291
5166
2162
6978
7638
4820
1942
7611
2109
1275
6977
1763
9835
3216
4097
3959
7737
2609
5516
3411
5093
8810
8845
9884
2269
1344
5729
7420
9713
7144
5558
8757
6377
3869
1764
7639
6564
8665
7386
1243
7248
9669
2851
9928
9240
5481
7087
7765
7372
6765
8597
2859
6565
5512
8594
1188
6926
9744
2263
3094
4459
9910
5841
3169
3236
3004
1531
4654
7198
4410
9135
1466
2797
8763
6132
7274
7707
8450
6107
4782
8492
2848
7812
6715
8236
3506
5122
1198
2388
7971
6515
2667
5524
9533
9452
1995
3367
2831
6596
9707
3010
1981
4890
2071
5750
8861
4965
9744
3399
5801
6820
5890
2422
4757
1739
8193
4392
5931
6775
9548
6334
1041
3363
6357
5784
5436
4345
9261
8385
1434
1464
1072
9132
8586
2876
4706
9511
8629
5763
3792
3202
3686
2927
5964
6984
6283
1936
3909
1728
8761
5043
5812
6507
8251
9643
5247
7215
5893
5699
8091
8861
9367
4272
9967
6786
9049
5359
7345
7828
5584
2409
6309
3430
7045
6316
5226
7528
2444
2966
1539
2430
6059
2063
1555
8925
5156
6357
6438
9215
3101
5721
1661
1943
8194
5280
2314
9645
1887
1085
4722
8530
8496
1182
1846
8785
3031
7665
1298
8943
8399
3341
7901
1109
4628
9015
1148
5546
4741
4436
3930
3960
7935
8402
1012
3229
7137
8285
2499
1512
4338
3683
6220
6185
8778
1874
5473
9365
3546
8683
4080
3593
1472
3873
4519
8861
3181
3703
1948
9781
5363
4777
7323
9131
1882
9350
7852
7709
4657
8269
2023
4807
5414
1872
9869
1537
3293
2739
3727
4889
4134
5698
5294
8914
7526
4620
5467
8339
9530
8361
1186
5193
3302
2152
1637
8844
7322
5623
3379
6830
2611
6380
7909
1186
8646
4730
9048
5343
4379
6605
6246
7884
9730
1305
1694
8307
4181
4975
3712
5316
8170
7424
2634
5276
2924
2940
2442
6179
2019
4085
7944
6297
2728
5254
6602
1255
3552
2512
5560
7707
1081
8348
6118
5482
6003
1634
7611
8070
3990
3268
7896
7377
6659
4398
7697
7210
9216
5552
8770
7590
9443
6551
5560
3560
9701
1567
8003
5977
2532
9621
8377
9873
1343
2275
6188
2080
8715
5345
5415
3189
3304
4591
6683
5190
3699
4649
1400
1769
7095
2454
9208
8081
1883
8311
1334
3067
8829
1183
6404
4365
5244
4885
3384
6788
4471
1545
9290
3382
4230
1787
7742
3395
3399
1656
8832
3557
3652
2353
7494
4052
7699
9659
7452
5486
4333
1620
7990
9255
3590
7137
2661
6194
3580
2536
9316
9630
1095
9624
4556
9446
8403
8344
3040
1827
5023
9599
4216
6625
3387
9271
2438
9331
1235
5080
2842
5394
5870
8083
1644
5351
8127
8730
6015
5219
6662
1329
3645
7803
2066
7954
3391
4294
8215
4140
1280
8952
3652
7853
3113
2837
3837
4974
1414
6046
2359
9051
1022
2359
2797
7130
6584
3053
4146
3408
2516
7376
9431
4010
7808
3570
6442
8373
8378
4394
9371
8578
3275
2707
3339
3285
2886
4864
1463
2455
3489
3778
3119
4526
7468
7837
7885
6801
2144
8261
2034
1154
2171
4004
5074
2899
4790
3558
3240
2890
9018
8998
1190
9923
3174
7358
2163
3175
3021
6024
6287
8630
4517
5586
3694
7397
7893
3999
5539
1465
8981
7694
1290
6790
2848
1967
8284
1720
9973
7293
5441
1879
6871
1266
2059
4891
2562
5474
6720
3058
6303
6838
2420
5389
4387
4027
3316
2391
4733
5225
4062
1026
9584
4750
3535
6456
2481
7155
2128
6492
4281
9258
2287
4980
1238
3113
2263
2585
5031
4698
4381
4982
3986
9828
8592
1678
6805
1097
2300
2340
9463
1042
4762
5896
5028
1749
5103
7800
2478
6091
3712
3348
5019
3514
2914
2462
1260
5354
2347
5709
3077
3341
5862
5611
5630
4095
3278
7028
7422
9727
8933
9919
3672
3137
3692
7762
4467
5256
2265
6078
1066
2687
1173
4869
8320
4277
5514
8813
7501
9516
1770
7165
3759
7104
4063
2902
2792
3047
4117
4301
3031
9918
9224
3976
6548
7101
2659
3512
5664
3716
9708
1361
6010
8828
9584
6350
5809
2461
6556
6242
5398
7012
3544
4633
2341
3878
1239
1173
4353
1014
4441
2683
6136
5985
6564
3952
8234
6380
4374
9241
6957
7025
8855
7393
9227
2253
1126
8305
3772
2087
6827
1747
4433
8025
7868
3652
6309
2593
2259
2838
2680
9524
7826
4365
5197
2545
3347
8985
2972
8267
4097
4772
3031
5956
1815
1652
1215
8951
6927
5682
3771
3727
2085
5445
3594
2164
5572
5643
3528
2364
4574
2161
5168
5721
7138
5159
2633
3825
1048
7439
8538
4760
7533
5132
1584
5678
3952
6280
6555
8719
8679
4088
6470
4751
2639
4408
2435
3989
2182
7966
4799
4967
3794
2622
4822
6993
5008
1668
3227
3064
4330
2775
5620
6466
9766
3529
8850
2418
3122
9162
2888
2434
6179
4559
2530
6879
4567
6461
5988
2286
4131
1538
6047
5184
2477
1189
5420
5731
5822
4450
4971
4126
7467
3006
4739
5766
4801
1620
5086
3264
2742
1107
9751
1783
8423
1142
3444
2292
1104
9722
4338
6705
5286
3156
1313
7621
2157
5301
4709
4529
5125
7160
1668
8303
3328
1851
4485
4167
7223
1514
4358
9971
3028
1098
2494
2656
1402
2362
2327
6043
6056
8019
8135
9118
1594
2150
3454
7028
4130
2573
4119
9911
1744
3201
5650
4592
1961
9909
4896
1674
5265
1599
4045
2031
2316
3060
2053
4468
6152
2523
7047
5400
2999
8269
4531
9897
3525
3726
1598
2999
6611
2848
1974
3616
3583
2593
6321
4381
2816
4665
8002
6055
2983
5747
8526
9844
7578
1139
2513
6789
7321
5190
1938
9306
3906
5612
8797
8288
6997
2270
2104
5197
7976
3565
9395
5418
9423
8370
9251
2499
7948
9576
3923
1851
4300
3734
8337
4988
7525
1594
9367
8988
3871
7109
1948
6403
3895
4279
5702
1489
8969
8545
9262
5574
9899
8985
3113
2726
2415
6156
4566
5081
4642
2153
5280
5397
6591
1893
7901
5998
8337
4513
9498
3602
3757
7915
1870
1343
4945
1626
3769
4086
5385
1077
4404
1190
2264
5939
2786
1037
6952
4406
1081
9023
1279
6891
7588
4215
4634
2131
4326
8610
5007
4134
5725
8116
2007
3712
2672
5162
6363
9732
4280
5864
8197
2955
1389
4283
1946
3822
3046
6097
6305
3216
1007
2550
1794
7679
5502
1780
8849
2287
5117
2959
9011
1739
4807
1163
8763
1405
4201
2808
7247
1985
5428
8132
1322
6279
7357
8384
7719
4322
6878
2150
4090
8031
4150
2185
1173
4619
5275
8112
8237
7085
7973
5295
3385
7569
6442
3270
6273
3257
2151
8496
2426
8634
1696
6085
9640
1575
8093
8251
6246
5232
3956
1913
1619
1132
7005
2347
6924
2278
7756
9210
7781
6711
6576
2706
4273
3081
5142
2398
3309
5503
3484
1986
1344
3669
3488
2178
1047
4517
6296
2363
9333
2585
6890
9617
8260
7632
2830
8510
5825
4245
5038
6871
8109
2881
4713
8692
1085
1476
1592
4170
2019
9674
3617
8571
2286
3187
8846
5582
1734
9668
8394
3102
3673
7781
9714
5385
5685
4891
7877
3295
2892
6562
1178
8480
2942
3495
4843
8062
9345
9976
9110
3871
3597
7206
8924
8358
8489
6278
1432
5154
1952
1009
3536
3853
5754
8686
8794
7755
3923
1811
7901
4121
3226
9954
6185
5341
1508
1611
7578
1411
5338
3323
5495
1935
6097
3207
4366
8451
7086
5275
7213
1622
9354
9357
3612
7647
7439
3309
2561
7315
6480
5437
1094
4947
7312
5099
6488
4910
8643
6596
9464
3431
1889
4304
5607
8616
6190
5497
1753
1966
2166
1505
6209
5657
7397
8287
1430
1978
3814
9171
1315
1985
2237
1146
6579
9036
9965
9284
3726
4510
5605
6264
9508
6380
7829
5634
7844
9215
1694
5398
2716
3491
3652
1605
1088
7959
2479
2767
6154
2206
3238
6901
5090
8748
6134
4512
1730
3870
4707
5041
4732
1372
2929
4298
4382
9205
3006
1440
8367
3320
4728
7129
3322
6392
6137
6438
6638
1765
6674
9089
5848
6658
6044
2779
4378
3448
8370
9991
4270
7555
9447
1089
5989
4723
5641
5189
5627
9491
1774
3870
6460
2358
9415
1305
2860
2290
6625
9482
5745
5637
6946
7164
2084
6872
9030
1430
1803
6391
4946
3023
1640
2638
4890
2223
7650
2541
6743
2644
3723
3584
9425
7841
3016
7713
7670
8025
8418
8935
9149
8831
9324
8094
2912
1968
3203
6928
2953
8075
4714
9930
1078
6478
8382
2512
7710
8701
9644
3308
3563
3206
3449
9019
2943
6868
6306
9395
8662
7884
6949
6766
4296
2499
4325
1083
5113
5649
4606
4790
4539
9574
5318
5549
1289
1622
4924
5343
3877
2240
7682
6412
1854
3237
5438
2715
3647
2898
3518
5730
3721
1609
2438
9906
1080
9294
7797
8016
6770
6148
5326
6306
5494
5948
1384
9362
5428
5558
4123
2924
5316
8905
6628
5127
3896
2152
2119
8951
5655
9297
8998
4141
1781
9564
4493
2581
1390
7848
5081
2635
6993
6774
3110
6412
6832
8667
3459
8592
4474
6813
3747
1347
6852
3094
2831
1411
1523
4566
9177
9444
9751
8073
5051
1126
6024
9896
7743
7317
8119
1096
6429
9438
5287
8282
1689
9376
1861
1589
3015
1597
8077
3165
3662
6683
4747
2527
4642
2311
9042
4251
4475
1124
7895
5858
2689
2673
4070
8998
4183
7155
2617
2143
4838
5280
4838
8821
4161
7409
1164
9818
6717
1284
6027
2953
3916
1113
3572
7660
8181
2665
6578
7299
9233
7444
5263
9037
9200
8808
2641
2875
4373
1830
9579
3487
8578
2536
8634
8083
6239
3384
2588
7102
1576
4795
8154
7684
1820
6362
2961
2912
8552
7808
3749
6510
8388
1769
5271
5300
3167
3323
8988
4266
3417
6904
1899
1562
3565
4096
3044
5294
9911
7133
3317
5169
6751
3205
9561
8102
1159
7079
9828
6616
9291
4768
3489
5811
9038
1630
3724
6644
8849
8966
4349
9977
9484
5300
6339
1846
5418
1537
6714
2704
5825
1118
5777
6779
1469
5598
4759
6142
1516
3903
1765
8144
9566
4600
3557
5451
3519
7447
6442
7795
4464
6512
7844
1730
2252
4215
8066
8324
2342
5554
3246
4251
9149
1604
6144
1688
6419
2078
8396
6660
1161
5782
5238
3639
3331
1357
9416
5278
4317
1411
8026
1205
8387
4757
9036
6065
4186
1906
3387
4324
6075
6078
7990
5397
4731
4159
4116
9935
3827
1947
7777
5855
2952
1454
7875
6313
9532
3264
4953
9355
8456
1171
1101
9499
3081
2334
1569
1341
2209
4728
7480
5408
4259
8889
5560
3964
3321
3383
1423
3051
8493
9971
2085
2663
4144
6545
5769
7663
2275
3441
4320
6516
2681
8234
8295
4601
3239
4140
5851
8349
3992
8547
4507
5279
7804
6924
2868
1247
5208
2991
2784
4589
8250
4142
3263
5179
5447
2767
8266
3127
7193
3915
1854
4284
5870
1195
3147
8227
5997
1529
7996
2214
2348
2586
6747
1581
5138
4085
6672
3928
8708
6503
3776
7082
7223
3933
1812
2741
2112
8454
4430
4316
3471
3523
2721
4053
6229
3252
2619
5299
8522
1870
5795
2186
8282
3443
6663
3250
5434
2878
5593
6423
8254
6312
6460
5045
8010
5916
9751
9957
7982
7314
3582
2513
9245
3406
3592
3041
2066
4818
3971
2523
6400
3518
6898
8848
1051
1025
1881
8031
3010
9177
3878
2914
6442
7495
1898
8331
7382
5808
7223
5977
1203
9223
3437
3090
2407
6148
3706
7549
2217
1802
9981
6765
7835
5743
5967
4701
3669
2210
2717
1654
9148
4893
4649
2450
2721
6517
6918
6010
1807
5169
2793
6721
4622
9536
4901
2446
6383
5267
3801
6224
3477
3192
3126
3635
9306
5073
5524
3877
4424
4064
5478
3705
1117
8530
2738
4313
5217
3150
9707
7456
6945
3570
4561
9629
4394
2810
5870
9638
1917
3031
3128
5736
3465
4814
6290
8106
6601
4652
6622
3750
9734
1780
3341
9591
1869
5544
6693
4174
9381
6135
9732
4567
6611
9027
2249
5039
5996
1859
2718
8451
9657
9853
4591
7935
4749
2200
5619
9769
1408
2984
2973
5976
4454
7553
2031
6027
6397
6554
1198
4776
5063
1675
4850
5156
3885
4139
2504
4088
3491
1915
5716
4880
5172
7462
5633
3808
5113
7366
4196
1480
1457
5805
1140
7071
5935
4236
3770
5131
5232
1073
1920
7744
3763
5344
8134
7386
5539
5941
8387
1201
9348
5730
2559
6239
5537
2285
4116
9489
2643
4811
4558
4390
6501
6120
1414
7162
3444
1686
9560
5308
1686
8634
1556
2611
2290
7915
6524
4743
5970
1021
1114
8105
5698
4473
3218
2309
1161
5941
8671
4525
6482
1003
2109
2911
9634
5251
3171
3828
6716
7616
4644
4132
5672
5293
7655
5593
4221
4689
9525
7442
8689
8548
8372
9517
4574
8030
6545
4118
4377
5614
2698
3400
5030
7900
4596
7004
3006
3740
5043
1051
2658
8922
4786
7685
6552
3935
8697
5264
7106
3833
7526
3719
4746
4441
4268
4848
3491
4411
2247
7942
5105
5522
4849
9580
9566
1289
3502
1605
4124
2130
8241
3297
5894
3597
5112
2543
4906
5601
8733
6543
1319
2421
2692
5848
4268
9709
2839
3782
5924
3424
5064
4688
3127
5692
2423
4580
9042
8792
4325
6364
5408
6561
6744
1829
1560
4215
6142
2881
9704
2165
4427
6921
9201
4092
6183
8762
6890
4066
3392
9575
5881
2684
2649
3439
7639
3545
6192
8348
7978
7659
6256
5413
1073
7939
3043
2587
1554
7620
9822
8345
8461
3124
3550
1816
7529
5455
6906
5630
6112
5347
3969
1929
6594
6225
6479
8028
4414
5063
7535
3631
1156
6535
4192
4176
8721
3530
6540
4189
2683
6443
5007
5145
7646
2619
4094
4145
5780
1978
4096
1331
8303
2466
7193
4408
5875
5204
4077
8919
9682
2306
2489
6389
6215
3506
2349
4403
1011
4736
4202
4229
5989
1917
4890
3661
9948
8775
1607
3194
8379
8431
1305
4528
1938
9783
2988
4245
5632
4554
3045
9690
6194
3278
5997
6212
6746
1837
6000
3994
7756
4395
4555
2864
7662
2169
4241
2940
8131
7698
5718
3830
2829
9129
8993
4108
1388
7806
3666
1932
2726
1495
5857
5149
7806
9904
9922
4058
3049
8633
2536
5511
3814
6299
9633
8149
9629
1464
4043
4717
4119
9007
8260
3554
9018
3220
1286
2105
5246
8301
6232
5954
8851
2834
3613
7740
4511
8080
6654
6088
3130
4142
9117
4613
1435
9037
1643
9463
2557
6378
8939
2736
1948
1039
2206
8335
2093
8105
4523
7354
7725
3105
9072
9689
3674
4848
7075
5733
9882
4416
6999
2232
7934
5896
7395
2621
8863
2850
5967
7592
7137
5169
4701
9467
5429
5692
5537
3082
7393
1580
1605
9628
7080
9485
9581
7248
4076
6432
7533
3836
7970
9976
4218
5082
4249
1094
3739
7535
2604
5598
3010
3268
8803
4103
1048
7260
5668
9274
1062
9376
2422
8464
9424
5945
8297
6315
9019
9060
5701
2901
8731
6209
8217
4651
7893
6580
2577
4771
2356
3529
8471
4831
1709
1461
7591
2284
9508
3830
7428
5145
6799
5509
1261
5121
5338
1454
7619
5502
3903
4390
5986
6625
6785
8759
8942
5102
6399
4877
5541
2563
3829
5977
5951
8348
2080
8444
8494
8062
6995
7339
6352
8197
9085
1656
3479
2114
3264
5499
3803
3283
5173
1608
4075
5039
1884
4247
2582
7737
1408
1916
5340
8618
3913
3794
4561
5267
7278
8303
3540
6831
1232
1225
3442
6053
1188
2043
7342
3255
1002
7580
8645
7247
6271
4932
6520
9045
8138
6415
6253
4852
2712
2367
4992
5261
2074
5584
2191
3629
3762
2874
2161
1448
7924
1297
4563
3517
3191
7547
9559
6897
3429
2891
8727
3398
3384
9133
1208
9630
5063
3420
6354
5936
4070
1653
5210
4329
6978
3810
7396
5315
1611
3061
7093
2972
5432
5542
3896
2405
7314
2079
6870
8258
9167
4706
1876
5578
1670
5575
4854
6031
5702
7733
5365
2242
7184
6620
5154
2317
2161
2946
7712
3631
2063
8517
3803
8578
1899
2406
1617
3881
8513
1424
9177
1225
6141
7050
7419
3723
2155
1523
9020
4185
5563
2990
5369
1639
6741
2173
4747
9607
4904
9530
2935
3419
7521
1335
6254
8381
4637
3336
6696
8528
6869
6395
8109
1751
3337
1705
3935
6480
4850
7049
3098
8661
5100
7095
9948
3804
6942
3755
9814
6688
4141
1095
8651
9241
9783
1542
2589
5966
1191
9385
6420
8505
1756
7712
6015
8440
8545
5257
9188
5641
3030
2417
8779
9166
7108
4994
1119
4364
7386
7524
3167
5024
3963
8025
1309
1430
8201
4776
6737
2767
5707
4235
6116
6561
5425
4176
2008
2997
8738
6349
2316
4916
9069
9076
3421
8646
7572
3216
4872
9277
8330
1409
7739
8196
5866
8296
9308
8571
1545
2722
7409
2054
3842
3540
1823
1757
2776
4420
3669
4062
7934
4033
5114
2692
1228
8234
7234
6746
1422
8130
4888
2981
4109
6755
6509
4543
3545
5647
6144
4342
9875
3692
5188
3194
3386
1263
7989
4254
1264
5024
1496
3565
6612
1608
9533
6096
1313
9954
3793
5834
1090
8883
9921
6009
4388
2865
9093
1624
8769
4728
5689
3671
8728
9816
4024
4644
4586
4162
5357
5526
8251
1287
3493
4062
7330
5692
1774
8329
3134
6555
2842
7060
2374
4615
3913
9506
3572
5839
1479
2274
8239
6233
3587
9977
9968
5872
3449
5605
8624
5582
6268
1175
6741
9440
2318
1435
3013
3514
9885
3158
3782
4068
2742
6669
5987
6435
9154
9379
6052
6472
2727
2569
1089
9156
8334
7207
8574
7506
7516
3558
7511
6575
5895
4657
4328
2544
6094
8861
5008
5373
6217
5075
7638
4326
6259
2884
4310
9643
6768
9864
8349
6299
1214
1697
2765
7253
8374
1009
6489
6603
8798
4149
1493
7496
2228
3590
3459
6853
1548
4696
8995
2895
7468
1240
6617
1797
7665
7480
4834
4322
9182
7173
9068
9805
8173
8248
6124
3541
9194
1459
8210
4374
8379
8919
5674
8296
4309
8278
4574
3032
2212
8647
9892
3272
5536
1232
4592
6623
5545
1537
1747
5265
9348
8391
8945
3667
6751
5953
4942
2714
3681
2609
5586
1669
2185
9651
3443
4702
6069
2693
8156
5954
1116
3213
1431
9726
7125
5360
8922
6135
7870
6595
4441
7420
7090
7713
9924
9389
9939
9731
9970
1786
5884
1041
7961
6709
7910
5560
8685
2201
1859
9320
1699
7816
4053
5749
4060
6508
4110
1262
9607
8478
4964
9274
2799
4604
9591
5890
5764
2942
9591
4182
3833
3868
5806
5220
3290
6703
3628
3045
9532
7122
3432
2084
4291
8577
6204
4171
1574
3092
4432
1877
9163
5783
8617
4991
1061
3577
8399
4751
7586
7333
4969
6820
4803
7880
2876
9042
9593
1027
5797
6747
9775
7260
6468
9336
5016
4326
8500
4372
1743
7470
2628
6350
3450
9340
2978
5605
2976
3464
5440
9332
4334
7810
6629
5200
5726
6724
9690
8733
5932
8365
9323
4401
4817
8077
3629
4143
8317
6327
9161
2373
2949
9079
3343
9771
5899
3218
3208
5383
9499
9224
3357
7058
2798
3505
1964
5488
8488
8693
7512
1965
8140
8177
8047
4003
6849
2094
3660
1586
4848
2619
7367
5088
5187
6993
2619
1673
6036
1383
4282
6724
4159
3991
3366
5528
7304
8507
3400
7877
3048
6280
8390
5108
3596
9825
2670
2798
4587
1764
2670
5113
8419
2592
1362
8843
2496
9836
5026
9127
8988
5683
6541
4196
2689
1516
8321
1449
4028
4566
6165
7846
2322
9246
7811
1266
6759
5721
5402
2910
9976
6227
8254
8257
1352
2486
7283
2632
5201
5582
4405
3288
2977
2506
4202
2748
1647
3858
6667
3650
8565
8719
4548
7423
3935
2503
6531
9621
8631
1548
6165
1565
1384
2146
3228
6274
5563
3318
4730
6837
5811
5251
2299
4961
6795
6225
2402
3368
1338
6658
8489
2760
8631
5448
3968
9843
4975
2128
7838
4326
9608
3772
4316
6466
2150
3193
2684
1653
3522
7355
9823
3848
8921
5413
2096
6499
4900
6784
5425
7418
3460
8146
9108
5902
2212
1239
3109
4157
4087
5747
9364
1506
9261
8283
3639
3569
3236
6587
7752
1845
8306
2153
3135
4288
1324
8708
3024
9607
3129
2426
3400
6671
9710
4279
9564
1574
7643
2064
2718
5542
1773
4628
5356
4059
8596
9263
9878
7510
4255
1563
6249
7277
5059
3672
3523
2955
9385
3415
4305
1748
5970
2242
5042
3431
2420
3557
2270
9093
8370
2716
4199
5154
5540
4948
2566
9554
7086
3472
6253
5745
6487
6259
5893
6693
1665
6245
4585
6495
1892
9832
7620
2609
1742
8600
6113
1318
8515
1812
8616
6192
4773
2504
9711
7927
4171
6384
4098
2283
9754
6998
6473
8931
2763
2575
8255
2005
1601
7127
3583
5480
7484
2938
1091
6965
6302
3320
9281
8862
8840
7137
3741
5159
4034
2552
6346
5394
1771
3405
1833
1078
9814
9809
8695
2672
7442
7889
1878
7590
3631
4579
4749
6793
4331
2703
8683
1807
9081
2471
4193
2150
6045
7233
5458
8977
3647
5094
4942
1367
2048
8177
5636
8544
1247
9634
3808
2090
5118
2383
5220
3518
4257
5901
5724
1266
1378
1836
6705
3579
6085
6181
1390
3050
8306
7409
9464
4334
2634
4920
5617
8621
6016
4939
6933
4789
7674
1613
3178
4622
7858
2607
2611
1310
2329
9064
7447
4409
9054
1367
5851
4907
8672
2161
6919
6368
4048
8383
5360
3212
5073
6278
1486
9619
8875
7227
6326
7012
9173
6884
1492
3701
5522
6757
3329
9259
9114
2988
8407
8546
3121
3567
3030
8169
1771
7343
8614
7353
9482
3885
7710
1108
1018
2300
9993
6015
6704
4936
7105
9205
6244
7057
5848
4071
2827
3054
9748
2680
1171
8057
5174
7028
4441
1313
5108
3398
3516
6186
9326
9237
9011
9641
8856
2400
4214
9633
9847
3867
3955
5385
8343
9267
6283
3071
7625
8651
2079
7162
7679
5232
4286
2767
5841
4106
8859
5227
3746
4457
4344
2844
1233
3457
8710
7638
3383
6863
1133
4633
2122
1973
9868
3698
4937
5687
5120
5569
1009
4885
9851
3343
1543
1726
6151
9352
3844
6224
6650
8099
3653
1325
4851
2014
4612
4920
2311
7076
7637
5517
6758
3012
6010
5916
6548
2168
8998
1934
5576
6816
3626
3939
6098
4323
8933
6383
4311
3290
5544
6282
3849
4679
1513
3198
2820
7850
8711
3132
1061
1790
3462
9567
9762
6968
1608
5231
8014
7155
1079
5570
2373
8101
5428
6673
5325
4095
1023
2514
2190
9934
6305
9438
4175
7326
5451
5905
8789
9462
4501
8145
8977
1334
2495
3544
8475
6751
3847
3891
5238
6321
2269
1137
4677
5568
4586
3377
6408
2519
4928
3661
2580
8570
8369
2010
7011
7543
8837
3539
6200
9145
8168
1333
4184
2612
8348
1816
5533
8306
5002
2050
1178
2485
5548
1743
4557
4433
6125
4536
1468
3193
6252
7493
7935
9026
2042
6935
3721
6582
2576
7570
2782
3776
9753
8170
6028
2311
3438
2729
4700
5617
4223
7687
7255
1232
1833
8211
4054
9429
2529
1608
4866
8920
7216
2924
6901
3543
5619
4014
9349
6139
7616
2163
1121
3367
3954
9164
9499
1712
7639
3031
5503
4191
7378
5040
9057
3174
6265
2344
4201
7426
1112
2810
5870
2839
9159
4377
5110
4015
7309
6183
3522
3444
4048
8407
5124
9318
1462
1261
4271
5082
1473
5926
6704
3910
2152
4400
4566
4798
2198
3991
5791
5972
8233
2407
3133
3599
4722
3056
1969
5501
6132
5454
6195
8024
6349
3298
8335
2535
9191
1234
9068
9718
8634
3583
1766
5778
3994
7535
2582
8677
4590
3751
8457
2065
1087
7975
8414
9332
8477
4448
5478
1475
9591
5142
6734
8641
4443
1494
7766
5359
6667
3355
1701
2567
4889
5473
5550
8839
7993
4746
7362
3701
1130
4740
5987
1621
1704
2068
7484
2979
1836
4354
6840
8278
6531
3897
1709
2390
7921
2493
4846
3596
7171
3742
6343
1014
2904
9029
8965
6350
7603
2117
4620
8741
5457
8871
4913
8258
6641
9739
6266
4096
8150
9765
4026
2689
3154
8183
6628
5553
8513
2611
1595
3057
6677
9619
4092
5182
1487
9692
1705
6031
4897
6794
3681
5952
1817
3960
8558
5270
2465
5053
1273
4699
3487
8284
2310
5872
3263
5760
4070
1894
2594
4144
2275
6296
1551
3587
5964
2711
3357
4324
4670
9062
2208
1726
4633
3929
5613
3716
3652
4252
5666
2717
6900
9580
6112
2678
4341
9024
9270
1463
4459
5980
1592
8596
5093
7236
8560
4477
1003
6613
8606
9434
6961
7413
3257
4251
5215
7039
7606
8776
2596
5695
2934
3190
1088
6448
2365
7668
3285
6242
7843
2943
3168
7708
1057
6369
5372
6200
4557
1431
1589
1539
5873
7154
5612
5645
9283
2741
6616
2253
2979
7987
2418
6695
5425
8153
1156
8351
2548
6319
3217
5599
1819
6997
5239
6417
1470
2874
4805
3250
3484
8573
3362
8820
5239
5531
3502
3930
7141
9787
5703
8831
6624
2181
7494
2203
8743
5753
7976
5046
3477
3255
6616
4635
2901
1026
6299
8905
4363
6527
1839
9346
1792
5248
8566
5800
5285
1306
9500
3473
8878
8266
8257
5229
9895
4174
8894
6311
8990
2099
8373
6443
4942
2749
9614
6802
1722
2286
4681
9467
2689
6732
7678
3338
1087
5543
3153
5614
6391
6681
5768
6617
8114
4196
7495
6057
3761
9435
7568
7376
1427
1290
2820
8167
9162
9744
5089
2999
2712
2542
8953
9883
8381
5927
5498
9231
4519
3376
2170
9963
7621
9467
2534
1835
6587
4390
5127
6724
1849
7289
5687
4460
8315
3864
9607
5142
2722
3812
5117
4599
2149
5159
4636
5083
1969
3885
3903
9013
2757
1368
5196
2020
7889
9577
4611
9056
4942
7595
1039
6634
5701
1787
6553
4838
1900
4889
1087
4380
9177
1620
5681
3006
2915
1389
1440
8916
1575
9510
6929
9861
3111
5910
4507
2265
5814
6294
5675
3043
7682
2161
5660
9823
4345
7601
2782
6065
4422
6835
2205
5863
8855
7971
4906
5135
3163
9149
8642
4817
2494
5980
4080
3808
8767
8318
2472
6567
1304
2647
1252
3918
7161
7106
3458
4321
1931
3551
2578
9274
4252
8061
2086
2731
5743
4930
7085
6799
6324
7603
4640
6924
6161
5220
4302
5209
2980
4106
9983
6556
8698
5379
1909
3801
3997
9043
3853
6399
5374
8196
7737
9529
5415
4523
3073
4126
9881
9298
2520
7286
2894
1993
4159
9726
3278
9489
9256
9018
6371
8261
4603
2246
1134
9961
9786
2367
5997
4712
9690
9711
7482
3173
8445
5738
3396
4639
7288
9312
1967
8130
6885
6610
7330
5673
2621
6427
6708
4302
3168
6652
1292
3018
1602
3770
6682
5587
6558
8419
9565
5081
4104
8377
9298
1929
2588
6152
4578
4582
1423
4022
8181
8605
8333
6671
3054
4263
8680
4390
7715
2803
7549
5579
1342
1265
1053
5886
8506
7543
6584
7896
5445
9973
2676
8692
8007
9819
4344
9644
8812
3668
3772
1223
1552
4258
5773
4661
5718
4392
5084
5026
3932
3486
1414
2723
7819
3915
3014
9058
1139
8330
5459
6810
4723
8169
3644
4985
6689
6716
2358
7224
4057
6130
5286
2199
4242
9025
9857
7033
4957
6918
8705
5513
3181
2140
4233
9211
5993
8670
5376
3594
4722
5371
1492
8569
4563
6494
2096
1495
2535
5091
2199
3815
2687
1842
1637
3799
2057
2612
8620
2032
8647
6019
2141
3058
8515
2212
1395
4526
1019
1756
6654
3777
1122
1195
4299
6382
3632
2555
3797
3031
7594
3055
6114
5603
8778
8466
3758
6989
2132
3207
7167
3352
8220
9728
8492
3713
3425
5764
5036
3641
5121
6136
1705
4659
3212
3732
9600
6498
5060
2941
5309
5915
7671
6306
2886
1980
1056
4083
8245
9262
7521
5062
8918
4620
7523
4517
4104
5065
9324
3371
4197
2261
2082
3610
5757
7915
2565
6217
4824
3794
5682
4307
5694
8968
3942
9225
2610
5135
3154
7793
4318
2240
4418
8004
4036
2417
4074
8814
4353
5040
9566
7327
4734
7708
1164
6235
1524
1806
8739
6399
5975
5142
4279
3278
7529
4805
7779
2086
8245
4542
6987
8315
8237
4339
1435
5542
3977
2201
3851
6432
6522
9287
9526
7104
3930
4194
7569
2016
4987
5278
5704
3324
4302
7376
3115
5211
6239
6515
6720
9110
3000
1765
4044
3140
1139
5599
2863
3572
5252
7910
8266
6859
2332
6531
8212
9823
2856
5718
9605
9184
5049
8560
3426
3711
7673
5228
6156
4339
6429
2667
6605
6906
9212
5390
7775
1782
4649
4140
6287
8639
6303
2207
5422
1593
2637
1417
6684
8872
8617
6772
1406
9536
9730
6745
2195
3016
4033
6272
7565
3933
8085
6623
2582
1303
8062
3642
3023
3408
6053
2291
6602
2479
2287
2025
1313
7055
5509
9714
2846
4206
4340
5355
6576
9006
5539
1668
9973
9578
4273
3599
2132
9767
3611
7163
5618
3506
9727
7874
8305
2935
7557
3129
5036
4358
7281
2421
8056
7968
4740
9237
1343
4995
4491
4714
7711
5647
3383
3721
2308
2483
8726
6944
6057
6198
2375
6747
6108
5087
6355
2876
5728
5967
4470
2903
8477
2883
4262
5690
2821
3551
7029
4855
5837
5452
4726
2247
1637
5436
6706
2259
7407
3550
5081
9008
6192
4439
7358
1003
2282
4216
5766
1544
2455
6725
6670
6359
2353
6159
6763
2382
3393
3553
1538
5601
6581
4831
2027
7020
5442
8016
5637
6069
6656
1971
6863
1271
8067
9489
8610
5912
6460
3335
2063
9572
2040
6424
3367
2058
7965
1015
4491
8498
1291
3727
2770
4002
3415
5550
9785
2642
8780
5801
7641
9218
3142
3619
9654
6534
4722
9393
7879
9283
4042
6348
5797
1340
5107
9558
1175
1949
7272
4817
1570
8439
9199
9745
1984
2606
8654
8519
3946
9213
6071
3916
5346
2722
7098
2237
1860
9792
6361
9597
3327
1297
1360
6469
9407
1055
2703
2524
2673
3808
1603
4169
6336
1140
5845
6929
2231
5783
3470
6384
3152
6885
6520
6093
8570
1378
9108
5028
1262
1898
1265
2984
6645
2976
5508
1164
5551
5650
4802
4828
5020
3603
1567
6975
6318
3331
4331
5622
5776
1830
5206
4014
9998
3537
9659
3825
8070
4103
5787
7691
1607
5282
2641
3697
2252
1045
5818
3619
1026
1575
7018
4178
4275
7389
3693
5609
2223
3878
6526
3939
4769
2533
8295
5882
3135
6069
2511
4182
3316
1211
4996
6105
1399
6267
6256
2148
7952
5546
9863
1066
5538
7261
3969
5517
2537
4083
2892
4374
8700
3875
5302
2221
2842
9100
8365
5870
6969
2921
1649
7858
8708
6164
5446
9766
8550
4108
2363
1042
6265
8717
9020
9584
5628
2104
1040
1916
7894
4190
6576
5303
3118
3880
1605
6767
5998
9359
6038
2364
6423
3605
9840
6821
6138
6329
4613
8584
9945
9162
1403
4114
2858
3417
4112
5318
5082
6607
7764
7906
4402
5503
1437
2306
2199
6823
5167
4092
4404
1317
1598
5755
6799
1397
3386
3271
3850
4012
1703
6870
8977
2497
7211
6568
2575
2792
7548
2714
6382
1149
1715
2220
5500
5374
7285
9075
5458
4369
2916
2075
3851
1873
1841
6284
7886
5250
4386
7206
7647
3770
8473
7490
4904
5870
5796
3190
6602
8510
4485
4986
4791
7254
2340
2264
3542
4936
6969
6861
2766
4811
3232
7859
3324
3531
8521
5132
1047
8558
3479
1477
5490
7201
6126
9400
4801
3004
5534
4247
5736
3386
1108
2281
9618
9455
6091
2260
4736
5489
6708
6131
3280
1243
4130
1906
5304
3092
5621
6632
1672
1175
6572
6295
1082
9305
1949
6006
3754
9807
1178
5014
4322
1540
5070
7217
4080
5714
6561
7690
8609
9322
4530
1456
7143
2251
7607
6045
8434
8476
4894
2498
1724
3550
3662
9046
2404
4318
1935
6545
4679
8934
7190
3236
1836
9589
7816
3409
3557
4207
3707
2478
5441
2297
9803
2663
4225
1338
7305
3526
8156
8318
6381
9306
5007
5953
1668
3724
4067
5211
1886
9243
3132
7971
7073
6949
2489
8401
9957
5968
6548
1891
3125
3709
2254
5512
4623
6058
1675
8803
1627
3573
1642
5333
1670
6589
5463
6953
7928
2767
3025
1037
8624
4249
7177
7849
7958
8612
2861
4569
4707
8982
6264
8589
4329
2079
3645
2897
8021
3865
6590
9771
5851
5471
1355
3758
1298
3620
9342
2554
9488
6115
8255
4460
8524
5785
7135
5635
1639
5673
2618
3836
9243
3016
3501
3333
7490
9198
3609
2310
3031
2137
2438
1065
8342
6596
4080
6964
4522
4257
7588
8761
5746
6316
9978
7978
1243
3353
1852
5953
8183
3518
3367
7637
7570
3389
9111
1735
9211
4409
6332
6590
4992
2773
6631
8401
9666
7161
4766
4664
9885
4691
2443
1087
7488
2786
8574
1844
7975
5160
1159
5303
1375
4883
1576
5329
5245
6087
5973
3086
5182
6624
5974
9108
6656
1693
6708
8767
2536
9917
4258
7572
8563
4886
2137
7668
2740
2771
6897
5369
4165
5774
2443
9661
3275
8227
1147
8533
8699
1484
2799
6816
2415
6522
9649
4234
6053
4866
5414
9744
7070
4558
1569
8666
6125
6551
2456
7329
8896
8073
1389
5738
2756
2515
4578
4708
5632
2043
2024
8854
6929
2850
7645
1949
4699
3459
1294
6997
5066
8526
2622
2108
6719
4550
1811
1588
6277
3861
5640
4579
2872
8860
3778
3985
3061
4929
4850
4087
1047
5717
8931
3932
1114
1855
1545
3628
5825
1194
3653
4611
2619
4739
7596
3692
5448
6254
5690
1305
1284
3477
2203
5473
2447
2081
9806
5885
6428
1613
2406
3775
6661
4697
7113
6586
2692
1005
6580
4392
2158
9318
7766
3532
2574
1631
5037
3264
5757
9829
5596
6376
3113
2193
8292
4094
5934
1307
4851
3121
3776
8249
3240
2518
4562
2205
2762
8440
3684
7781
1091
8579
4176
5669
2229
2686
4907
1584
2197
3713
2321
1985
5930
8931
1360
5865
8214
4732
7818
2283
4645
5333
4963
2371
7101
7800
2098
8470
8050
6249
8255
5629
3234
2969
7774
2593
4278
2807
7077
2347
3817
3150
6099
4966
3644
6443
4194
4134
7578
8529
4120
4372
6098
3139
2226
4682
5013
2739
9097
6356
4619
1606
4706
5462
6361
3485
5654
6088
2512
7818
8557
2500
7495
6002
3571
9255
6445
5810
7709
2172
4334
9808
1049
3106
2981
7528
3878
4154
3899
4783
9213
6816
1946
8897
4778
5924
4939
4048
4960
3569
4556
5847
3535
2241
7383
1712
3364
8631
4495
4573
8449
3809
3074
5194
1828
9139
2369
4951
1017
2147
1890
2085
6698
8748
6275
2703
6773
4096
8515
4599
9486
2792
6401
1956
2260
1965
1275
2326
2600
5294
7770
8905
2084
2613
6485
5597
2001
1249
7305
1959
6818
2757
7072
9747
1252
1458
6288
7984
6353
8868
7863
7617
7187
4164
1958
2073
3664
2275
3060
6849
6803
9508
1047
4013
3303
5280
4458
7750
7564
5120
6184
1525
6013
8587
2175
5133
4201
7906
8126
7425
2905
2016
5189
3298
5896
7117
3543
7064
2822
8943
6775
6277
5222
5301
7477
3284
7491
5070
6806
6725
4219
1422
7656
8769
2743
3510
6314
5453
3402
2874
2165
5492
2355
7396
5674
2346
6087
5608
6624
4781
2503
8639
8556
5392
7168
1025
1819
1233
4402
5910
7880
2572
1694
4195
8654
5473
9341
9600
7801
9374
9968
9396
4806
1638
4650
7731
2091
1910
6152
2946
3945
5145
6246
1938
8004
4341
8724
4417
5348
4916
5123
2772
4515
3521
7131
6179
2056
6306
6683
7007
8416
4310
8345
4164
8459
9033
1076
6743
1652
7234
6239
8792
4676
5313
2813
6579
3968
6433
4335
7814
4886
1323
9947
5204
4243
1106
4118
8448
7190
6603
7261
1283
9729
8131
5363
6396
2797
9129
3819
2485
5100
4844
8461
3496
7626
7361
3247
9086
2746
2521
9906
5926
7533
9418
2925
4323
5123
6534
7857
1963
4612
7004
5147
2661
9285
6067
6238
4507
3335
6668
1642
6325
8434
4189
5170
4898
2978
3413
3301
9312
6207
9588
2965
9745
1347
5246
2621
2948
9382
1226
7393
1419
5955
2880
1942
4672
7755
4797
4648
1779
4855
1062
5988
8021
7241
9305
4361
4373
2353
2625
2968
2755
6463
7042
7133
2439
4672
4167
9382
3545
4575
7426
9707
6332
5337
8039
2646
2288
6040
4284
8530
2351
7682
3132
1468
2993
6252
8271
6051
8616
2146
5250
6685
8386
5189
5580
4997
1443
5800
7509
3615
1702
6413
9710
1859
3689
8838
9979
9894
4293
6729
3029
2553
4146
8865
1894
8584
3144
7098
6009
8697
3822
2873
5916
8709
8535
1157
3398
2435
3356
9207
6155
5446
2085
1462
1373
4169
8636
4623
8189
2272
9505
2945
3358
2109
4060
3976
5196
4308
1073
3074
1412
3294
4777
1575
6636
6901
6613
8835
6547
1408
2219
6128
2905
4431
2498
2177
5101
4561
3335
8285
8661
8333
1262
4692
9845
5551
6664
6969
4263
5110
4573
4877
1084
1471
3117
2812
5199
4661
3620
4708
6229
7429
3410
4848
3045
5371
2986
1868
8891
5488
1462
8567
4075
7548
4420
5335
8852
2746
5466
4541
2870
9325
2548
3714
5073
5713
2021
9529
4888
2991
6925
5133
1124
5757
9010
8222
2687
8750
8405
2092
7318
1670
4700
5312
2419
4619
5602
4400
3239
5608
8090
5195
2792
7674
9814
3536
5131
5874
3139
2099
7786
2684
7141
9030
4887
8910
8747
5297
4451
6276
8460
5480
9982
1831
2085
2937
4752
1574
4552
2392
9541
5050
2933
7579
5038
2518
4309
9027
7154
8059
2201
9320
3298
3721
8596
7090
4481
8056
2617
4183
2393
6539
2269
2619
7135
5826
8008
2481
5746
2378
4012
9981
4294
1540
8801
9677
8475
3308
1744
8011
7041
6193
4406
3888
9015
3541
6151
9367
9313
2476
8889
6986
2392
4514
1833
3077
7285
5252
7717
2420
1072
3323
8615
6058
6378
6078
6893
3779
6760
4029
8880
8279
5802
2910
8035
3011
2274
2906
4526
4005
6327
5918
8591
3313
5117
3577
9209
2028
7172
9148
7659
4776
6297
6227
3463
9849
7660
4893
6000
1119
2511
5786
2060
5361
9820
6777
8095
4243
9915
1777
6842
7440
3463
8412
3955
2930
4607
7295
1380
6171
7900
1095
4611
1600
2660
2414
6430
4906
2950
2321
6308
9429
3818
6821
7103
4503
5886
3105
9838
4515
7257
9957
9447
8554
6446
1453
4510
6349
2296
5398
2126
7459
3207
6063
3634
4807
5360
3355
2176
8319
4791
3369
9295
3689
3619
3664
4611
4719
3699
1433
5802
8498
1790
7466
2866
4234
3759
5126
7769
7240
7669
3449
2417
3266
4903
6745
6329
6632
5072
9045
1066
5562
6691
6372
3779
5412
3019
3028
2100
4072
2052
6686
2644
1670
9681
3690
3943
8300
1050
1005
6739
5390
1907
6723
9201
7426
6231
4947
5051
1093
7855
5907
2892
4435
1870
4686
1491
2239
5019
1930
9939
1662
7324
1223
8643
3086
6742
4413
2052
4789
9068
2904
3829
6133
2879
2197
2913
2422
5801
8756
7183
7579
4236
8204
2316
4893
5965
6159
6029
8981
4148
3330
3777
7388
3082
9888
7902
8903
3081
5482
8074
8122
8161
7445
3670
7149
6284
1757
3479
8637
5948
1917
2922
7487
9816
1747
6819
2182
1794
9235
6656
5711
9237
2014
6544
5471
9466
9145
1142
7708
2452
9385
1789
8825
4142
6487
3803
2412
4349
8777
4629
9126
8271
6821
4567
7099
9914
9719
9724
3659
4003
4117
8741
5754
2176
7130
3672
7761
5952
9761
7292
9290
7851
4723
3190
1264
2843
8877
7910
2441
4015
3016
2297
8991
9893
4892
1828
2627
2917
5640
9155
4244
4097
4448
8771
8415
6971
9818
8737
6948
6795
2530
3143
5190
4129
4681
9363
1770
7594
1318
5332
9483
8105
5724
2004
5843
1790
9005
2090
9455
1093
4070
4780
3855
3928
3840
2393
7014
5865
7592
5036
4333
1148
8085
5701
5320
6002
9225
6635
3707
5351
2991
4844
8641
8439
2613
8581
7246
3945
3649
1160
4115
5679
4220
2394
2639
8363
4744
1173
4783
1495
1082
8316
1639
3164
9924
1263
1933
6617
4165
2936
8895
2865
1991
6742
4698
8082
7925
7564
4316
3028
7335
4565
1205
5854
4013
5308
3203
8533
7283
5539
8514
1621
7332
3904
5370
8159
6800
2786
5889
5712
6569
7895
5044
1042
2128
6313
8893
4955
5682
2903
8299
5169
6561
2274
1961
3947
2890
1368
2342
1494
2553
9874
5428
4158
5617
5840
1618
1717
6054
6923
3783
5031
4702
7166
8191
5823
7194
8689
3045
9390
7489
5180
9164
3207
2577
3673
1705
1138
3887
9608
2818
1780
3797
3416
8643
1656
5301
1546
5156
3275
4493
5174
3421
5733
2249
3265
3572
7034
2755
9440
6590
9810
7898
2144
4566
6604
5160
7094
1328
2007
5617
6466
7044
3942
9275
4412
5119
4562
5399
9599
3232
7537
8507
9557
1800
4754
1024
7957
8467
1331
6093
7193
2545
3923
9012
5942
4887
6018
6918
9577
9439
9061
8794
3126
7615
3890
5697
7761
2796
7328
5866
2547
5589
9780
2304
4644
1213
4587
2182
8815
2433
8708
5407
5060
2141
6593
3345
5087
2490
2503
5391
7927
4096
8594
3794
7507
1348
7244
6623
8775
7493
1297
2258
3099
2926
2370
6345
5344
8236
1716
8235
9543
3682
2012
6139
5216
4006
7080
5877
1768
2739
4145
2220
6419
1845
4920
3948
8679
3248
9163
1855
3015
7855
7035
5885
3466
4677
3032
2407
1870
3677
5361
2395
4248
2977
5042
9781
5144
4128
9965
8492
6163
2128
1685
2342
1074
6260
8599
4519
1696
2244
4351
2633
3889
4061
5964
5133
9063
6495
2463
5683
2683
6906
1522
7020
1741
6182
6333
2917
5853
4675
9017
7337
7151
7160
5196
2726
4116
3787
6748
7578
3446
8060
9443
5916
7977
4796
8380
5335
5319
6564
3260
7563
8737
1991
2247
7913
7896
9471
2597
8873
5658
4246
6662
8378
7255
3174
5585
2727
4306
3525
4613
1430
5129
3129
9246
5757
2537
1209
2500
3141
3989
6694
6168
8475
9589
7237
3435
8714
6417
9207
3816
4386
2864
5854
5750
3667
1867
7835
3997
7710
3952
1529
4730
4394
7862
6139
7543
6795
7272
9962
1575
3225
6358
7758
9174
6341
3142
2200
4618
5754
1294
1516
2399
8436
6659
5776
4758
6448
3036
9780
1037
5369
9660
6566
3891
9287
2675
7497
3032
5421
8884
7018
3651
1553
7447
3361
5025
3615
1159
4849
6518
2833
5317
7848
3759
6285
3492
8229
3595
7493
4651
1534
3300
2696
1711
6111
3573
4726
5112
1717
9088
1703
2588
5773
1553
2423
9517
5220
4205
3454
6166
2100
9671
