4500
4941
6113
5339
6275
3890
5291
5342
6415
6375
3057
6441
6779
3160
5869
4362
3803
3330
3035
3553
6756
3283
5297
5078
6992
6796
4830
5950
6839
5764
3138
3052
6625
5076
3499
5875
3329
4018
6569
5872
6210
4244
4651
4617
4472
3623
3487
4061
3113
3633
5392
3409
5194
3299
4352
5265
5681
4588
5603
6436
5050
4299
3819
4431
6390
3337
5138
6490
6436
3870
6025
4694
6575
3711
3091
3424
3536
6581
5927
5589
6081
3647
3644
5696
3564
6963
5068
4037
3118
4392
4283
5747
3599
3894
4096
5258
3329
6122
3147
3482
4007
5575
4950
5750
4247
3530
4000
6850
6573
3345
6117
3070
3926
5965
5216
4169
4200
4026
5201
3397
3956
4746
4587
4897
4323
4438
6833
3464
3923
4296
3156
4077
3521
5260
3631
4949
6167
5097
4254
6050
3453
3143
4086
5552
6723
3473
5122
4249
4099
3491
6563
4299
6877
3277
5663
3430
6154
3195
6930
5830
4837
5123
5507
4164
4419
3664
5136
3010
6752
3135
6998
6269
6632
5720
4284
3969
3577
6614
6190
4644
3750
4009
4475
3541
4126
6202
4361
3211
3345
3655
6929
4029
4157
3856
3878
5172
6212
4686
5316
5145
4655
6887
4061
6284
5684
3432
5689
4065
4065
3007
6179
3036
6311
3019
6519
6240
4289
6730
3767
3545
4708
6720
6459
4569
3915
3732
5208
4913
4062
4792
3064
6806
4621
6384
6890
3598
3011
5349
3724
4397
6399
5812
6069
3096
6978
3704
5339
3180
4262
4096
5269
6592
6420
4825
3219
3472
5924
3020
5055
5918
3468
4330
3672
6141
4875
5836
6959
3808
5458
4348
6983
3566
5328
6020
6726
3831
3458
5498
4206
6706
3254
6293
4358
3543
3722
3148
6594
4674
6463
5810
5796
4488
3848
5958
3376
4540
3028
4672
4910
5197
5054
3757
3219
3193
3559
4452
4799
3180
5334
3409
6223
3205
6157
5256
3423
3324
3829
6984
4243
4157
3337
6097
6116
5622
4734
4536
3065
3819
3694
3751
3464
3764
3001
3652
4754
6550
4197
4994
6029
4997
6579
5993
6006
3410
5921
4449
4529
5860
5303
5733
3474
6217
6107
4776
6978
6848
4087
4481
5511
3552
4665
4580
3260
3710
6898
4606
6248
3628
5712
5802
5838
3072
3813
6932
3781
6992
5187
4114
6481
5699
6460
4288
5590
3693
4751
4598
4933
5429
5560
3117
5603
4549
6269
5104
5369
3583
5252
6091
5368
3859
3623
3594
5348
4834
6787
6582
6591
5982
6565
3309
3432
5362
3977
5660
4171
3501
3238
5387
5305
4387
6802
3626
3099
4280
6430
5186
5157
5904
4786
4600
3680
6546
3317
3481
4097
4170
3783
6265
4101
6261
3537
6713
5635
5449
3364
3333
5003
4488
6516
4794
4917
4366
3918
3017
5778
3583
5924
6588
5320
5755
6636
3812
5947
5320
4286
6160
3076
5431
3313
4766
3411
6057
4195
3685
5413
6397
5968
5740
6562
3954
5692
3345
3803
5260
6821
5289
3386
3281
4419
3227
4565
5565
6793
5448
6772
4998
6141
5989
3455
4638
5585
5931
6061
6103
3661
5316
6770
4740
4079
4274
4188
5189
3236
5472
5725
5473
6554
4716
6847
6650
6827
5215
5226
4931
3231
3958
5648
4609
4063
6460
4800
4669
4889
3142
6685
6511
6079
5899
4302
5605
6363
4456
4796
5252
4006
4538
3303
3438
6091
6456
6494
5740
5807
6542
3408
3670
4242
6727
3555
3754
5273
6059
4937
5950
3198
4739
6215
5781
5922
4148
6844
6690
3600
3579
6494
3521
3747
3894
5081
6971
3715
5456
6241
3408
4211
5400
5397
6326
5551
4920
4775
4027
5107
3917
3566
3473
5435
5669
5069
6221
3981
3908
3321
3151
4582
6437
5930
5674
6157
5200
4750
5189
3009
6151
5247
4904
4822
3560
6550
4209
4049
3178
4228
4415
5846
6667
4178
3344
4154
6413
3899
6597
5460
5194
5404
5324
4219
3427
3520
4351
5082
6231
4172
6778
3757
6130
5330
4837
4829
4644
5721
4378
6953
6343
6098
3751
4921
3632
3779
6718
4137
6761
3172
4147
5216
5064
3972
3429
5580
5019
3815
6642
5015
6858
6073
3448
3445
4968
4056
3252
4161
3399
6566
6844
5155
6951
6637
6010
3264
6363
5954
4698
5461
3224
4977
5021
6845
4936
4407
4431
4418
5019
3408
6819
4242
6095
6405
3450
6593
5995
6634
4302
3917
5885
3020
3237
6280
6169
3667
6899
3514
3786
4691
3703
3097
3474
5340
5289
4539
4493
6149
3330
6932
5087
6601
4130
3704
5119
6490
6342
5154
4795
4972
6232
4438
3020
4331
3686
5032
5179
5757
3732
6284
3301
5287
3389
6067
3383
5962
3035
3382
4705
4489
5118
3288
3852
5121
6064
3536
5345
3152
5039
5535
4034
5858
6752
5969
4545
5348
3850
4658
3638
6078
5212
4318
4343
4295
4590
5343
4652
5385
5657
4751
4356
6483
3360
4869
5084
6032
3189
6215
6536
4168
6642
3891
3835
3379
4436
4276
6361
3715
4968
3496
5929
5997
6307
3484
6728
3006
3729
5324
5043
4224
5148
4604
5283
5864
3511
6352
5655
3351
4543
5547
3760
5874
4928
6456
6114
4462
4016
4694
4702
4022
6075
3707
6110
6210
3719
5256
6534
6923
3564
4446
4590
3867
4667
3330
3979
6843
6594
5648
6030
4706
6123
6738
6234
4844
6375
3325
5420
6785
6551
3033
3532
6862
4669
6985
4892
6483
6004
5710
4537
4923
5338
3161
6769
3317
5801
3285
5706
4504
4547
4376
3603
6445
6720
5578
3137
6738
5253
4207
4146
6029
5380
3375
6790
4010
3924
6437
3529
5579
3933
6309
4939
5738
5747
6071
3033
6965
4895
3905
3887
4199
3467
3537
5210
3851
4267
6466
6407
4017
3149
3102
5084
5970
4576
5160
6914
6396
5194
4231
3244
3315
5029
3196
3912
5162
4214
3239
6559
4568
4044
5729
6944
6052
6271
6012
3585
3973
6567
6638
5353
6917
5922
5498
6338
3150
4299
4597
6231
6078
3147
5695
3304
5223
5041
3723
3658
4896
4408
4699
5723
6257
5393
3822
6762
3760
5374
4627
4368
6427
4098
3012
3656
6867
5772
6610
4556
4442
3349
6897
4411
3363
5885
5120
3005
3269
5691
3163
6919
4782
4205
6154
3111
4379
4857
6673
5653
3340
6534
5711
6529
5808
5213
5972
3152
6330
4125
5938
6018
5933
6595
5993
3186
4573
4109
5016
3778
3468
3016
6353
3749
4803
6813
6704
5232
5015
6282
6522
4379
5758
4068
3226
3813
3349
5059
3743
5799
4479
3204
3964
3217
5873
3555
4395
5833
5788
4419
5237
6491
4938
6272
4736
6646
5329
5278
3148
3540
6518
4077
4616
5562
3312
6666
4053
4123
5691
4451
6059
3432
5949
6311
4799
3878
6733
5449
6517
3559
6820
4490
5498
6361
6625
3875
3435
4017
6065
3225
6937
4309
3653
5043
6039
6531
3057
4112
5371
4286
6495
5596
6739
3173
4679
5285
3893
4613
3762
4378
5380
5804
3588
6768
5235
3531
3637
5869
6712
4131
4581
3985
5285
5777
6988
5204
6755
4716
4173
6400
5929
3047
5475
5372
5584
3912
3827
3868
6245
3175
3225
6559
3669
4008
5522
3099
4047
4265
4251
6988
3509
3085
4639
5899
4070
4169
6524
5087
4751
3117
6208
4799
6477
5087
6511
3188
4561
6862
3826
4686
4206
3293
6533
3422
5608
6734
4105
5535
4235
5591
6951
6000
3674
4555
3032
4986
3951
4481
3730
6372
4244
5571
6467
6440
5054
3619
6356
4314
3056
3968
5237
5456
5728
4313
6762
5699
3138
3128
4897
4580
6223
6643
4318
3901
3716
5243
4843
6475
4777
5015
4117
4415
6474
3868
3530
4788
6778
6629
6953
6152
6002
4719
3714
6445
4188
5685
4390
6982
4148
3360
3310
6030
3082
4437
5003
6416
6628
5851
6408
5210
3213
3513
6423
5488
3987
3585
5339
3168
4566
5543
5375
6792
5818
4654
4864
6994
6686
6368
3219
3385
3396
3146
6884
3072
6682
5060
4196
4065
3652
6734
6825
3363
6232
3579
3875
6197
6562
5468
6397
3539
6961
6914
4359
3211
4396
3606
5544
5262
6816
3061
6131
6527
4620
4062
4569
3095
3872
6562
4798
5159
6255
3633
5182
5998
4141
4934
3049
6364
5583
5555
5212
3124
6006
3443
6935
5719
5816
5288
5918
3606
5201
5621
3980
3619
6427
3799
6485
4792
4952
3804
3959
6914
3808
4142
6265
6572
3531
5974
5824
4908
6081
4883
6571
5814
4118
6251
3009
5488
5367
3806
3124
4089
5179
3002
3082
6278
4325
3938
3344
6132
6597
6392
4089
5546
6214
6486
3138
6636
3015
6450
5776
5778
6355
5979
6684
3811
3854
3690
4485
6326
5983
4202
5794
5027
3940
6904
3692
6093
6985
4810
6847
6216
3449
3114
4857
6597
6199
6592
3241
6303
6801
5801
4933
5910
5785
4710
3042
6620
3750
6626
4185
3185
6927
6587
6092
6593
6691
4074
3546
3737
6109
3883
6621
3738
3167
5058
5339
3134
5352
6717
4648
6329
4554
3631
5617
6517
4426
5529
6376
3768
6072
4097
5917
6020
6833
5574
5211
3488
5466
6570
3114
6442
4287
6909
4942
3443
4069
5581
5371
6303
6958
3443
4866
3288
6208
5781
6691
4230
4767
5898
4288
6011
6824
5412
4161
6059
6698
4409
4911
4789
5288
3675
4061
3566
5380
6985
4442
5854
6360
3689
6198
4755
3427
6367
6496
5059
3227
6223
4562
5294
3715
6498
4724
4006
4970
6249
6605
5152
5343
3458
6394
6562
6936
5576
5484
6314
3606
6464
3872
6482
3923
4003
3025
6706
5182
6907
4548
4051
3616
5302
6625
4368
5356
3166
5582
6927
3362
5840
6967
5716
6864
6745
3455
5024
3235
6014
5520
5390
6407
3476
4756
3226
4703
5707
3646
5254
6397
6790
4818
5856
5139
4446
5028
5814
6161
5335
5465
5536
5303
6237
4892
3482
6902
3030
6958
3939
4239
3578
4963
3527
6422
5480
4814
6770
4245
6026
6322
5923
5835
4899
6825
5869
3768
3825
3760
3708
5903
5970
4442
4830
4271
6647
3283
4381
6713
4482
5501
6130
5632
6992
6072
3215
4714
3679
3406
5343
4419
3435
6407
3959
3560
4012
5410
4489
6672
3948
3742
4773
6464
6222
5191
5466
5604
4222
5459
5448
3826
6552
5903
3970
6493
6345
5703
4678
4033
3879
5467
3812
6527
4725
5699
4043
5077
4942
6387
5453
6615
6719
3360
3407
4555
3882
3021
3617
6928
6246
3642
6510
6175
4113
6883
4634
6125
6226
4138
4690
3530
5607
5818
4854
3161
5661
5143
5223
5634
4031
6100
6384
3959
4163
5268
6173
6083
3877
3831
4687
6068
5726
3413
4159
4909
3762
4208
3191
3582
6927
6362
3068
4522
3882
5476
4194
4438
3887
4297
3774
3452
6523
6042
6364
5361
5849
6936
4718
4306
6458
5796
3724
6083
4700
4260
5037
5477
4218
5620
6035
5981
4447
5841
5747
4693
3274
5312
6893
3108
5564
3229
5395
3146
5600
3859
6897
6519
5029
4819
4198
5739
3199
3378
3364
5819
4756
6075
3804
3520
3870
5399
3786
6113
3989
3163
5718
3952
4551
5086
6951
4456
5415
6633
5539
4473
4929
4072
5818
3686
6604
4458
5829
3964
6857
3972
4830
4303
5189
5704
3143
5634
4000
5283
5951
5323
5969
5289
5806
3942
4092
4364
4719
5595
3722
3157
6698
3596
4855
6001
5230
6036
6228
3184
5702
4592
3507
3018
4273
4453
3955
3626
5302
5133
6660
3138
3126
5330
3357
4821
6074
4532
5415
3731
6666
5563
4047
4576
6455
4528
3602
5472
3500
6853
3229
3591
4457
5655
4800
6978
6690
6345
3589
3851
6585
6310
4958
6032
5016
6225
5516
6687
4780
4701
6579
5125
4455
5673
3962
4141
4763
6442
3576
4102
6088
4996
6564
3829
4251
6161
3513
3470
3757
6476
3481
3150
4923
4691
5328
4436
6749
6696
3975
5682
6509
4278
5108
5254
3038
5765
4556
6153
3060
4386
6388
4793
6255
6742
4456
3699
4542
3823
6712
4236
5583
5461
3985
4346
3816
5376
3070
4956
3727
6873
6122
3527
6955
6145
5790
5250
3134
5599
4781
6159
5483
6664
5626
6607
3169
4128
6560
5749
4045
6903
5293
4272
4854
4106
3562
3449
4865
6209
3907
4304
4630
4034
6059
6447
5818
4933
3042
5073
5583
4200
3007
3524
5888
6067
4774
6130
6870
5741
5547
4098
5231
4708
4605
6834
3009
4109
5237
5234
5423
4313
6011
4328
5474
6497
3171
6326
3590
6000
5417
3785
4974
6044
6623
5242
5827
6039
3138
5229
3204
3730
3741
4305
5253
4887
5638
5035
3876
5741
5507
3902
6421
5985
4156
4233
3256
4091
3322
6768
3541
6869
4363
4166
5648
6582
5552
4277
3299
5571
3297
6146
4932
4049
6367
6714
3217
5495
5881
4870
3091
3248
6875
5010
4866
4541
6136
3610
4843
3586
5108
6514
3201
3031
4485
6156
3279
6048
3327
4502
3128
5284
6030
3095
6350
5160
4916
3893
5426
6554
5127
3954
3551
4811
3444
4584
5954
6826
6046
3272
4455
6644
4591
5052
6769
4795
3292
4010
4226
3913
5298
5619
3124
5300
3499
6241
3044
5329
3581
3664
4063
5025
4396
3509
4319
6434
6721
4586
6185
3866
5066
3192
5577
6994
3278
5440
6560
3433
3510
3997
6026
4866
5022
3073
3368
3277
6390
6571
5139
6925
4204
5910
6252
5940
6394
6526
3440
3954
5166
5876
6637
4790
6165
3187
5770
4892
6638
4822
6667
4990
5531
6934
5688
4620
3654
4452
3008
5320
5245
5418
3806
4493
6488
6476
6462
6056
6354
3925
3138
6010
6814
6426
6363
3772
6643
3537
4238
3162
6518
4579
5211
5848
3427
4330
6465
6666
3407
3316
4375
4680
4803
3915
4191
5433
5253
3026
5251
6153
6233
3317
3426
3212
6016
3599
5866
4778
4047
6459
6607
4839
3173
6282
5016
4716
6044
3624
4282
4471
6696
5949
3811
6782
6240
6207
3976
5094
4225
4646
3030
4152
3590
4669
4755
6687
5110
4147
4161
3611
3370
6983
4066
4705
5120
6820
3814
5151
3157
3735
3550
6957
4281
3133
5099
4954
3124
4460
3467
5339
3638
4079
5926
3824
5057
5194
5355
4157
6115
3926
3778
5194
5145
4897
4401
4521
5517
4022
4159
5430
6367
5010
4462
3355
5275
3759
6341
3179
4561
3023
5016
4165
4086
5882
4116
6872
5049
6751
5156
6071
4665
4347
3697
3052
4092
4767
5305
5353
6949
3955
4257
3454
6598
3595
6225
3058
4687
3653
4222
5166
3446
4709
3078
3211
3404
3424
6869
6787
5256
6102
6738
6462
3979
6253
3113
4503
4056
6799
5964
4867
5130
5134
6298
4271
3020
4664
6661
5481
3521
3375
6929
4477
6262
6882
6364
5653
4627
3806
5105
5474
3055
5004
6667
4995
5209
5965
3300
6441
5359
3887
3701
5645
4715
3256
3443
3417
3640
4175
4144
3587
5699
4730
4764
4055
5164
5193
4741
4481
6796
4129
6682
4888
5326
4849
6798
5549
3519
6761
6994
3361
6050
6327
6714
4484
5929
4198
5801
6349
4052
6165
6580
5211
5870
5353
4616
3890
4101
3997
5039
3213
5317
4142
6333
6718
6801
6511
6368
3778
6542
5496
4437
6708
6353
6780
3795
6160
3930
6638
4961
5101
4839
4522
5825
6755
5750
3796
5023
3371
5447
4377
5873
5876
6671
6992
6654
6116
4048
6390
4601
5741
3121
5663
3991
5721
5372
3496
5418
5308
3384
6281
5649
4586
6612
3627
4817
6352
4149
4919
5826
6919
6985
4189
5205
5203
5589
4764
6711
5859
4300
4871
4364
5528
3692
6375
6528
4222
5609
4718
6004
3735
4345
4286
5219
6366
3040
5550
6554
5888
3348
6763
3742
4663
4002
5860
6191
5146
5710
3391
5903
6826
4334
3390
6028
3951
6629
5568
4658
6379
3480
4051
4969
5888
5030
4571
4386
5267
3248
3671
4924
6631
4950
6414
3839
6439
3329
4519
5308
3545
5310
6271
4969
5384
4055
6949
4597
5177
4934
3304
3510
3248
4083
4656
6146
3949
5049
5291
5238
4289
5378
3370
4292
4924
5568
6496
4433
3592
3320
3630
6802
6045
4826
3888
3766
6081
4352
5549
6009
5944
5176
5974
4342
6950
3557
3507
4337
6162
6777
3847
3633
5561
4121
3428
6353
5013
3702
5191
5151
5057
4044
6172
6412
3696
6063
5508
6971
4953
4293
6838
6737
5138
6550
6006
6194
4439
6151
3003
6765
5382
4314
4280
6407
4369
4918
6950
4413
6521
4011
3703
6040
6310
5242
5295
6437
6367
4313
6814
5483
3390
4235
4942
6566
3067
4392
4044
4529
6005
5286
3693
5649
6445
6219
6672
3856
5410
3531
5045
4992
3926
3663
3287
5908
3065
3446
5651
4927
3200
3310
4400
6788
6851
6335
3238
5918
4036
3310
3663
6623
6119
4745
3201
4976
4852
3780
4401
4179
3899
5944
5588
3187
6472
6145
6208
6571
6561
5055
4833
3287
5733
5385
6065
4865
6239
5608
3276
3772
4316
5277
3710
5944
4822
3245
6421
3021
6663
4615
6463
3543
4922
3400
4941
4064
4930
3788
4142
3538
3832
5399
6985
4536
5575
3064
5247
6207
5294
5853
3908
4309
4021
6273
3376
6611
5587
4346
3840
6279
3885
6516
4705
5491
6563
5339
4895
6086
4497
6845
6282
6140
6395
6640
3093
4231
5276
4558
4115
5884
5766
6708
3176
3605
6050
4142
4281
4765
4403
5156
3312
4399
5682
4274
3618
5976
4154
4552
6070
4648
4140
4237
4735
6983
5584
6193
3526
4153
5030
6354
4038
4880
3179
4322
4117
6306
3347
6765
4717
6114
4340
5998
3493
6413
5031
5432
3738
6944
3122
4894
4994
6943
3224
6100
5075
3983
4510
6542
6389
4841
5783
6999
3902
6047
4471
4643
4746
6718
5982
3773
5066
5263
6231
3734
6359
3194
6788
5585
4348
3005
4985
3388
5227
6859
4677
5149
4626
4385
3320
5463
3100
3520
4050
5857
4955
4262
6954
3971
5966
5496
4716
4848
6842
3551
3013
5096
4101
3348
5168
5576
5589
3961
6139
6117
6916
6417
4156
4143
6843
4259
6609
4789
5609
6469
3828
3664
3159
5431
5452
3284
4269
3408
6898
4175
6102
5773
6377
3698
3879
5252
3699
4080
4006
4513
6477
4120
4869
3200
4799
5971
5337
3003
6077
3577
5580
6706
4332
4662
5413
5859
6145
6682
6313
6085
5080
5916
4661
6505
4686
5592
5535
3496
5108
5043
6174
3499
5382
6187
3049
5301
3170
6821
6097
4237
4334
3302
3599
5328
6267
6799
4070
3476
6724
4033
3384
6103
6166
4272
3055
5357
4879
6068
4286
4705
6146
6810
4821
4300
5438
4757
5028
6276
3253
5760
5442
5069
6407
6286
3382
6553
5667
3307
6789
5526
3051
3433
4877
4542
4906
5792
3046
6664
4834
3917
6810
4467
3188
4454
3810
4241
3737
6679
4309
3770
4669
5837
4725
6855
4497
5255
5426
4279
4940
5967
6491
3366
5265
4610
6324
4015
3123
5853
3781
5054
5577
5401
3345
6640
3694
6092
6285
5410
3467
5709
3110
3201
4186
4696
5312
6576
4023
6631
4200
4749
5670
4089
5085
4710
4369
4658
6284
4910
4634
3761
3532
3698
4064
6287
5812
3002
6076
4812
4560
3791
6170
3147
3101
5641
4274
3536
3274
5998
5615
6639
3282
4400
4156
5412
4944
4724
3526
5076
6787
3366
5397
5996
3157
5364
6068
5108
5319
5661
6804
4559
3450
3705
6822
3300
3932
5862
4298
4226
4780
5412
3618
3315
4700
5995
5770
3862
5260
3894
6977
4361
4384
6973
5734
4870
4283
6734
5126
6439
6350
4890
5884
6575
6542
4397
5665
3253
3401
6836
4585
3432
4451
6293
3403
3108
5226
4283
3650
3432
4282
3907
3542
5006
4419
5210
6687
6318
3781
5507
3775
4701
4781
3583
5783
4771
5902
5988
3303
6590
5543
4523
6718
6675
4027
4715
5271
5914
4748
4606
4983
3634
5438
5757
5944
5759
6712
3162
3158
3315
4039
3344
5048
6527
4117
6214
4913
3564
4587
6514
4772
3346
6093
4614
5839
3723
3449
6862
5413
5883
6635
3600
4406
5611
6219
4006
4431
4646
5757
6947
3556
6663
6079
6037
3792
3644
3722
4381
6036
3390
5155
6041
6526
5391
4117
3897
5749
4487
5873
3681
5961
4807
3872
6971
6725
4996
3580
3447
4145
5929
4994
6515
6831
6964
3788
6706
3300
4825
3768
6102
5580
5111
3781
5087
4159
4841
5945
3630
5672
4714
4390
3574
5513
6356
5806
4652
5865
6400
6265
3937
5156
5032
5465
6189
6586
4432
5787
6447
3401
5755
5112
3038
3631
6114
6055
4668
6737
6198
4400
3333
6984
4800
5266
5674
3902
5995
5024
3352
4624
3430
3721
5429
3128
3991
5662
5716
3086
4439
6891
6642
3738
3494
3025
3235
3400
3309
6990
4684
3475
4760
4900
5416
6543
3650
3315
5670
3320
4716
3000
6804
4151
5583
6591
6739
5141
6161
3973
3754
5456
5704
5384
4536
5856
5288
6322
5247
4635
3782
4390
4374
3312
3297
3323
6821
4303
4049
5093
4964
3937
6200
3066
5246
6132
3983
5970
3218
5125
4658
6798
3696
3528
3862
4967
3430
4530
3666
6728
4736
6779
4351
4750
5650
5408
4856
6116
6882
3310
4155
4035
4838
6616
4198
4411
4999
4868
5529
6533
3424
5613
5494
4306
6596
6115
3334
4200
4284
4224
6506
3963
4385
4229
3797
5249
6269
3580
5097
6628
6356
4304
6302
5789
3546
3988
5243
5014
4884
4433
6062
4169
5159
6261
4206
5260
4864
3157
3106
3121
4706
6338
3575
4022
6102
6688
6243
3294
3542
6785
5128
6553
6121
4434
3062
4329
4999
4705
5111
3216
5364
3295
5793
4783
5895
5587
6750
6447
4714
3537
5023
4540
3424
3104
3253
3466
3692
5130
5377
3360
5019
5483
5522
4442
4507
5317
4095
6794
4170
5683
5421
3096
3380
5055
3661
6212
5193
5179
3775
5818
4159
6843
3760
6923
3592
5547
5232
3521
4444
3617
3462
6274
3078
4574
6134
4773
3487
6675
6826
3227
3055
5852
6844
4783
6234
3229
3103
4275
5207
4816
6977
3508
6090
4135
5729
6829
5417
5598
5676
5135
5573
5922
5366
6786
3600
4252
6813
4168
3492
4681
6777
6908
5406
4068
5230
6029
5534
6279
4892
4007
6470
4011
3616
4936
4566
4577
5397
5508
6315
5808
4017
5093
5887
6694
6041
4580
6522
4135
5416
5005
6296
6000
4976
4574
6950
6513
6366
4947
5361
3550
5081
4570
4315
4721
3874
6984
5718
3432
5232
3146
4490
3317
3375
6780
3610
4389
4754
6445
4818
3547
5513
4787
3756
3619
4289
3590
5848
3518
5107
4147
5742
6872
3529
3364
6448
4457
3572
6879
3311
6974
6596
4150
6657
6034
4976
3610
3805
4720
5373
5630
5840
4371
5994
4080
4311
3530
6485
3210
5753
5762
3410
3225
3131
6891
3719
6143
6881
6659
4625
3561
5710
3078
6023
5628
3248
3243
4853
3656
3528
3152
5972
6349
4373
5835
6692
6051
3852
4248
3938
5175
4679
4792
6751
6639
3787
3839
5557
5624
4050
5571
6869
5324
3180
6753
6697
3174
3913
5598
5977
4415
4879
4956
6544
6782
3507
6201
6504
5705
5928
6518
3382
3902
5756
3287
6406
4813
6990
4129
6259
4240
5429
3315
5695
6523
6829
5848
5308
3839
3594
6981
3036
6011
5635
6191
6714
3329
5597
6975
5797
5224
3629
4597
4956
6437
5755
4800
4360
4824
3497
5580
3695
6056
6928
4189
3913
5828
5644
3154
4278
5777
4508
6703
3014
5452
3935
3904
5051
3639
6089
5954
4790
4084
5577
5525
5731
3783
4351
6996
3379
3591
6600
6376
3909
3237
6708
4953
6064
5600
3150
3769
4205
4922
6257
3926
6769
5414
5035
6724
3096
3159
5271
5813
3071
4705
4408
4087
6466
5938
3661
4590
6640
4544
4122
4318
5949
5125
5659
6845
3251
5451
3740
5291
3484
3237
3953
3558
6588
6446
5861
5667
6611
3294
6880
5471
5976
6133
3775
3194
4859
3703
6006
5089
3118
6184
6313
4881
3245
3407
5360
4667
3147
3794
3137
5205
6733
6288
6526
5433
3281
3264
5482
3377
5639
6477
4033
5988
4097
3667
4953
5036
3384
5582
3334
6406
5438
3419
6222
4724
3015
6652
6969
4495
3481
3861
3140
3397
6349
3182
4789
3454
5748
3487
5591
3561
6763
5349
5584
6512
3108
3021
3837
6328
6684
6076
3747
3613
3166
5220
4276
5402
3009
3115
3107
4513
3255
5696
6586
5096
5443
4129
4675
4374
3847
3476
5322
6187
6099
4430
3706
4536
4722
5127
5957
3230
6479
5007
5477
6253
6399
6289
6629
6496
3069
5914
3295
3473
3090
5793
6945
4791
4927
4679
4045
3723
3612
4813
6762
5339
6526
5412
5015
6360
4067
3566
6613
3109
3238
3286
4242
4805
4597
3040
3274
4566
4347
6562
3001
5386
4100
6388
3378
5754
5866
5647
5311
3231
4483
6934
5434
3750
5258
6084
3246
5660
3745
3487
5217
3548
4336
4230
3879
5515
6185
3741
5558
3937
3320
6730
4641
6675
4549
3707
4895
6989
6878
6139
3754
5614
4067
3027
3486
4202
5993
5028
5429
6311
4175
3845
4439
3082
6573
6818
5480
6136
5926
5191
4216
5527
4418
5436
3834
4430
3212
5720
6298
3062
3665
6005
5575
6400
6056
4843
3394
4848
5280
5917
4844
3804
5764
5457
5940
4687
4965
5228
3419
6211
5009
6758
4585
4352
4393
4877
5782
3860
3289
5787
3864
6324
5973
4818
3805
4043
4281
5284
4983
4497
4393
6125
4992
3797
3293
5676
4092
3303
4782
4690
6911
6056
4702
5082
5839
4132
6606
4813
6685
6677
6764
3457
4488
4940
5457
5965
3414
4907
4531
4994
5490
3501
5187
5525
6805
5887
4774
4097
4440
4546
4381
6746
4396
4627
3783
5502
3303
4112
4414
4198
5195
4785
3247
5172
6742
6072
5485
5117
5406
5644
3777
5186
3541
6814
6475
5967
4571
5972
6574
3350
3345
4795
6740
4693
5118
3887
5657
6629
5242
5715
6291
6916
5603
6850
5870
6899
5548
4651
4035
5623
3943
4682
6261
6878
3090
6868
3630
3763
6744
6618
4724
3508
6463
3682
5190
3528
3295
6279
6755
6606
6534
3202
4994
3633
3912
5073
3523
5366
5320
6476
4370
3513
4145
3062
5384
6408
4427
3285
6872
5565
5883
5135
3274
4332
6421
3058
4015
3428
6451
5362
6292
5348
3030
6791
5693
6811
3416
5558
4867
6511
6323
6637
6447
6068
5198
5984
3577
6509
3135
4340
3939
3658
5572
6677
6070
5655
5548
3518
5423
3089
6813
5482
6549
6818
6497
4772
6909
5299
4507
3442
3960
3465
3407
3479
3136
4705
6335
3494
5640
4028
3198
3728
5105
6703
4326
3556
3069
5128
4833
3482
3871
4040
4500
5718
4451
4807
5289
4892
5893
5870
3067
3770
6333
3159
6959
6550
3668
3659
6282
4932
5223
6633
4449
4212
5868
5399
5000
5707
4263
6181
5667
6316
5734
5290
5900
3491
4438
5195
4596
3230
3002
3484
3397
6047
6572
5512
5523
3446
5412
3103
6698
3150
3182
3445
4820
5769
3113
4776
3564
6944
4201
6978
6694
3623
4625
3408
6125
4784
3863
4456
6213
4697
4466
3685
6493
5778
5689
6815
4510
3445
6365
3079
4843
4344
4233
6268
4804
6413
3649
4218
6935
6395
4196
6980
5495
6339
3919
4920
5803
5340
3783
5396
6247
4779
6379
5601
4494
4334
3944
3272
3880
3860
5303
6370
4519
5885
4822
3242
5656
3739
5525
3440
6382
5645
3457
4944
5746
3274
5814
6142
3326
4181
3612
3962
6302
6038
5157
6342
3899
3428
5971
6883
6772
4933
5705
4579
6457
3467
3391
6361
5138
4993
3103
6045
5695
4614
6271
4499
5246
3828
4776
5932
5798
4653
6859
5938
6086
4887
