4500
5592
5156
3285
5066
5109
6611
4045
5969
3998
3125
5487
3774
5318
5595
5095
5469
4843
4267
3698
3104
3476
4697
6802
4292
4728
4461
4512
3854
3867
3257
6479
4912
6938
5666
6349
4717
4269
4214
3967
3657
3914
6236
3563
4690
4267
4099
6443
3519
4797
6795
6574
4421
5881
4564
4147
5750
6493
3970
5346
3405
4199
6781
3308
6853
5054
3029
4733
6451
4757
3102
3649
6714
4506
3230
3635
4027
5547
5741
3042
5142
4947
4091
3805
4271
6911
3825
6327
3896
6328
5486
3127
4287
3293
6871
6745
5781
3375
5861
5473
5457
3240
4868
4251
4395
3837
5949
5744
4938
5780
5698
4914
4412
3277
3060
3167
5574
5862
6526
5557
3986
5914
5951
6509
3242
5442
6061
4459
3474
6224
3684
4108
4871
4546
6057
6654
4369
5746
3386
5230
3043
5590
5815
5934
5009
6280
3131
3904
3048
6240
4128
6929
6812
3662
6102
3152
3357
3973
4561
4365
3219
4053
3549
6013
3677
4622
5327
6764
5098
6377
4047
3864
4874
5903
6472
4262
4807
5983
6007
5645
4104
4438
4252
3525
5739
6144
3455
6885
6276
3369
5907
5138
4309
6045
3774
5726
5317
5940
4696
6988
6105
6359
3920
4126
4347
4156
4559
4412
6862
6310
4986
6548
5828
5751
5124
5766
6258
3675
6939
6769
5253
6975
5969
3809
5090
3500
3167
3613
3025
3424
5854
3405
6843
6655
6870
3550
4971
3926
4100
3686
6105
5173
3402
3615
5106
4905
6474
4297
5391
6168
3841
3944
4901
6426
5309
6215
4789
4783
4773
3284
6008
3099
5579
3267
4151
4680
6879
3164
3637
4365
4304
6646
4326
3089
4980
6998
4243
5765
4478
5273
4518
6098
5234
5165
6941
5329
6172
3717
3789
4204
3602
4435
4585
5385
4191
5170
3468
4396
6626
5956
6398
6051
3560
6634
4204
3361
5370
4116
5877
6678
5896
4038
5155
3768
4606
4429
3908
5486
6457
6539
6347
5898
5540
5662
6920
3405
5371
3806
3639
3647
5397
3875
5712
4181
5181
4050
5921
5439
4001
3086
4877
6153
3601
6610
6103
6158
6609
3147
4858
5807
3559
5341
3646
3290
5320
5087
5797
6525
5966
5107
6480
5814
5330
4322
3183
3859
5249
5558
5471
5388
3710
6625
5453
3619
5244
6750
5350
4165
6749
4876
3891
5066
5326
4121
5669
3485
6824
3582
5351
4652
5010
6894
3319
3082
6970
5496
6266
3775
3124
6103
5966
4961
3936
4000
6651
3396
4344
6581
6761
3516
6544
3811
4683
5366
6036
4659
3857
3013
3086
6403
3710
3412
3425
5319
6756
6656
3301
4764
5308
6052
6163
3648
6965
6822
6739
6398
5406
5186
4583
3316
5178
4967
6195
3138
4228
3849
5234
5620
5784
5844
3271
3453
4840
6143
4681
5081
6329
4493
3844
3514
6722
4940
3700
5688
3808
3458
5485
5575
4088
3558
3235
6152
6088
5648
3320
6255
4736
5640
4204
3019
5997
5592
3145
5371
5504
3426
6274
5108
5685
4532
3352
6110
3568
5676
5679
3173
4154
5146
4925
4333
6393
4690
5080
3206
4816
3029
4092
4512
6555
6568
6946
3779
3725
4161
6704
5667
5211
4716
5241
3429
3736
3245
4681
5727
5062
5301
5429
4931
4521
4185
5474
4588
3590
6378
5960
4952
3821
5338
5593
5039
4021
4317
4871
3455
5799
5250
4701
6546
6583
6034
6912
5041
4624
5750
6620
3885
5125
6870
6405
3336
6648
3293
6784
6337
6415
3007
3738
3446
3075
4332
4719
5197
6924
3307
5767
5847
4397
5450
5471
6259
6289
4870
5911
3249
6044
5826
5229
3552
4549
3137
5346
3957
6163
6278
4969
3676
4147
6705
3049
3765
4918
4731
3329
6833
5214
3495
6591
5021
3376
3766
3073
3141
3907
3694
5524
4646
6083
3101
6282
5526
3317
4620
4038
5389
4010
4738
6534
6013
5972
5856
4566
5987
3905
6863
6505
6871
5134
6069
6724
5981
3578
6178
5863
6633
3318
5847
3437
3224
5958
4893
3278
6428
5082
4318
6300
5791
6872
6220
5864
3278
5396
5153
4055
5071
5369
6673
5191
3861
5721
3942
6674
6885
6073
5149
3373
6040
3733
4888
3265
6724
5621
6491
4347
6246
4322
5519
6521
6288
5021
5315
3878
3147
5818
4178
4885
5989
3107
3673
5713
6547
6703
3094
3476
6157
4675
6646
5378
6075
5361
4274
5521
3632
4240
5162
4727
5377
4076
5648
3182
5386
4224
3229
6863
6906
3278
5432
3667
4512
5164
3576
3489
4081
4666
5203
4184
4363
3999
5107
5620
5447
6108
4517
3768
3880
3259
4083
4993
4856
5892
5313
4144
6858
3336
6773
6299
4678
5053
5467
6450
4233
6300
6725
4851
5120
4992
4102
6325
4296
6920
4752
5192
6004
3226
3950
6795
4445
3355
6797
4402
4738
6276
5096
3862
5244
4717
4395
5275
3377
6003
4618
4822
6446
5659
5511
6435
4637
4054
5686
3467
6671
3591
3900
3800
3375
5479
4867
6586
6790
5894
5790
4218
5028
6979
5311
3736
5874
4004
5221
3115
6019
3160
3078
5589
6323
6653
6876
4528
5232
5603
5707
3717
6245
3209
6183
4428
3196
6972
4255
3589
5519
3734
4939
6845
5297
4803
4436
4233
5204
4292
3707
4868
4207
3183
3672
5946
5900
5315
4915
6984
4057
4412
5041
3641
6084
6895
5939
3112
6453
5594
6225
4297
4148
5321
6140
6830
5450
6758
6278
5828
3197
5306
6504
4029
6965
6308
3280
5326
4634
6836
6670
3576
5250
5583
6446
3400
4137
5949
6762
6130
6196
6021
6624
6699
4115
3691
4928
4873
6149
5628
6369
4244
4168
6157
5169
4047
6402
4022
3826
4799
5857
6909
4873
6674
5386
6043
6456
3473
3772
5070
6723
4254
4488
6158
6359
6785
4822
6501
5890
6191
3227
5113
5214
6950
3789
5301
5381
6332
5203
5178
3281
5609
3473
3029
5093
4207
3441
3385
4911
5291
3483
3427
5878
5112
4896
4501
4764
3910
6482
3867
4116
4596
3812
6403
5503
6691
6239
4201
4658
4238
6392
5607
3485
5559
3454
5405
6868
3239
3048
6909
3373
6308
3524
3014
4458
5022
3159
4592
3088
3762
5618
6419
5616
5943
3095
3928
6773
6598
5284
5520
5291
3284
4347
5148
4875
4492
3541
5159
6516
3386
3877
4077
5778
3599
3860
5204
5057
6468
3675
5993
3318
3657
5920
4277
4536
5299
3618
5956
3394
4263
3991
4731
4105
5238
3612
5795
4526
5778
3330
4903
3287
4468
6522
3382
5483
4824
6868
6604
4201
6580
3235
6231
4383
6843
3282
6471
3189
4327
6805
5522
6226
6783
6775
5041
3084
4689
3134
5184
6218
5463
5631
4937
4856
4653
5764
3127
5200
3867
5081
5336
6224
3050
6312
3352
5434
3967
5388
3462
5003
4465
4127
5504
4728
3583
6035
6653
4603
5746
5172
5875
3445
4624
3385
5247
6973
4151
5193
4641
5697
4285
4512
5938
3114
5572
5087
6126
3054
5050
3082
4312
4672
3907
6963
6180
3196
3644
4335
6779
6809
4437
6358
3330
3187
5352
3747
4534
3481
5172
6324
5952
4315
3877
4649
3188
4116
5214
4275
6123
5655
5224
5566
6916
5958
6813
3340
6202
3289
4418
3188
6756
4170
4330
3560
6465
4959
4723
5815
4513
3971
3160
3490
3626
5740
3663
6547
5075
4145
5521
5949
4118
5205
5612
5019
3780
3946
4933
6547
3818
6373
4767
5759
4940
4348
4551
5303
5153
5365
4794
3444
3245
5509
3973
6943
5018
5288
5928
5969
5579
3190
5253
5664
5896
3955
6417
4423
6187
5241
5422
3310
5884
6280
6055
6154
6026
6353
5029
5058
4075
3437
5691
5962
4880
6344
6291
3045
3921
6496
5354
6062
6039
6350
5081
5921
4343
6265
6093
4397
4979
5250
3660
4938
5466
6471
4315
5915
3446
5811
5753
6290
6120
3667
5656
6447
5419
3190
3837
4854
4433
5138
3128
3506
4769
3112
3039
5865
4778
3038
3468
5826
5767
3899
5284
3023
3041
6974
6376
5067
5280
3965
6689
3144
6178
3698
4228
4588
4172
3789
5495
4259
5552
4300
4750
4404
3279
4462
6439
5504
3225
3074
3079
3205
4979
5272
3866
6171
4961
4402
4572
3441
5075
6288
4010
3667
5074
4032
3398
4855
6656
6092
3176
4490
5663
5890
5361
5025
4414
3925
6200
3904
3389
5010
3346
4074
6548
4729
5441
5768
4035
6046
4600
4097
5100
5525
6310
5764
5406
6080
3500
6144
3720
5215
4747
4262
6455
4378
4983
5546
6909
3084
3530
4584
4811
6678
4714
4415
6409
6347
3591
6600
3682
5645
4287
6117
5986
3204
3651
5841
5015
3865
3299
6338
4682
4258
5026
6754
4012
3199
4603
6574
6276
4991
6957
6075
3670
4915
4392
3504
4996
6573
6833
3493
4151
4145
3367
5472
4328
4788
4351
4279
3626
6709
4707
6127
6915
5149
5864
3117
5351
6643
3808
5524
3439
3124
5009
6063
4509
4798
3634
4948
3915
3657
3423
5522
3657
4116
3085
3024
5212
5847
5132
6124
4379
4161
3221
6244
3228
5792
3307
4569
3637
4956
6721
4861
6344
6091
5641
4187
3421
6506
3621
5794
4203
4613
3532
5418
3941
6261
5873
6699
3886
3609
4039
6791
6046
5346
3647
6140
3415
3648
4344
3968
5739
3437
3794
5522
5939
5984
3411
5281
3656
3639
4123
6993
4812
4798
4377
6605
4923
5427
5530
5492
3941
4522
6677
5069
3469
3700
4275
4971
5745
5800
4802
3734
6628
6967
4670
6668
5224
5377
3389
6514
3029
4552
4253
3696
6259
4579
3258
5943
5603
3750
5706
4032
3757
5620
4658
4845
4663
5951
6884
4322
4694
6197
4504
3762
3810
4817
3259
3349
5560
6683
6571
3908
6701
3707
4236
4242
6996
3769
6193
5908
4490
6243
3291
4911
3952
3387
6923
6581
6948
6804
4955
5975
4035
5446
3205
4281
5193
4164
3134
6999
4366
4708
6325
5205
5488
6178
4065
4977
6121
4337
4532
3234
5446
5798
5952
5855
5556
5677
4277
5932
4827
4746
6604
5661
6643
5057
6093
4742
3755
6941
3633
4941
4538
5539
5805
5507
5511
6890
6242
5927
4977
6568
5961
3754
5804
4141
6484
4559
3897
6915
4261
6349
5386
6235
4478
4224
3320
4581
6465
4742
6007
3611
6348
3597
3145
3306
5802
6175
5362
4652
3425
4204
4989
3612
4176
5251
3917
5010
4697
5752
6070
5598
3148
3564
6695
3347
5442
6779
4868
4069
6664
4392
4445
4301
3536
3603
6980
5836
5961
6388
3897
5717
4775
3505
3479
5928
4048
4032
6131
6810
6932
3149
5642
4445
6049
5170
6349
4200
4258
3914
3119
4547
4480
5178
5872
5918
5334
4366
4960
4435
4970
5592
6212
4427
3595
3452
4400
5602
3717
6167
6431
6778
3346
6805
4881
6520
6741
5544
4761
4971
6548
6938
6670
3074
6432
5651
4091
4251
5430
4940
5449
3799
3933
5588
4843
4080
3724
3041
5355
5913
3561
3714
4261
4328
6858
4797
3159
5410
6699
3631
6282
6949
6525
6009
3675
6327
6630
5951
3119
3072
5485
3765
3483
6895
5524
6928
5852
3146
4507
5648
3113
3657
4940
6410
4193
4058
3364
6148
6940
6010
6635
4851
4838
6286
3543
4167
3116
5634
3130
5588
4118
4760
5435
5159
5855
4078
5483
3335
5256
6147
5205
6381
3260
4583
3749
6200
5990
5312
3052
3401
4019
6953
4318
4887
4258
4011
5716
3312
6699
4601
5843
3605
3033
5799
6490
5930
4878
3471
4113
4092
4489
3468
3127
6985
3385
3275
4862
3577
3501
5929
5790
4057
5490
6695
3282
6260
4456
3719
4749
5774
4300
4993
4991
5089
4917
5599
6878
5964
6909
4443
4653
6692
3140
5760
6379
3283
6602
6048
4019
5107
5103
3233
4276
5328
5153
3654
6896
3231
5145
3826
5500
4362
6272
3642
4837
5492
3089
4169
5605
3339
4182
5774
3418
4870
6071
6403
5599
5592
4008
3187
3083
5170
5911
6658
5037
6363
5746
6933
5898
6464
4079
3162
6418
4099
4160
6108
4480
5509
3440
3453
5349
6218
6223
3252
4771
6589
5190
5870
4224
4500
5780
3035
4533
3862
5928
3874
6823
4597
6366
6153
4312
3862
4347
3465
3347
4283
5159
5238
4847
5521
4700
6542
6991
6948
5251
5235
3805
5764
3590
5803
6001
6585
3023
5298
6161
3653
6958
4482
3994
4371
4039
4423
6431
3196
5102
4387
5980
3269
4714
3738
5516
5671
6119
3972
4664
3533
5719
5974
6637
6563
5698
5159
6767
4414
4777
6946
3452
5212
3469
3583
3623
3594
4897
3127
3152
4763
3562
6639
3112
5806
6435
6012
5604
3578
5334
3158
4654
6152
4434
5695
4488
5339
4887
4190
3988
6717
4446
5939
6560
5374
5511
3410
5937
3300
3072
6750
4422
5972
6224
3211
6497
3577
3055
3106
3173
4812
3160
6275
4476
4201
5120
5141
6665
6737
6547
4274
6634
4775
3749
4163
4271
6681
4445
3783
4581
6951
5794
5924
6265
4304
4857
3732
6738
3417
6592
6509
5704
6006
5812
6075
5396
6198
3325
6715
5036
6328
6474
4753
6043
4988
5202
6773
3091
6392
6003
6396
6047
6821
3462
6611
3964
6622
3886
3797
3677
3672
6835
6388
5697
3194
4441
4802
5227
3063
4395
3456
6252
4758
5239
5193
5116
6813
3190
6388
6184
3245
6429
5202
4159
5926
3273
5105
4088
5280
6015
4129
5560
3052
6226
5648
5705
6790
4317
4146
6481
4195
6512
6470
5834
6963
4539
5617
3070
3663
3932
3930
5680
3228
6689
3287
4826
6607
6506
6682
6720
4451
4003
4242
6978
5732
5720
6451
3634
4291
6454
4623
5905
5346
3997
6812
5457
5040
4631
3386
4675
3788
4478
6801
5852
5736
3651
6721
4775
3708
3987
4600
6325
3447
5160
6150
6709
6536
4073
4007
4885
3477
6510
3056
4732
4935
5836
6618
5727
5862
3577
3971
3704
3074
5410
6284
6646
3730
6766
3461
6695
6915
5451
5659
6837
4515
5640
3038
6849
4384
6082
4243
6548
3586
4862
4165
6930
3221
5564
5598
5692
5659
6451
3032
5050
3167
6837
6455
5304
6150
4794
6844
4388
4751
3196
4442
3418
6974
3040
5806
5278
6701
5019
3475
3887
4296
5261
6695
5921
5079
6398
5283
5211
6833
5530
3079
5970
4547
3202
6267
3192
3820
6563
3346
3646
6588
3080
6371
3785
3962
4152
5495
5764
6465
5120
3694
5747
4829
6702
6536
6236
6488
6672
6934
4269
4178
6544
3770
4645
5207
6859
3388
4610
4263
5535
4069
6787
4992
5584
3992
6477
5935
6739
4403
4967
6126
3459
6711
6882
6939
4103
4723
6261
6864
4738
5695
6713
5374
3385
4906
4041
4846
4306
5861
5566
6591
5681
6591
5289
5590
5976
5891
4171
3554
4105
5380
4452
3167
6541
4779
4740
3537
6948
5683
3666
4348
3416
5888
3754
6687
6215
5668
4567
6917
6501
6936
5584
4374
5683
4653
5830
4672
4142
3902
5125
3367
6332
3181
5094
4251
5540
6817
5214
3440
3317
4275
4437
6410
6222
4483
6747
3024
4224
3310
4773
4049
4068
6334
5733
6338
3462
5276
6227
3342
4119
6086
4844
4983
5985
6495
6646
4401
4447
4966
6296
4999
3556
4523
4279
4659
5313
6582
6932
4880
5146
5327
5204
5679
3037
3457
6561
6040
4509
6092
5947
6282
6099
5777
5744
6990
5044
3243
5068
6769
5359
6227
3171
5870
3026
4301
6503
4597
3673
6256
5074
5359
5126
6630
5911
5083
4577
3553
5297
3139
3195
3579
6321
3226
6141
3835
6708
3335
3271
4212
4941
6752
4107
5158
5595
3286
4411
3812
4441
6432
6997
5989
4393
3399
3252
3506
4233
3965
4705
4879
6274
5140
6406
3254
5314
5425
3265
3049
5386
3622
3040
3929
3804
6250
5274
3883
4194
4455
3668
3584
4216
5408
3518
6185
4557
6992
5463
3177
3270
3543
5420
4700
5750
6335
5077
6276
4271
4749
4325
3051
3843
3781
6451
4024
6352
5277
5649
5160
5075
4302
5067
4598
4350
4374
6438
6245
6082
4791
6133
4751
5033
4393
4465
4911
6324
6986
3215
5844
4362
6678
6364
5822
4281
3592
4090
6860
4844
6884
4421
5715
5960
6626
3950
4059
3707
4092
5908
3473
3109
6596
4416
5297
3952
5057
6580
5869
4299
6174
6622
6502
6836
6916
5276
4911
6373
3069
6347
6538
6136
3313
5993
3265
5288
5959
4123
6502
6420
3603
4032
6479
6401
3423
3914
5837
5465
5382
6747
5169
4092
5992
6053
4707
6489
4036
5958
6453
4245
4290
3085
5203
3764
5540
4120
5671
5944
3209
5416
3328
6072
4059
4525
4072
5135
3729
3352
5695
6467
6943
3419
6414
5828
6189
5124
5224
6596
4991
3804
4739
3579
5148
6953
3093
3267
5425
4869
6288
6482
3151
4421
6861
3835
6709
5083
6232
5010
3307
3196
6305
4312
5553
6220
6119
3309
5259
3715
3211
5833
4780
6159
4352
3394
4860
4981
3563
3171
5856
4787
6126
4957
3866
3637
3300
4556
4079
3881
4057
3576
4546
3795
5215
4865
6428
3515
5899
5043
3984
4596
4892
6378
4547
4203
3000
3051
3828
3149
4803
5337
5048
5273
3839
6607
4662
3913
3379
5515
5331
4826
6736
6642
6363
6282
5190
3503
3494
3211
6330
5199
6167
5699
4874
4815
4997
6614
4204
6014
6108
5743
6141
5466
4410
6389
5176
3004
4653
3053
3462
5027
6192
6228
4878
6726
3684
3166
4723
4729
3415
3970
6818
6716
6312
5861
3863
3302
3366
5763
3405
3798
3597
6824
3096
5986
6448
5545
6067
4049
4149
3808
5316
3232
3110
6159
3413
5248
4415
3727
5709
5780
6152
6929
4089
4495
4722
4998
4466
6307
4237
6731
6948
3364
4895
4801
6935
5486
5592
4086
4082
3120
4299
4050
5391
4058
4697
4254
4216
4715
5648
3494
4628
4175
4657
6844
5777
6111
5440
6750
5439
4871
3643
3581
4941
6590
6207
4231
6814
3557
5996
6129
4932
3157
3768
5064
6911
5384
5560
6176
6503
5338
5225
3773
5216
6464
6095
6495
6078
4584
4818
4631
6475
3235
6081
4304
3632
4827
3181
3009
4147
5761
3366
5008
5609
4016
5660
4565
6781
5737
6475
5888
5060
5274
6405
3486
5572
4118
3971
4543
3637
3058
6663
5214
4819
5274
5951
3552
4486
6195
3826
3379
4110
4832
6372
4135
4239
6518
6376
6354
6296
5225
6707
3729
6667
3899
3581
3636
3459
3091
6423
3491
5118
4009
6137
3928
3984
4438
3070
6771
6581
6555
6357
5717
6349
4811
3674
3293
6125
5351
3958
5359
3073
4630
4740
3744
4209
5682
4688
3399
6372
5925
6151
3770
4233
3750
4947
6536
6855
6502
4129
3946
3967
6439
3741
5053
3662
4052
6141
5563
6639
4470
3530
4929
4398
3045
3532
4105
5118
3401
6278
5046
6039
5092
5174
6048
3381
3337
4632
3745
5634
4595
4707
4678
3810
5037
5511
4494
5159
5856
6703
3329
4349
5661
3473
6981
3747
6799
5788
4650
3233
3923
6586
4769
3800
4240
4661
4229
3396
6382
3073
4714
3142
6584
6559
6112
6410
3108
6174
5919
5335
6356
5671
4947
4827
3824
5704
4653
5602
5538
4264
4115
6042
6864
6083
4250
3760
5982
5076
3504
5835
6902
4657
3324
3493
3044
4185
4715
4272
4078
3144
4230
4057
4694
4809
6373
4630
6497
5178
4186
4369
4103
4175
6225
5780
5653
4245
6169
3790
3696
5115
3960
6408
3707
3314
5919
5631
4697
6330
3121
5910
6681
4848
4491
4610
3082
6375
4312
6883
4566
3927
5759
6805
3547
6487
5885
3467
6909
4061
4921
3498
3237
6355
4657
4066
5132
5122
4917
5204
4658
3301
4112
3743
5825
4405
3321
5642
5819
6706
3231
6163
4312
3252
3850
3897
3601
6567
5664
6338
4132
4791
5014
5013
4132
5383
5891
3798
4437
4930
5711
5345
6346
4377
5665
6745
3441
4268
5454
5119
5822
3088
6852
4525
3519
4114
4898
3229
5171
3374
4900
4221
5924
6893
6177
3675
6229
4878
3354
3381
5112
5732
5929
4782
6041
6804
6513
4748
4386
6131
4645
4488
6062
3190
3700
6420
3842
5420
3884
6664
4155
6075
3229
5639
3336
4328
4013
5035
5505
5472
4957
5719
4730
6533
3630
6211
5061
6488
5207
6651
5037
6555
5082
4266
4441
5143
6234
3311
5234
4884
3559
6210
3760
4000
4360
5118
5984
3594
6286
4788
3642
5038
3334
3184
4316
3320
3870
3723
3703
4003
6782
4210
5017
3974
5373
6737
3059
6975
4952
3038
4578
4124
3963
5091
3930
4283
6199
3003
4952
3140
3677
4978
5083
5193
3524
6592
3205
4628
5645
6282
3332
3993
4983
3118
3756
4559
5074
6719
3613
3738
6007
3065
4903
6100
5437
3718
6771
5268
6004
5908
5263
3957
6247
3406
5583
3809
6506
3914
6726
3857
3687
5189
5706
3318
4206
6623
6673
6384
6807
3487
5052
4311
6140
4690
3371
3658
4071
4603
6267
5667
4789
6316
6989
6508
3228
5893
6633
3688
3928
3145
5715
5227
5189
5167
3337
3279
4262
6869
4589
6220
5388
4295
6681
4205
3113
5006
6766
6729
5205
6396
4214
6801
4028
3913
6107
4710
3521
3460
3743
6882
6504
5138
6518
4591
5983
4417
3448
5580
6099
4993
4831
4517
4532
4004
4817
4787
4165
5810
4005
5673
6029
6310
3241
5996
6105
4477
5845
6416
3734
3613
6165
5452
6651
5351
3036
6227
3907
4286
4029
5093
4943
5096
5426
6632
4378
5637
5639
5934
3475
4820
3513
4576
3104
5218
4202
5349
6448
6878
3254
6304
3268
6162
3105
5956
4715
6519
6257
4528
6025
5948
4812
6528
5321
6406
4709
5669
4175
6739
5689
5891
5945
3733
5065
5514
4604
3934
5958
6150
3479
4580
3237
6369
4982
5247
6817
3144
3259
3313
3774
6978
6114
5469
3090
3240
3505
6433
5650
3599
4040
5204
3991
5584
5166
5643
6373
5801
5257
4631
6407
3712
4998
6021
5102
4016
3924
3866
5887
3564
5977
5528
4546
6371
6998
6784
4874
5516
6142
3298
6504
3099
6058
4700
3515
6697
6903
6375
4053
4352
4949
6812
6028
6470
4029
3871
4957
3588
6828
6324
3049
3184
6940
3838
6833
6983
3776
5534
6492
3673
6051
6803
4508
3059
6456
5564
5667
4408
4150
3132
3185
5373
5124
5827
5432
3327
6779
5598
6529
6928
5278
6911
4357
6793
5201
5423
3129
4885
6903
3547
4464
3899
3691
4405
6718
5396
4406
6047
5566
3399
3229
3794
3944
5574
5306
4760
6897
6505
4876
6086
6421
4603
3747
4473
3643
4763
3726
3492
4348
6035
6077
3661
5037
3189
4442
3090
6957
3937
3543
3973
5801
6952
3437
5951
3039
6844
3502
3359
4219
4030
3499
4252
6205
6344
3206
4994
6215
3025
4779
3931
4409
3624
4458
5780
3417
4736
6528
3236
6729
4335
3324
3122
3097
6125
4447
6471
3414
6243
3602
3763
3424
6774
6928
4322
6031
5960
5221
5853
6807
6832
6441
4669
5946
3415
6054
3318
6345
5296
3089
4080
4899
5677
5478
4724
5895
3989
6729
5257
5527
6420
5461
3606
5346
6412
3741
3066
6735
3773
5835
6696
4334
4363
6409
3144
4914
6708
4897
5912
3292
4267
6158
3740
4862
6681
4962
4303
5311
5445
6840
5579
5477
4989
3174
5136
3161
5628
6681
3850
3741
5423
5241
6400
5089
3619
4509
4858
5282
3051
3014
3007
6207
3441
6803
6901
6685
3959
4837
4209
4691
3172
5831
6709
3782
3484
6341
6667
5019
5958
6453
4515
3262
6276
3824
4477
3473
3314
3922
4736
6347
6330
3566
6707
4296
6769
4343
5309
5874
3784
5202
4129
6490
5178
3768
5574
3548
3885
6856
3093
5527
4296
3219
6195
3525
6207
4031
6486
6378
6523
3337
4421
6333
4581
6999
4172
5776
4480
6005
5119
5181
6115
5000
5051
4617
3776
3612
4253
4097
6512
4550
4511
3574
3085
4011
6748
6138
5217
4695
6694
6322
5124
6109
4925
6358
3109
5595
3315
6983
6141
3599
4462
5218
5854
4714
4584
5945
6097
6276
5682
5260
6774
6197
3164
4643
6119
6504
5428
3532
3783
4262
3048
5212
3355
6655
6579
5792
5540
5469
4760
3096
5903
4543
6008
6376
3589
3178
6461
4467
6690
6402
3816
4368
4021
5747
3467
3369
3366
5366
6838
6336
3786
3667
5118
5005
6652
6825
5432
3973
3565
3007
4700
4732
4818
4882
6227
3681
6206
6513
4399
5668
4206
6030
4512
4188
5077
3958
5665
3381
3591
6889
3683
3158
4033
6574
6642
3055
5840
5235
4348
5835
5240
5047
4444
3087
4043
4384
6420
3878
4370
5493
5694
4454
4071
6029
4585
6166
3151
5484
4364
6961
6738
4154
6440
6172
6630
3049
4297
4129
6691
4873
3617
5194
5242
4340
3781
3655
6455
6608
4788
3920
4003
3746
5558
4343
3308
4196
3817
4774
4455
3286
4371
6428
4981
6525
5213
3665
6256
4569
6584
3713
5177
6434
6159
3892
5031
4561
6796
4626
3433
6020
5586
6059
6270
6718
6576
5380
5070
4280
3527
4529
6132
4634
3119
3401
5138
4732
5241
6687
3500
5160
5514
3329
4805
5618
4355
3849
6369
4866
4139
6868
4753
6677
4547
3697
3906
3133
5516
6508
3712
6170
6542
4095
5598
4583
6911
5979
4497
5557
3439
4316
4436
5592
4696
5395
6022
5885
3338
3314
6760
5508
6041
5392
4213
5864
6784
3585
4210
5543
3624
4277
6603
4744
4966
6281
4596
6972
6182
5908
5731
3449
4491
5916
6990
3458
6761
6897
4230
3110
5424
6517
3470
5931
5746
6049
3099
5277
4472
4044
4919
4527
3546
4938
3670
4609
5392
5487
6032
5282
5829
5667
5956
4362
4103
3880
4927
4412
3968
6837
5763
4936
3429
5872
4048
6722
3280
5987
3900
4781
5094
5806
3399
4986
4180
4663
3765
4557
4628
6612
5536
4728
5768
4918
4079
5764
6606
3457
3167
5268
4018
3344
3831
3063
6266
6576
4227
4242
3280
5687
4859
4393
5809
6875
4013
3266
3676
5354
3944
5492
4307
5453
5718
3582
3840
4438
5013
6528
5371
6471
5836
4035
4345
5182
3456
6301
6594
4197
4593
4577
6747
6780
3539
6763
5944
3770
6707
3210
6429
4605
4203
6974
4196
4855
5974
3151
3348
4822
3076
6371
3339
6172
5414
3007
3802
5105
4516
3399
5192
4072
5566
5112
3850
3604
4439
3431
3014
6472
5753
3831
3632
4558
4605
4386
6393
3110
4379
3360
3036
4914
3152
3302
3051
4596
6476
3221
6413
5112
3524
5868
4931
4284
3650
3911
6054
6648
4484
6592
3044
3566
4479
6172
3777
4560
4017
3464
5188
6918
4261
5998
6465
6548
5705
6574
6228
6235
6472
3505
4129
4189
3722
6243
6251
3263
4266
6552
4246
6823
4317
5840
3268
3265
3144
4725
6491
3825
4038
6602
3781
3002
3095
5920
6507
5064
4157
3419
5740
4973
5219
6881
6398
4921
3083
3342
4202
6278
5622
6363
6486
5295
5968
5863
3274
3642
6321
3891
3061
5452
3760
6051
3177
4336
3659
3929
5051
6695
4191
5741
5922
3168
3104
6944
6985
5368
3260
6519
4889
4571
6951
3284
6195
5056
3709
5400
5949
6763
3326
6051
6329
5061
6516
6943
6655
4951
5043
4798
4767
6655
5478
6315
5502
5523
4535
5141
6705
5549
6019
4037
4809
5647
4389
4615
3829
5345
4338
5805
3461
6839
4304
5621
3797
3801
3404
6274
5837
4509
3699
3975
6089
6548
4768
3654
4137
6407
3285
6624
4817
3803
6957
3104
3048
5614
6266
6732
3717
5604
5698
4604
4202
5698
3854
4766
3483
4611
6312
3251
5727
3781
3556
4605
3501
3202
6236
3828
4260
4265
5438
4046
6547
4252
3331
3673
4277
6929
4447
6753
5509
5551
3295
3085
4201
3748
6041
5639
