4500
3834
4674
3708
4342
3573
5801
3739
6227
6636
5030
5510
5141
6299
4732
3154
3124
3610
5049
4943
6929
6866
6873
4575
6015
6004
5895
6052
6374
4331
5037
4257
5343
3761
4345
6502
4215
5697
4884
5161
6070
6349
5547
4242
6175
4583
4670
5852
6721
5370
3972
6016
3660
6000
6567
5937
5043
3902
6288
4929
3968
3751
4816
3180
3753
5503
3110
5384
3994
4341
5298
3049
5619
4070
4328
4782
5390
3836
4067
4900
4574
4345
5367
6917
5377
6296
3848
4673
3380
5487
4171
5916
3659
4770
4783
6227
3970
5615
3935
6940
3312
6269
3383
6756
6211
4532
6544
4872
6355
6051
3154
3018
6059
4664
4233
5423
6253
3741
5338
3134
6874
4715
4091
3219
4542
4076
6171
6853
4484
4598
5161
3939
6802
6985
5852
5363
3760
3236
6703
5528
3116
6848
3220
5589
4770
5063
4905
6849
6198
5953
5217
4899
5573
4558
6943
5877
3945
3999
6681
5459
4274
5268
6163
4888
3681
5295
4269
6317
4754
6072
3164
3086
4651
3888
5026
6269
5378
5300
6073
3338
5947
6840
4244
4313
5605
4291
5244
6420
6529
3432
3461
4967
3018
5808
5038
3896
6408
6445
4647
5627
4147
5446
4783
4906
6209
4401
6814
3928
5745
4519
6584
6943
5849
5353
6790
3624
6987
3319
6240
3870
5311
3139
5715
6769
6372
5822
6378
3106
6895
5550
4038
3521
3297
6180
5136
3518
6382
6063
3200
5914
3352
4221
4617
3437
5574
5228
4464
4159
4886
4223
5625
3399
5504
6970
6367
5972
4997
3090
5951
5628
6384
3247
3594
3665
6231
4023
4599
5847
5616
4511
5172
4261
4461
3241
5807
4542
5877
5947
3050
3069
3104
3366
5855
4803
5463
4731
4437
5659
3290
3171
4949
5445
3102
3299
6452
6383
5634
5561
5177
5577
5792
5389
5792
3723
3375
6655
5171
4622
3994
5512
3082
5087
3392
6459
6881
6612
5010
5066
5689
5509
3232
5635
3928
5355
4529
4752
4065
3531
3283
4238
6547
5001
3545
5030
5120
4468
5140
5099
4426
3546
5379
4557
3629
6854
6532
3311
5108
4331
6352
4216
4365
6839
4128
6267
5967
4925
6963
3279
4312
4811
3002
3357
3433
3502
5438
6297
6747
4324
4181
6412
3516
5150
5938
6300
4637
6705
4949
4314
4230
6641
6827
6038
4308
4544
5714
4534
5068
4978
5340
6490
4585
6875
6535
6701
3398
6184
6311
3617
6714
5882
6589
3833
6157
5894
3175
3321
4623
3571
3383
3207
5609
6062
5388
6230
6125
3269
3183
4775
4862
4344
6981
6688
4010
4227
3812
5370
4083
5601
3139
5307
3316
6272
5260
4691
5649
3433
3051
6551
3859
3261
5126
3011
6222
6983
4232
4027
5664
4440
4302
3213
6542
4197
5185
5960
3309
4565
5104
4697
4432
6829
6218
5031
3052
4377
5262
4503
6163
5524
4523
5741
6300
4946
3881
4763
3476
6476
6069
5801
4485
5580
3669
4257
3629
5948
4338
3034
6444
5945
6821
3543
5115
5990
4076
6500
3264
4945
4825
6058
4409
3797
5829
5942
6309
3165
4862
4637
6933
3269
3631
6544
4583
5587
3858
4965
6775
3854
5162
6700
4994
6032
5909
6557
4284
4820
6691
4388
5535
5038
6222
4053
4416
4339
6292
5155
3735
6019
4123
3400
3638
6391
6154
3689
6585
5328
6181
6626
5297
4423
3826
4195
6691
6442
6930
3499
4302
3043
5576
3780
6067
3463
6258
6663
4588
6957
5077
6856
5495
4081
3647
4671
5104
3402
5233
6636
5461
3002
4524
3657
5513
4525
3066
5111
4555
4857
3863
6966
6766
3193
6875
4163
5760
6443
6805
6311
6419
4947
3666
6839
5410
5652
6755
4282
6864
6483
5312
6299
3740
6787
4850
6782
4201
3582
5131
5221
5062
5627
4744
5123
3578
5586
5158
6745
6890
3238
4136
3205
5238
4460
5153
5925
4071
5278
4681
4850
4003
3593
6288
6905
6085
6107
3275
4763
6098
6725
3362
4455
6549
6876
4984
4534
4242
6415
6416
6149
3842
3646
5241
6944
4320
6735
3180
5927
3654
5214
6888
3837
5020
5839
6608
6140
6512
3605
5897
3536
6041
5860
5981
4943
3441
5103
4318
3191
3444
3053
5366
6153
3736
4526
3620
3731
3073
3609
5233
6811
3608
4820
6921
5579
5157
5750
5121
4800
5018
6261
3539
3277
3811
4542
5891
5890
5705
5918
3062
3633
4334
3229
4220
6692
4118
6233
5202
5967
6834
4140
3175
5468
6335
6925
6136
5109
3987
4189
6434
4872
4887
5943
5901
6773
3164
5512
5069
5422
5318
6679
3124
5495
4170
6069
5979
4356
5262
6872
4687
3103
6244
6316
6854
3736
6363
5348
4365
6770
5409
6120
3049
3153
4697
6945
6408
6989
3755
5020
3105
6515
4092
5286
3935
3230
3883
6823
3363
6597
6742
6847
6718
5193
6694
3039
6325
6686
4765
4110
6855
5158
6629
4478
4437
6566
4403
3465
5016
5891
5912
6736
3842
3392
6374
5643
4909
5232
3265
3120
3366
5645
3429
6221
3303
3499
5075
4184
5549
3029
5027
3592
5242
3669
3705
4016
3233
3728
4337
5793
5722
3944
5089
3331
4655
6593
4246
4447
3241
4074
5064
4297
3749
3799
3471
4328
6810
6644
4496
3093
6918
5671
3635
5972
6682
5374
4464
4085
3773
5237
3185
5032
3271
5967
3152
6221
3290
3238
5572
4829
6792
3185
6782
6753
6264
4999
5504
3641
3572
4997
4687
3814
4498
6833
4812
6080
3488
3097
4316
3047
6618
4169
6735
5349
6511
6647
4680
6395
6176
4198
5215
6460
4793
6259
5324
6011
5873
3438
5701
3666
6918
5078
6783
5609
4679
5342
3429
5289
3828
6509
5373
3795
3208
4675
3552
3373
4909
5934
6809
3571
3196
3617
6276
6972
6070
4772
6530
5240
4594
6140
4331
4871
4089
4289
6031
3811
6629
5240
3499
3461
5446
4569
3794
3268
5623
4007
3675
4432
5179
6706
6137
6084
4096
3864
5688
3588
4830
4139
6342
5103
3773
4680
6012
5915
5805
3190
4114
5654
4225
6671
5344
4622
4867
6925
6705
4877
6337
4188
5521
4206
6599
3817
6669
4904
5482
6521
5369
6280
6447
4240
3853
5994
6000
5833
6589
6556
6831
3889
3898
6875
4513
3496
5458
5760
5097
3163
6759
5719
6859
6134
6563
3370
4860
3394
3669
4807
5578
5945
3442
4926
4332
4970
3736
5303
6652
4194
3772
4602
4056
5933
6813
5561
3762
5916
5991
5092
6614
4977
3389
4446
4246
6165
4218
6348
5765
6887
4309
6942
4438
6968
4816
4750
4109
6904
3309
6444
4047
6213
6994
3297
6647
4236
4616
6655
6092
6011
4297
6966
3053
4613
6990
4444
4104
5843
4131
3455
3576
4564
6053
6443
3034
3144
6493
3863
3339
6333
4076
6179
5088
5610
4718
4604
6577
3513
6976
6268
6700
3542
6323
4375
6746
6903
3276
3627
5157
4467
5236
5327
6614
3362
3105
5832
6603
5674
4795
5904
3048
6090
3606
6539
3351
6976
4255
5480
3574
6871
3989
4974
5163
6262
5755
4273
5003
6982
5622
6966
5295
5209
3409
6439
3438
6671
6683
6990
6009
6657
6292
5818
6866
6545
6142
6330
3045
6505
4698
6456
6858
3103
3624
6885
6442
4622
3262
4300
4605
5144
3879
5392
4095
4575
5170
4137
3217
4691
5566
6257
4390
6851
5534
3622
4150
5343
3573
5591
6807
4978
4188
6282
4336
6325
5013
3311
3657
5662
5905
6234
6024
3268
4768
4090
4808
3011
4780
5835
3204
3267
6372
3607
3946
3835
6274
3277
5052
5990
5436
4355
6446
4208
5497
6664
3291
4439
3181
3339
4856
5635
4058
6876
3548
3274
3077
4760
4879
4036
5503
3513
5251
3286
4470
4639
6830
6027
3370
4114
5651
6730
3752
6699
3259
5554
6366
4075
3090
5150
3839
4365
4521
3526
4221
5484
5184
6114
4084
5181
5469
6814
3488
5087
3267
4019
3881
5084
4077
3330
3229
3389
4904
5527
6153
6076
6005
4592
6056
4888
4771
6424
5030
6001
5701
6647
4194
3412
6498
3568
6452
4495
6259
3019
6063
3017
4021
3932
3166
4337
4510
6772
6079
3377
4127
3065
3536
4792
3970
5123
4621
5529
5277
6193
5467
6747
6574
6960
4900
6702
3977
4904
3940
4565
6608
5032
4949
6033
3706
5070
5460
5840
6778
5534
5178
6802
4744
4912
6694
3867
5436
6887
3569
5069
4431
3982
5305
5968
3177
4152
4018
5548
3197
4050
5588
5508
3619
6891
4138
3415
6033
4486
6548
6693
5927
3346
3495
4148
4685
4457
4406
3118
5309
6289
3991
5003
3775
3242
4298
6323
5587
3887
4996
4389
4107
5945
5402
6032
4519
3042
3150
5486
4574
3025
4231
3320
3454
5521
5950
3769
6088
5806
5696
6705
6775
5869
6949
4507
3493
3741
6281
4318
6122
5413
4196
5568
4132
3291
5069
3464
3777
4285
3975
6425
6164
6223
5096
5948
4172
6013
3477
3903
4349
6924
4580
6287
3124
3169
5028
3003
4255
4572
4687
6419
4642
6236
5025
5702
6767
4024
5862
4437
3407
6950
3328
4452
5506
4011
4006
6002
6414
3582
5934
3378
3022
3490
5957
5018
5769
3622
5991
3250
3099
5211
3052
4034
4266
3723
3954
4464
6560
4597
3177
3546
3443
6738
5215
5653
5730
5954
6309
6841
4015
4544
3133
3475
3449
5721
4494
6486
3812
4774
3698
5505
3372
6483
3844
3624
6364
5879
3842
4014
5196
3060
6426
5799
3336
6397
3524
6291
3046
3776
4683
6840
5611
4098
3554
3320
4760
3808
3111
6373
4120
3238
4382
3943
4101
6257
5798
4012
6102
5748
6122
6825
5143
5169
6216
4704
4647
3810
5167
6709
5579
5110
4249
3387
6802
6126
6881
5667
6111
5808
5124
6209
4586
5215
4236
3311
6305
5816
4990
6940
4033
4700
4003
3958
3563
4197
5728
4175
3770
4908
6166
5566
5178
4766
6277
6647
4551
3270
6059
5298
6999
6810
6461
6534
6028
5063
6403
3753
3457
4002
4471
6708
4958
6172
3245
5539
3982
3473
5944
4225
5418
6492
3577
6074
5019
5395
3184
6493
3890
4779
5365
6427
6936
6710
4003
5229
5603
3214
5473
6403
5582
5190
4738
4687
6979
5825
6685
4743
4423
3029
4372
3109
5739
4468
5671
3190
3718
3217
5017
5725
5848
5161
4947
6204
5631
3217
6013
4560
5692
3029
6451
3273
6598
5887
4939
6568
6612
6988
4129
4746
5129
5405
3842
5482
6960
5833
6955
4828
4307
5224
3925
5371
6874
5010
5500
3135
3165
6321
4271
5373
3123
5597
5125
5886
5475
3676
4923
5952
5965
5840
3511
6784
3694
4207
5251
4630
5206
3423
6834
3979
6626
5620
6877
3694
4868
4672
3009
5546
6953
5689
5187
6336
5030
3792
5594
6684
3397
3167
3782
4767
5000
4138
4936
3493
4161
5212
3194
5197
4104
5623
3569
6548
6764
6101
5172
6410
4230
6338
4716
6259
3730
4428
3087
5623
5718
5652
3016
5189
6486
5305
5869
4357
5945
5335
6394
5133
5078
6276
3255
6861
5229
6275
6341
6364
3747
3254
5155
3610
3968
6718
6043
6261
5293
6441
4560
6182
5637
3302
6180
3153
5682
5860
3514
3771
6143
6850
3132
4321
5711
4965
6721
5357
5600
3735
5551
4237
4140
6328
4743
3760
3477
3533
6417
5908
5294
3085
6442
3254
3066
4536
3486
6443
6130
5095
3288
3752
5817
4968
3483
4564
4626
6230
3557
5275
3874
3626
3770
3391
5607
4694
5262
3916
5688
3005
6965
4113
5332
3732
4045
3823
6818
3638
4285
6216
4835
4405
3749
3193
6439
5509
3088
4937
3044
5081
3086
3112
5372
6899
4034
6824
6497
4865
6929
5601
6986
6989
3706
4695
3854
4886
3546
6764
5211
4718
4287
5589
6656
4552
3310
6743
5399
5000
5744
6074
3118
5265
3866
5957
6701
4372
6386
3205
3226
3465
3265
5958
3205
5935
4459
3808
4094
4952
6655
5515
5783
4726
5406
6986
3950
3779
3653
3059
5571
5862
6927
6784
5710
6893
5738
5523
3432
6348
3764
4787
4029
3840
4631
3997
5537
5206
6588
6004
4396
6457
4832
3370
5629
3542
3856
3660
5457
5620
4633
5582
6650
4134
4332
6670
3912
5551
3343
5206
6686
3035
3081
3369
6353
6612
5422
4364
4188
6591
6617
3436
6609
3719
3072
5932
6421
6608
6552
5347
5764
3275
5313
3111
5113
4239
6652
6362
3514
4146
4670
6801
4853
6989
3443
6734
5870
6971
3180
4326
5386
4591
6367
4761
3764
6813
5133
6563
3195
4293
6381
6652
5772
5001
5554
3184
3329
3768
5966
5717
5968
6268
3615
4336
4458
4161
3251
5379
4253
4425
6464
3656
5896
3973
4702
5544
4441
6059
3390
5860
3957
6241
4607
3655
6507
5371
5740
3602
6632
4377
4246
3231
5638
3709
5295
6053
5940
3740
5042
6897
3785
4223
5805
4801
5259
4409
4734
4616
3805
4893
3458
5175
4929
3584
5941
4137
6448
6894
3401
4753
3450
3872
3499
6557
6782
3705
5595
6620
4328
4061
3768
4456
5513
5833
5604
5795
5512
4501
3068
5171
5920
6280
5822
3509
5286
4268
4078
5629
3599
3142
4245
3000
3109
3415
4803
5818
6183
3242
5133
4494
3606
3646
6208
5655
4563
3995
3403
6085
6411
6465
4002
3297
6506
6984
4115
5173
5638
3122
3311
5263
6039
4599
3905
6938
4595
6156
6660
6577
3791
4773
3910
4593
4083
5072
5371
4071
5803
4853
3995
3311
3702
6975
5665
5540
6201
4511
5072
5549
5252
3429
5668
5667
4213
3862
6574
5986
3647
4893
5635
6370
4474
5914
3497
3526
5902
3486
6846
5938
3123
5932
3602
3971
5301
4118
3858
6826
4816
6820
3662
3856
4416
5032
4197
3232
5595
6815
5303
4811
3628
6681
4573
3467
4635
5126
4844
4560
5249
5477
6665
6888
4531
4097
3005
6247
3476
6668
3471
5800
6743
6176
5062
6430
5426
4419
4607
3482
6726
5060
4466
4023
6072
6313
5782
3395
4083
3896
4148
3913
3682
5712
5480
4058
6818
3239
6500
5103
5771
6799
5051
5329
4456
5536
3841
4832
3149
3464
4310
3801
5657
6070
6991
3723
3925
6262
6131
3737
3467
3950
3595
5071
5242
6425
4447
4695
5954
3308
6240
4262
6031
4558
3434
3852
4233
3053
5370
5967
6834
4357
6953
6849
4363
3557
3001
6778
6479
6057
6182
4362
4832
4180
4194
6065
4667
4622
6851
5886
6759
6438
3002
4857
3313
5290
3622
4326
5048
6428
4001
4786
3010
4708
4481
3343
5917
6121
3360
6181
3719
5740
6365
6758
5476
5922
5086
3484
6520
5517
4771
5662
6856
4397
4416
3514
3669
6963
5543
6123
3350
4658
4163
5637
3443
4440
3796
4429
3383
4146
6001
3276
4916
4305
5418
4315
6975
5331
6745
3283
5614
3843
5208
6455
4908
5279
4548
5077
3215
6510
6175
6459
6799
3777
3393
4117
6596
6807
5241
5818
3278
5452
3602
3515
5428
6473
6808
3159
4764
3437
3513
3919
5616
4234
5449
5702
5489
3296
4583
5689
4462
6630
6583
5168
3173
4688
3926
6312
6708
5147
4933
6665
3457
6009
5565
4923
3256
5563
6931
3698
6108
4951
6617
6670
6083
6501
6300
5675
4100
6451
5085
5070
3016
6298
6281
3708
5507
3755
5877
3941
3660
5138
6759
5884
3745
6088
5295
4357
3173
6553
6492
3685
4204
5594
3190
6802
6309
5124
6866
5266
5615
4919
6162
5031
3034
5196
6361
4118
3333
6818
5050
5316
3716
5030
4977
5134
6487
6593
5883
3799
3132
3873
3562
4587
5664
6205
4818
4036
5128
3109
6553
6269
5763
5041
4568
4318
5220
5644
4586
4574
4551
4264
6844
3935
6870
4197
3670
5470
3341
5490
3656
6055
5018
3111
6870
6165
6245
6760
4435
3587
5852
3306
4712
3986
3865
4008
5458
6923
4323
4260
5563
5833
3558
5796
4874
6734
3684
6982
5101
4052
3733
4910
6947
5684
4500
5153
5767
3684
4664
5582
4103
4486
3529
4846
5497
4320
6541
5522
3075
5136
6147
6404
5919
4753
4458
6381
6361
3843
3849
4948
5301
5456
6768
5630
3363
3879
5699
3013
4999
5889
6081
5980
4850
3400
3258
3647
6996
3635
3448
5482
5988
3092
3129
5954
6306
5808
3210
5845
5982
5327
6815
6320
4455
4754
4822
5932
3124
3886
3353
6237
5536
4720
4791
5203
3011
6424
6925
5954
6077
6121
4995
5568
3738
3430
6428
3198
4721
3721
5299
5494
3213
3299
6626
4788
3791
3081
4394
4231
5632
4450
5167
6483
3321
4835
5244
4154
3740
5473
6142
6994
4287
5809
4703
5161
5617
3812
5629
6816
6857
4056
4346
3510
3310
5019
6647
5755
4940
4616
6145
6762
6681
4248
6092
5541
4147
5564
4570
6018
6242
3580
3114
4794
5279
6251
5087
3982
4869
6336
3660
3719
3847
5134
3438
5689
4227
6498
4110
4413
3539
5770
3012
3550
4603
6005
5704
3034
6217
4024
5728
5101
3624
4120
6948
5202
3569
3892
4787
4458
5190
6919
5703
3923
5322
5067
5047
4284
6640
6591
5404
3598
5140
5260
6649
3817
6119
5126
6073
3497
5010
4954
4265
4861
6614
5057
4522
5172
5830
4388
3228
4054
3132
6689
6039
3313
3436
3918
6391
3105
4710
3985
4075
4511
5221
5517
5915
5715
3353
4153
3960
3303
6974
3920
3328
4638
4885
3837
6644
3939
4126
6002
5974
6534
4203
6772
3217
5596
4162
5475
5789
3744
5873
3088
5294
5503
5515
4390
6426
4108
6092
4208
5508
3093
5691
6403
5001
3567
3181
5492
5677
3675
6373
6602
3276
6834
6825
4970
6445
4985
6154
4470
6014
6825
4359
3663
3604
6430
6167
6301
6360
4299
5943
4370
6339
6050
3547
3247
5520
6909
5430
5794
4532
4228
3456
6239
4134
5919
3882
4951
5597
5780
5242
6001
3368
6740
3916
6365
3687
3392
4406
6993
4765
6266
5972
3521
4901
3130
5609
4203
3926
3455
3942
4993
6965
3877
6192
5457
4961
5496
6889
4908
6967
3126
6025
5575
3805
6009
3283
3938
3113
6152
6950
4919
4545
6239
5090
3483
6791
6752
4626
5593
3123
5853
4918
5181
5168
5114
6303
4625
3991
6392
3785
4537
5953
4982
5199
5926
3540
3149
6485
3211
6716
5223
6232
3407
5320
4010
4899
6388
3922
4937
4880
6478
5576
3175
6844
3482
5207
5073
5687
4533
6295
5889
4025
3797
6133
3510
6990
5500
6104
5691
6633
5109
6096
6132
3868
3342
3303
4467
4032
4185
6599
4060
3258
4917
5364
3083
3219
3139
5566
5460
4278
4189
6876
5759
6790
5276
4134
6079
3996
5875
6644
3546
4128
5262
3081
5121
6084
6816
6873
6488
4780
5923
6162
5200
4278
6292
4258
6518
6462
5233
6190
3454
4486
3119
6900
6753
6287
5101
6832
6698
4741
6950
5403
5646
3435
3312
5405
5712
3870
6403
3088
5243
6047
5302
5478
5038
6853
6845
5513
6462
4738
6939
5338
4778
4130
4061
4674
6415
5419
4109
4961
6786
5858
4327
3369
4385
6654
4793
4311
4585
5898
3022
4177
6608
3689
3240
5760
3490
5677
5332
5418
3150
5878
3295
4214
3365
3003
3657
5822
3084
3991
5939
3679
6448
3214
4102
3309
4084
5588
4977
6730
3314
3208
6003
6335
4824
3865
3770
4174
6893
3049
4109
5143
3855
5763
6274
5234
5494
6032
6808
3357
4852
5042
3428
6208
4591
4601
3743
4813
4685
5776
6770
5385
6683
5829
5093
4776
4859
5958
3334
4857
3273
6183
4205
5468
3382
4706
5875
3666
5150
4597
6993
3794
3973
5240
3127
4923
3031
6156
3363
5858
4812
3048
5566
6010
5722
4635
3489
4564
6129
5326
4776
5327
5701
3442
5364
3926
4246
5263
4028
6425
6097
3173
4748
5478
5936
5133
5619
4972
4821
4168
4690
5352
4673
5287
4606
5115
4013
5360
5841
3822
3271
3774
3572
6566
5315
5364
4848
4907
5580
5846
5861
3650
4348
6661
4260
3807
3502
5815
3761
5440
6341
3555
6942
4393
3455
5615
3876
4086
5504
4092
5325
4188
4504
6148
5919
3449
3001
5267
5771
3125
5012
4694
6338
3832
4659
4054
4135
4792
5117
3351
6146
6251
5774
4406
5920
3956
5080
6873
4153
5574
6962
6183
4875
4218
4373
5804
6522
3440
4319
6697
4534
4438
3519
5192
3826
5096
3565
3006
3194
5890
4955
6824
3669
5345
4121
5911
3565
4635
6344
4604
5846
6451
4663
4080
3072
6293
3346
5403
6762
6847
4831
3019
4872
6141
3060
6051
3898
5001
3874
4629
4229
6124
4134
3201
6378
4220
3901
5547
5860
3338
4457
6101
3812
4761
3788
3795
3550
5264
3807
3606
4027
5212
3378
3497
5822
6593
3628
3826
6638
6804
5178
5866
4138
3498
3124
5234
3472
3847
5589
3529
4426
3268
3228
5145
3300
5535
3833
5469
3641
5583
4860
3501
3134
4289
5994
4924
3137
6809
5126
3772
3847
3137
3264
5618
3506
3894
4747
5873
4104
5914
3215
4114
3919
4793
3161
4578
6866
6789
6061
6853
4009
6022
6202
4967
3035
6374
3824
3082
5780
3231
5869
5026
4724
6952
5222
6699
3346
5548
5835
4976
3761
5698
3870
5231
4871
3710
4341
6439
6154
6442
3237
5880
4999
3010
4924
3763
5558
4167
3425
4591
4164
3649
5736
5213
4473
3794
4042
5423
5980
5102
5777
3777
5312
3006
6831
4800
4749
6100
5930
5044
3168
5868
3437
6131
3887
6057
5023
5931
6527
6114
6595
5968
4011
5348
3408
4009
6645
4778
4048
6755
3988
4130
4066
4378
3854
3132
4202
4048
6359
5773
3792
4471
5163
6679
5342
6581
3399
6001
3385
3722
4691
5791
4938
6292
3602
3935
6801
3448
5231
6809
5081
6594
4169
3297
3358
6910
3241
3858
3934
3194
3165
6605
4403
6722
4800
6686
6645
4781
3088
6872
4041
6185
4606
6901
6156
3627
6907
3743
6150
3901
4252
6279
6080
5390
3403
6776
3145
4993
5216
3216
4626
4082
6014
5268
6165
4840
4175
4434
6140
4321
5488
3619
4197
3349
3018
3621
3862
6940
6888
6062
5675
4320
4614
5108
6223
5781
5541
6292
6978
6395
6434
5217
3229
6742
5405
6156
4763
5293
3915
6700
6799
6611
3966
3216
3563
5424
6729
4496
4941
5239
4852
3868
4218
4890
3258
6657
3964
5193
4719
4780
4360
4372
6597
4302
3422
4893
6253
4365
3230
6937
6210
3862
6969
3190
4422
3826
6328
3695
5344
3028
6076
6122
4044
5944
4288
3381
6937
3411
5549
4855
5869
3573
6231
4920
5618
5733
5121
3705
3540
6323
5979
5208
4260
3459
6481
3197
5269
3667
5514
4714
5882
5793
5596
4237
5397
5689
3144
6909
4870
5686
5461
5616
6395
4672
3245
6151
6161
5792
5116
5954
4111
4463
5664
6034
4893
4575
3634
3284
3077
4621
3001
5945
4863
4469
6918
5969
5596
3485
5835
6427
3415
3259
4940
5396
5282
5491
6724
4188
6783
6024
4071
4958
3771
4126
4169
6914
3589
4132
3695
6250
4229
6488
5161
3063
5210
5102
4026
6564
6745
6847
3751
3384
4673
5145
6838
5203
5107
4924
6616
6683
4927
5173
3825
4381
4866
3718
5325
3966
6599
3800
4059
5008
6207
3891
6811
4021
5478
5546
6989
5771
6639
6782
6405
6737
5273
5616
3585
5834
6198
4688
3008
3691
3118
3066
6367
6923
4362
6970
4413
3824
3161
3804
4686
3408
6622
6464
3706
3861
6183
4784
3602
4550
4408
4706
6724
4950
4268
5230
6497
6956
5760
5779
6639
5562
5247
6297
3605
5551
3134
4125
5991
4165
6257
6934
3746
3011
3225
6934
3970
4337
6868
5043
4573
4949
5394
4367
4201
3365
3473
4349
4836
4948
5868
4342
5655
5645
3579
4119
3318
6033
5173
4141
6513
4028
3483
3889
3783
4662
6151
3774
3902
5035
4728
5418
4800
4996
6316
4553
6632
5389
6027
4037
4704
3628
5621
3799
4695
6679
4053
4427
5309
3072
3268
4837
3902
3558
4697
4574
5123
3783
5709
6554
6151
4572
4133
3088
4367
3447
6084
5877
5552
4507
3067
3482
5489
6914
4927
5264
5736
5310
4379
4816
6055
6529
6711
5184
3344
4305
3586
6370
4397
5029
3322
4099
3891
5772
6538
3971
5226
4551
3248
6753
5534
5816
5353
5027
6964
5054
5537
5928
4765
4042
4738
4971
6933
4416
6053
6641
3003
3900
3367
3053
6824
6383
4928
3296
3855
3282
6516
4711
4483
5069
6056
4256
5190
3735
3389
4945
3492
3573
4728
6031
6371
6401
6033
3500
4905
5608
3168
5626
5701
6032
4072
3438
5242
4828
5126
3976
3838
3624
6982
3852
6282
4942
6062
4952
6209
4245
6664
3457
5259
5589
6991
3694
3263
5605
6916
6833
6305
3483
6702
6370
6335
5656
4095
5351
4282
6377
4847
4339
5421
6048
4237
4399
3178
5184
6475
3578
4313
4720
6735
6750
4555
3343
3269
3862
3252
4983
5929
3170
5477
5555
6929
3950
4712
3368
5082
3660
5686
6368
3562
5722
4385
6883
6204
6460
6715
3263
3693
3939
4892
5383
4763
5611
3254
4338
6274
3695
3133
5580
3556
6916
5778
5343
5148
6865
5174
4194
3286
3830
3616
4001
5604
6521
6343
6496
6720
6819
5168
5224
4072
4266
5700
6557
6722
3611
4825
5337
3813
5996
5928
5751
3836
6934
6933
4764
3606
3778
5943
4060
4061
5828
5724
4458
4048
5016
3827
5034
5229
3088
6752
3589
6437
5536
6647
3726
3073
4047
5871
5924
6233
3024
4727
3176
3538
4528
6733
6774
6619
3981
3886
5464
6723
3237
3392
5508
4983
6327
6046
3929
5443
4944
3529
4933
6498
3932
5475
3262
5366
5643
3210
5342
3262
3652
5743
5084
5611
6913
5352
6571
3231
5720
5141
4318
5973
3089
6246
5247
4699
5351
6203
3876
5817
5608
4591
5306
3825
4250
5306
5990
4622
3320
4918
6929
3245
5086
6503
6003
5354
4182
4771
4566
3275
5396
6293
5300
4385
6801
5021
3270
3618
5283
6692
5113
6510
3410
4192
6285
5127
4726
3787
3218
6474
6980
5941
6090
5843
4288
6335
6808
5094
5369
6969
6728
4914
6387
3598
3690
3927
3784
4774
5767
5865
5675
6429
5692
6009
6514
6944
4554
5389
3438
4548
5381
4068
6337
4995
3098
6803
6216
4718
5262
4643
4688
6047
4027
6863
5225
4611
6777
5611
3238
5289
5520
4713
4930
3860
6930
6049
4885
4735
6765
3833
6223
3782
4392
6353
4661
4446
4280
5744
6838
3166
6108
6434
3883
4904
3657
4144
5038
4579
5981
4199
5147
5524
3386
3133
3134
6365
5305
5941
6826
5518
4238
6179
6120
4549
6330
6245
3300
3506
4906
5127
6525
5812
3129
3488
3460
6299
6186
5957
5147
5475
3472
6342
5545
6637
3017
4217
3072
5866
6896
5575
4639
3993
5034
5149
3635
3306
6112
3640
6288
6177
5917
4073
6341
5563
5315
5154
6038
4132
5811
4635
3717
6007
4333
6898
6514
6870
5209
4244
4927
5758
3094
3657
3481
6827
6175
4879
4792
6963
4563
6594
4622
5224
6918
5155
6331
5234
3913
4385
6260
5185
6147
4239
5885
4583
4386
5251
4957
3179
5179
6301
4956
5319
6154
6220
3368
5572
5892
6336
4874
4307
5097
6174
6105
5144
5008
4044
3491
6834
6425
6456
3689
6698
3181
3672
3011
6430
6493
5099
5812
3308
5567
3782
3523
3133
4998
6659
4676
6023
6407
4494
6856
4590
5631
3009
5786
4661
4236
4563
4022
5695
5594
4110
6990
5892
4362
6007
3656
4624
3388
5443
6694
4673
3616
6537
3438
5731
5790
4976
4028
4396
4510
3322
5495
3736
5962
6782
5187
3809
6274
5157
5119
6287
5026
4050
4127
6119
3688
3855
4914
4936
6486
6052
3895
4106
4794
6201
6956
5517
4840
5394
4003
