4500
5938
5458
6884
5265
6279
4982
4915
3353
3399
3736
6011
3648
5045
6112
5032
5666
4455
4650
6257
4485
5457
4558
5570
5471
4515
6182
5816
4111
4374
4067
5417
5707
6757
3815
4619
5586
4707
5186
6503
4129
6960
6280
3470
3235
4406
6087
5332
6691
4155
6241
5916
5643
6968
3709
3412
3439
5703
5201
5057
4814
4732
6724
3065
5563
3552
4212
4740
5050
4960
6386
5009
6609
6672
3090
4636
4425
5178
4728
4870
6089
3115
4861
6353
4801
4938
3082
4562
4784
3851
6978
3207
5135
5293
6058
3026
4771
4296
6125
6672
3705
4191
6273
5247
6886
3721
4573
4802
6933
5021
4571
6162
3416
6039
4417
3722
3663
3927
6038
6962
3717
3262
4259
5953
3531
6564
5633
6721
3555
4057
4930
3037
6155
5989
3051
5615
4469
4583
5764
4795
6809
5934
6420
3367
3678
3362
5590
4904
6275
5527
5248
5171
4338
5822
4141
3383
3330
5069
4884
4075
6815
6144
4337
5104
5045
4597
3982
3099
3812
6165
4068
4440
6828
4795
6111
3991
5803
5980
3819
4203
4067
3352
3396
3146
3200
3929
6851
3375
4690
3369
5682
5375
6083
6764
4850
3465
4277
5456
4874
5518
5239
5879
6099
3800
3316
4642
3556
4201
3548
4006
3630
4898
6755
3536
6320
4356
5978
5268
4996
6897
5602
4985
5761
3674
4428
3393
5044
4816
6521
5208
6728
3552
6473
6580
6729
3011
5532
5148
3402
6173
3620
6033
6858
3827
6806
4772
6791
6796
4826
3982
3954
3771
5480
3807
3132
3002
6979
5247
5482
4317
4272
6267
6838
3934
3267
3473
4548
5907
5491
4716
3467
5217
6060
5899
3957
6388
4115
4163
4007
6480
6000
5229
6299
6663
3446
3087
5689
3885
4578
4342
4148
6099
4496
5722
6889
6565
5806
6517
5881
3321
4094
5011
5619
5872
4130
3622
5668
3589
4706
6161
5129
3907
4600
6608
3103
3570
5052
6100
3647
3449
5196
4725
3410
4763
4143
4380
5519
3275
6835
6884
5465
3161
4476
3781
4545
3912
6548
3029
6417
3489
3442
4545
5723
3119
5433
4490
6474
6329
5181
3502
6769
3770
3762
3331
3346
6765
6837
5724
6704
5584
6621
5387
5532
6094
3669
5986
5154
6486
5050
5192
4643
4699
4364
6335
6231
5003
5138
4334
5831
4828
4159
6371
4892
4798
5689
3680
4822
4992
5586
6127
4260
5769
4229
4801
3771
6451
6621
5469
4584
5593
3706
3671
3928
6130
5840
6431
3262
3025
5758
6942
5286
6732
6481
5782
4991
5661
3288
3374
6857
3815
5686
6628
4866
6654
4033
5857
3750
5695
3372
3737
6537
4246
6137
6001
6131
4207
3450
3632
4429
6996
4840
3172
3899
6693
3657
5735
6984
5066
3301
3655
5859
3248
6295
3903
4048
4627
5843
6500
4735
3663
3368
5851
5520
3195
3336
6765
3860
3016
3641
3151
4679
5916
5774
3874
6274
4845
4598
3229
5458
3918
6303
4075
5248
4978
6622
4966
4946
5239
5444
4360
5057
6963
3287
6295
5437
6103
6997
4089
5481
6726
6496
6930
4880
4603
5315
5509
3677
6249
4147
4351
6495
6293
6573
5876
3626
4090
4370
6204
5854
6323
4672
6908
5034
4957
6920
3500
3284
3545
4491
5446
4089
6080
4539
3073
6676
5319
3345
4195
5912
5998
3692
5271
4523
5402
5813
4752
6796
3191
6357
5915
4345
5973
4893
5518
4132
4112
3819
6064
6189
5358
3234
4569
3794
5486
5171
4340
4302
3407
5115
6518
5223
3864
6910
5192
6046
6085
6418
6701
4899
5600
3781
3196
3896
4075
6646
4370
6159
6188
4125
5310
6987
6637
6056
3110
5351
4033
4655
6171
6806
3564
3600
4089
6962
6977
3388
4482
4784
6189
5439
5631
5826
6903
3248
5014
3035
4336
3939
4728
4999
6937
3189
6712
5218
4617
4028
5098
4282
5282
5753
4682
4080
3925
6731
5106
4393
4397
3618
3424
5105
3405
5712
5127
5536
5753
5901
6302
3083
3861
5092
6379
5732
5546
4203
6360
3889
3054
5072
6192
5286
3162
6966
4255
5084
5374
3684
6839
4929
5501
4441
5551
4637
3277
4497
6800
5104
4235
6029
4571
4050
5231
3595
5426
3401
3127
3987
5217
4717
6648
3463
5327
6632
3202
5115
4284
6214
4630
6980
3638
3489
3178
5188
3446
5511
4614
4420
3977
3258
4415
6662
4338
3184
3523
5538
4680
4246
5676
4028
5372
3152
3230
6997
4837
5037
5521
5880
6724
5673
6876
3099
6049
3914
3053
4272
3666
5453
6273
3080
6728
3392
6253
4863
6239
6096
3167
5932
4211
6638
3985
3858
3290
6677
5188
6490
4021
3211
3389
6189
5285
5976
3003
6072
5901
4997
3004
6557
3262
6874
3512
5125
3555
6346
5031
6285
5104
6474
3004
4732
6813
4807
3992
5251
6481
6500
6511
4980
5926
4127
4436
6357
3340
6247
3024
6489
4644
3059
3856
4910
3778
6749
3202
6737
5983
3760
3011
4147
5100
4453
6291
6146
3958
3026
5510
6064
6641
4031
5446
3973
6787
3760
6085
6813
4243
3059
5292
6849
6190
6411
3146
4827
3481
5511
5707
6964
4837
4476
4576
3457
6400
6832
3097
6223
3140
3541
3286
4755
3518
4981
4432
5633
6024
4105
3856
6952
4766
3895
3414
6520
6127
6159
4186
3083
3650
6975
6661
6533
5693
6973
3154
4397
4151
6423
6815
3770
5529
6354
3392
3850
5220
4494
3975
4837
6194
4433
3064
5996
3508
5614
5839
4665
5837
3139
4694
6482
6805
4385
4191
4403
5758
6914
5300
5229
3731
6090
6403
3962
5282
4951
5534
5464
4571
4621
4320
4962
6164
3101
3142
5090
3700
3685
4489
3527
3130
4086
4397
3396
5504
4145
6575
3474
3254
6224
3732
4232
4563
6213
6331
6434
4980
3292
6356
4026
5869
5014
3209
6903
4724
3928
6633
5089
6649
5879
4176
5093
6098
4955
4029
5927
6395
3389
6045
5973
4407
4591
6143
6134
3266
3577
3970
6590
3475
5641
6630
5631
3319
6395
3354
4918
4063
5408
3897
6431
4973
4435
3990
4471
5553
3858
4728
4432
3430
6092
4881
4692
5694
4592
5480
6806
5274
6370
3659
5077
5639
4864
4897
4491
5901
4251
3351
4153
4409
6610
3063
3018
6455
6550
4335
5879
6588
6575
5888
4431
4781
5147
4588
6489
3840
5203
4253
6900
4523
4575
3343
3455
6655
3248
3493
3697
3675
6661
4369
5194
3082
5456
5862
6303
5017
3273
5610
6967
4713
6545
5556
3281
3088
6405
4815
6923
4951
3633
4139
4842
3505
6141
6701
6183
5121
6122
4570
3118
5251
6289
5094
3419
4288
3078
5082
6534
3130
5401
6543
5156
6138
5425
5846
3261
6518
3098
3832
6747
6367
4976
6785
6658
3853
5727
4507
5005
5915
4247
6363
3357
3735
3715
4916
6594
6218
5918
4355
6829
4974
6687
4427
4252
6481
5606
4433
5454
3191
4484
4783
4091
3558
5145
5456
4809
3958
4282
3852
4934
4354
5041
6324
4300
6850
6824
3297
6234
5812
3382
4547
5901
5943
6043
4233
4520
5585
5450
5950
3036
5294
4090
6359
6269
4507
3197
3508
4848
6832
6223
4171
3290
4815
5539
6278
6097
4051
3377
3560
5818
6123
6663
5921
5914
6609
5332
4059
6294
5085
5151
6134
5239
3690
6978
4759
4991
3682
5909
4258
5056
5291
4082
3487
4857
4214
4275
4278
3186
5481
6782
3783
6517
4606
4692
5670
3800
4987
4891
6970
5112
4916
5529
3137
6173
6633
3440
3438
5232
3638
5796
3348
3510
5192
3773
3832
5668
5286
3321
6230
5468
6201
3391
3350
3090
6994
3601
6006
6519
6702
3533
4267
5411
3190
3207
3146
3637
6910
4445
4948
3527
6589
3618
3356
6716
5609
3804
5887
6870
4431
6949
6576
5161
6989
6180
5582
6452
5321
5720
5741
3694
3088
3008
3390
4033
3334
4810
6902
4862
5911
3428
6573
3302
6658
5727
3923
6739
3689
5231
6070
5828
3568
4289
3335
3815
6759
5301
6956
6078
4412
4436
6476
4619
3903
6131
3603
6524
6857
3892
6504
5607
5926
4962
6422
6311
4747
4171
4655
3771
5882
4658
3538
6218
4913
5868
3543
3824
4648
6621
5577
4008
3870
3828
6014
3423
3095
3252
3272
4011
3309
3478
3428
5722
6207
3994
3329
6141
6195
3738
4352
6304
4831
6537
6535
3109
5154
4750
5456
4939
3559
3338
5528
4847
4413
3661
4011
6185
6983
3505
5303
5122
6769
5234
5914
6106
5908
3164
4115
6747
5176
5475
4746
4531
4179
4297
6095
5497
5293
5789
6237
5693
5411
5869
6363
6619
3237
6787
3624
3460
5196
6408
6643
6025
5247
6210
3995
5352
3202
4756
6892
3151
6953
4273
3776
3598
5802
3010
5493
6649
5162
4748
6219
5389
5033
6650
4222
5638
6176
3967
3123
6721
5492
4673
3083
4887
3232
6292
3888
3304
3679
6094
6613
6209
5719
6224
4881
6197
4774
3249
3700
5244
3325
3158
6598
6840
3199
5930
6804
5182
3507
5760
4243
3305
6615
6310
3346
3223
6440
4095
5177
3843
5731
6641
5946
3759
3412
6284
5427
5044
4058
6958
4326
4053
6070
5986
4455
4060
3316
4373
4993
5513
5806
4474
4527
4896
3807
4287
5585
5242
4453
5009
3529
4410
4737
6422
4347
5345
4231
3565
5228
3693
5448
4237
4846
5682
5200
4220
6528
3846
3961
6425
4867
5074
4181
4235
6102
3054
4325
5517
4698
4245
5634
4423
3816
4320
4834
4396
4904
4375
6701
5892
6979
4721
6783
4269
4624
5399
5105
6393
4114
3944
5920
6650
6601
3575
3499
3788
5511
6769
5958
5076
4516
5378
4684
6512
5962
4910
4389
3514
4854
6669
4702
6024
4699
5143
4467
5707
6018
5628
5226
4982
3467
5346
4870
5160
6688
3057
3271
3959
5702
3903
3691
5298
3366
5021
6709
6274
5747
5660
5173
3435
5582
5428
3354
6175
6013
6693
5104
3404
3668
4785
5447
3262
4129
5265
5512
6512
6502
6595
4932
3633
5165
5562
3380
3565
5937
6437
5260
3375
6105
3737
5152
4444
6415
4271
5209
5257
6162
5213
3933
3641
4627
5680
3633
6022
4394
5204
4362
6989
5076
4347
6293
6469
5210
4142
6792
3138
5162
4169
5993
3009
6634
6220
5732
5001
4840
3324
4341
3521
6048
3917
6730
6959
6114
4690
6385
6776
3917
3739
3055
6076
3558
6633
4965
6202
5623
5103
4095
3503
3876
6294
3552
4335
3063
6145
3601
5209
6739
6357
3530
3288
3924
5652
3423
5463
4198
4935
6588
3384
6141
4529
5319
5849
4672
6163
4883
5304
3680
5641
6082
6346
5420
4144
4705
3585
6422
4909
4917
5936
3564
5109
6044
6220
3028
3846
6400
6098
3641
6966
3723
3522
6632
5089
3929
4971
4302
3254
3930
6750
4293
6766
3286
3200
5364
4835
4428
4073
3817
3682
4375
5734
3276
5238
5233
6967
3480
5476
4174
6559
5805
6685
3088
4379
4529
6417
6865
6097
6982
4969
6275
5861
6895
6231
4596
6390
6117
4669
4447
3627
4939
4880
5780
4853
3522
3784
4339
6350
4606
6499
6541
5084
3415
4836
5274
4533
3157
5692
3212
3188
3089
3184
5799
5741
6152
6617
3293
3059
5349
6782
4175
3303
4462
4309
3270
3241
6544
5773
4878
5833
6367
3283
4270
4993
6888
4128
6699
5126
5216
4776
3508
3801
6656
3582
5993
6866
3596
5716
3284
3351
3190
3148
6841
4845
4973
5126
6927
4533
5108
4051
5175
4066
3722
4030
6736
3837
6027
6550
4970
4592
6240
6267
6251
4606
4378
4028
6187
3737
3820
4641
5271
6819
3735
4863
3047
3066
3611
6563
4750
6557
4733
4430
6355
6541
6672
6300
6326
6642
5491
3827
5730
6614
5839
3449
3995
3089
5945
6759
5154
6140
5853
5824
4249
4354
5093
3491
5663
6392
6212
6678
6687
6250
3914
6941
3593
3706
4214
4919
4898
6527
6560
5322
5163
3473
5777
5911
3522
6488
6811
5693
6126
4189
3246
5426
4717
4245
6163
6063
3458
4738
6790
4844
6241
5264
3863
6173
3473
4296
5627
6452
5140
4934
3877
6773
3210
3775
3275
6451
3149
4178
3253
4644
4656
4937
3710
3963
3122
5044
5890
6913
5633
5988
4609
3002
6633
3559
6158
4973
4813
3599
4006
5075
6696
5766
4460
5512
3516
3808
5046
6472
5426
4236
4074
4201
3433
4021
3566
6813
3371
5212
4861
3286
3736
4327
4336
6293
6522
5312
5570
6135
6553
6147
6674
6150
6122
6130
3199
3249
6245
4232
4240
6751
3608
6001
4304
5748
3301
3661
3072
4731
5824
4115
6970
4211
4237
5542
3056
6776
5374
3004
3897
3019
6760
6819
5681
3210
4247
5863
3326
6392
6693
5009
6738
4378
3169
6036
4121
6375
4232
3125
3766
4803
4968
6135
5331
6879
4224
3263
3051
6328
4127
3581
5327
4876
5057
6971
4602
5299
4639
6024
3643
3184
6952
6885
6237
5152
6673
5626
6212
6702
4523
6469
6736
3748
3809
5182
4495
4626
4839
4519
5038
5709
6842
4221
4180
5305
4917
6638
5732
5291
4250
3409
5943
5369
4672
5252
6438
6116
3953
4858
4924
3724
3385
5044
6185
6816
4935
5273
6960
6110
5551
6526
5642
6907
3545
6113
6717
5780
3385
3269
4718
5580
6237
3513
3770
4779
6987
5051
3469
3148
6319
6770
6713
4632
3070
6677
4259
4978
3688
6940
4621
4162
3009
6760
4612
4630
3152
4201
5864
6231
5547
3318
3303
6536
4114
4448
5251
5796
3133
3251
4933
4539
6196
6161
4765
4719
6650
4279
6403
5522
3484
4788
5917
6350
4854
4025
3764
5629
5902
3348
4776
6478
5971
3132
6019
5927
4747
5148
6628
6417
5759
3646
6602
5343
3539
4385
4753
5363
6791
6976
3937
6855
3310
4060
6877
5933
6521
3281
6603
5916
3186
6017
6497
3237
5984
5857
3863
3503
4750
5849
6580
6202
4071
3906
4039
4062
6220
3482
4933
5653
5063
3521
6545
5116
3145
3850
3524
5247
3752
6371
5194
3124
3153
4866
6538
6081
5741
3646
3650
4388
3808
5235
5455
6605
4340
3798
6986
4803
3415
4926
5886
4035
6486
4918
6959
4199
5142
5740
4899
3016
6729
5387
6702
5073
4214
6197
5559
3597
3936
5914
4238
3395
4815
3516
4098
5743
5363
3041
3873
4149
5614
6521
5021
5606
4863
5713
3136
6660
4923
3660
3183
4685
4786
4461
6831
5682
4037
3350
6718
3846
5596
5179
5092
6910
6377
6155
6218
6228
4169
3100
4122
6672
3797
3704
5354
4982
6200
3389
6268
4663
4796
3901
3835
5616
6988
3635
6933
6750
3466
5761
3913
5537
6869
4204
6411
4479
6514
4421
4445
3059
5983
4005
5800
6299
3966
3482
3819
6382
6730
3368
6796
6136
6125
4676
5773
3128
5551
5311
6676
4795
4334
4205
4373
4080
6866
4087
4589
6070
3752
4951
6002
5236
6073
6091
5891
5518
3325
6141
6761
4369
4875
5576
6985
5817
5961
5014
6858
5130
6894
5330
6412
5593
3349
4060
4771
3511
4239
4780
4029
5660
4860
4653
6528
3977
4302
5305
4015
4121
3375
5074
5101
3990
4197
4076
4171
6002
4652
3965
4510
4518
3205
5234
4836
3980
3648
6278
3446
6294
3145
5338
3431
6188
4794
4660
4363
4560
5830
5173
5189
3901
6010
3280
3690
3206
6548
3341
5446
6316
6118
3184
6068
4762
4849
6099
5368
3756
3809
4254
5166
6178
6242
4813
5069
6807
3279
5281
6217
6228
4132
5290
3185
3074
5479
3481
4711
6510
4073
4622
4236
6562
4760
4946
4115
3078
5344
6400
4351
3320
4256
5657
6001
3509
4613
4400
5137
5520
4631
4475
3651
4762
6000
5422
6300
6100
5851
6584
3795
6159
3750
6444
3223
4508
6191
5144
4690
4415
4741
4228
5863
3616
6946
3201
5822
4613
3353
4660
5401
5253
6301
3017
3570
3268
3368
3617
4960
5462
6322
4853
5762
3136
3134
5991
6028
5452
4550
3029
3502
3032
3843
5071
3074
5754
4137
3431
5488
5423
3572
4254
5508
4040
3287
3068
4855
6120
6528
3168
6213
5721
5979
4088
6390
4327
4936
5723
6263
5333
6742
4795
5467
3826
4266
6444
3187
3939
4216
5420
4062
4457
4231
6077
4787
6325
4232
4578
3078
6488
4479
6494
6952
6879
6223
3721
5164
4075
4718
5588
3131
4744
3774
6404
3532
6171
5091
4060
4147
6932
5240
3830
6551
5611
5145
5894
4939
5441
6436
4196
5891
3224
5354
3504
3402
4951
3027
5839
6099
3669
4624
3301
4022
4649
4112
3956
3151
3025
5759
5639
5666
3552
3492
6008
5623
4703
5488
5993
6004
6054
5314
4158
3737
6832
3081
5952
3789
5919
5646
6063
5172
6516
6423
3571
5816
6407
3056
4897
5811
5504
4045
5171
3982
5298
5931
5951
3698
3990
3151
3260
6666
6634
4102
5662
6442
3829
3085
6803
3253
6531
6757
5253
4607
5220
4380
5701
4806
5842
5004
4894
6749
6042
4981
4801
6521
6546
5715
4555
3908
5948
5893
4676
5272
5297
4057
6817
5778
4331
5368
5830
4292
6874
6070
4386
3771
5655
6506
4057
6657
4061
5518
6846
5796
3128
5495
3301
3201
3341
6103
3196
6189
3251
6933
5302
6679
3055
3611
3685
6565
6777
4802
4311
5611
6581
3314
5958
3642
5960
5890
6479
5641
6205
4286
4013
5048
6993
3099
3153
4206
5890
4241
4852
4589
6503
3697
5177
3559
5688
4813
6261
5032
5915
4231
6195
3143
6550
3606
3759
5826
3550
6217
3303
4174
3366
5871
4808
4933
6364
6477
6059
4201
3872
3408
5685
5593
3383
3885
6603
3697
3143
3865
3195
6122
6137
3363
4844
4742
4901
6321
4443
4065
3581
4140
6351
3020
4052
4295
3426
5744
6749
5537
3541
5513
5487
4421
5267
5905
6888
3302
5961
5503
5640
4420
5277
3254
6642
6183
3304
6955
3117
5262
3153
6417
3795
6805
4920
5350
3657
5010
3513
4099
4998
6847
3996
4611
3600
3355
3166
4219
6110
6435
4434
3106
5265
5895
5316
5274
3477
6554
5567
6115
6209
3043
3929
4965
4214
5085
3187
3191
3423
5442
4165
6191
5243
3996
3168
3800
3397
5564
4801
4605
4805
4263
5446
6612
3117
3181
4126
4027
6382
4884
3605
6492
5844
6745
5571
3778
6206
6573
3035
6362
3295
6264
6240
3473
4023
3225
4373
5336
4217
6300
5580
6952
4508
4037
5869
3847
3509
4938
5727
4266
6004
6212
6385
4988
6597
4840
6051
3305
4328
6268
4936
4924
4029
3363
5875
6133
4440
4982
5636
6291
6245
3155
5434
3826
4261
5894
6904
3250
3677
4151
6813
6106
4707
6501
6590
3519
4848
6705
5383
6741
5939
6792
5113
6811
6655
3779
5155
6367
3039
3094
5720
5353
3194
3080
3050
4177
4763
6648
4720
6915
5558
3746
6842
5173
5367
3425
6117
3043
5227
4754
3813
3308
3622
5657
5789
5130
5006
5548
6167
3544
3685
6833
3546
4974
3257
4242
3163
3953
5834
6279
4828
4874
4356
3810
6244
6247
5577
5391
5946
4497
5313
5432
4810
3663
5544
4742
4345
5608
3449
5441
5303
3187
5247
3569
6886
6070
5460
6647
3735
3381
3504
4787
4987
5568
6178
3642
4374
3105
5074
4519
4321
4863
5365
6976
5603
5182
5737
6926
6756
5393
6519
4828
3930
6936
3945
5540
3249
6997
3934
3805
4534
6248
3963
3227
3856
6671
3535
5888
6668
6915
4862
3450
5257
6280
5581
6549
4600
5721
5535
5238
5350
3548
6322
6518
5474
5310
6687
3306
3219
3756
3145
5536
4536
6858
4764
6117
4075
6305
4311
3877
6561
5126
6317
6945
4374
6501
6839
4027
6697
5293
5038
3832
5922
3498
6380
5482
3816
3954
5249
6883
5184
3448
5374
4044
3576
5749
3019
3225
6482
3580
4665
5968
4978
4891
3240
4419
3844
4217
6609
4102
4294
5694
5727
5476
5710
4110
6096
5759
6032
3258
6991
3520
5042
3048
3749
6904
4053
6816
4453
3397
4713
5526
4204
3778
5452
3476
6180
3069
6801
4244
3716
4563
6401
3250
5851
6390
5477
4200
3932
6596
6489
3879
4614
6674
3292
5190
4026
3301
3159
5403
6633
5778
4866
6003
4866
5201
5811
6798
3337
3350
5093
4595
3436
3844
3147
4648
3436
5905
5695
6587
4369
5262
4374
3589
3744
6113
5917
6509
5984
3578
4634
4524
6065
6742
4088
5638
5199
5798
6463
3233
6875
5738
6491
3657
5506
4929
6396
4976
6081
6161
3631
3401
4454
4498
5716
5058
6618
5878
5135
6205
4355
6965
5788
3227
4865
4377
6229
3041
3745
6381
5645
5047
4027
4132
6892
6821
5478
5835
3280
6364
4340
5872
3360
6310
6808
6931
6200
6565
4836
4268
5261
5199
5205
5027
6272
5513
5539
4249
3624
4337
6077
3303
4433
6486
5513
6994
4288
5516
6874
3169
6546
4220
5148
4009
5446
3242
6325
5831
4722
6312
6052
4752
3319
5912
5832
6071
5461
6790
5002
6053
5687
3146
5146
3153
6937
6389
3214
4081
3204
6038
3669
4984
4858
4496
6841
5522
4284
5021
3349
5034
4916
6710
4306
6117
4694
4377
6493
6654
3151
6673
4520
3984
5753
4104
5808
5017
4557
4385
6392
6182
3612
6711
3438
3533
5145
3743
6578
3957
4207
3003
6383
6176
4827
5189
6906
5194
3142
4517
3757
3071
3769
6712
6512
3031
5290
4818
4692
4995
6181
4994
3978
5977
4598
6501
5404
4409
4441
4952
6303
3227
4542
3936
5202
3155
4497
5318
6662
5744
4612
3511
4788
3449
4705
6821
3191
6284
6828
6771
5816
6630
6242
6336
3029
6105
6670
3575
3974
4473
6358
4909
6365
4912
5192
4782
6838
6237
5056
4786
5078
6894
4419
4616
3015
6642
6342
4457
4076
5639
5238
3885
5900
5454
4107
4555
3577
6572
4168
6270
5516
5691
4985
5261
6136
6471
3802
5243
5968
4312
5251
6894
6045
5426
3966
6680
4927
3955
4575
6757
5309
4005
4899
5935
3064
4864
4133
5952
4333
3501
5544
6552
5135
3330
4038
6884
4739
3597
5749
3665
6915
6454
6251
4435
3308
3598
5059
4101
4691
3860
4018
5504
3423
3623
3354
6571
6033
6682
6333
5026
3106
3391
5606
3197
4166
5884
3336
3439
4802
4536
3681
3704
5900
3313
5333
5850
5440
4770
4253
3101
6025
4052
3499
6794
5517
4376
3465
5449
5839
4356
5154
6940
4011
5742
6042
6740
6394
4256
3923
6858
4207
5189
6512
5202
6476
3202
6442
6415
4195
3794
5322
5988
3234
4096
3695
3132
5451
4304
6234
3948
4400
6389
6700
5657
5900
6601
4712
3825
4822
3316
4811
6191
6482
4690
6613
6385
4071
3242
6864
3195
4113
6061
3754
5271
4950
3405
6913
4325
4902
5677
6573
4250
3807
6777
4146
3900
5410
3954
6653
4030
6215
3126
5998
4592
4013
4629
6605
3141
3178
3396
3692
6422
6786
5793
3315
3092
3843
3031
4798
3030
3545
6196
3210
5572
5964
5521
6932
5504
6669
4880
4268
5715
5548
3844
5422
6257
5332
6563
4199
3327
3974
4948
5925
4524
6060
4808
6694
3283
5316
3134
5605
6193
3312
4397
4123
6363
6034
6312
5224
4724
4986
6527
5832
4818
3948
5976
5603
3169
6427
4956
4277
4184
3923
4869
6891
3427
3922
6986
3376
4543
6113
4901
3235
3573
5708
5619
5234
6398
5534
6997
3228
3635
5860
6078
6919
3227
4739
4199
5246
3314
4153
3961
5928
6279
5460
5129
3066
5396
6846
3734
3181
6846
4737
6586
3339
3758
6883
5737
5156
6626
3356
6763
3235
4470
6500
5769
6250
4455
3530
5933
5861
3258
5612
3456
3134
3771
6652
4882
4440
3976
6038
4295
4331
6313
3788
3884
4330
3664
5746
6664
4926
5535
3682
4695
3052
5259
3157
4669
5392
6345
6230
5000
5114
4416
3299
3216
3130
4832
3329
4115
6057
6133
3616
3041
3352
4585
3443
3202
5493
3240
3506
3993
5895
4977
6568
4504
5905
4136
6022
5713
4739
4247
6824
5338
3452
6684
5652
5951
3963
3931
6484
3092
3222
3996
5695
4905
4609
6895
5922
6477
5254
4840
3099
6556
3981
6391
4979
6832
3705
4051
3982
4001
3507
6809
4536
3850
3680
4843
3802
6526
6697
5739
3626
3085
3485
5402
3927
4459
4807
3655
5722
4883
5561
4264
3963
4721
6261
3702
6408
5954
5367
4371
4043
3348
3241
5975
5069
5688
3608
3585
5106
4170
4598
3729
6252
3848
4995
3340
5251
6848
5982
6660
3737
4695
3584
6740
4319
6453
6965
5464
3607
3032
5532
6806
6059
5828
4602
5988
4582
6080
6186
6412
6974
3334
4707
5304
5862
3159
6160
4859
3619
3307
4100
5476
5629
6496
6334
4259
5254
5752
4003
3639
5501
4735
6564
3987
5034
4679
4418
6077
6427
4106
3906
6347
4164
4792
3489
4411
3709
6580
6761
3159
3592
3762
4131
4546
4635
4906
3034
3204
5969
3858
6234
3173
4703
4321
5711
5074
4838
4805
3641
4618
5896
3216
3721
4600
3937
5296
5361
3524
4688
5695
4361
5265
6021
3411
4563
6581
3626
3213
3201
4175
3836
4854
4108
6364
6108
5694
4179
4171
3374
3131
6466
4317
4588
5794
6294
6624
6284
5690
4514
3970
4051
3623
5834
4902
6729
4292
5474
4969
4244
3297
3513
3892
3944
6813
5978
3121
5387
4566
3342
3633
4521
6431
3950
5312
3068
5567
5579
4083
5408
5674
5719
5908
3165
4587
3481
4524
5770
4678
5929
6855
3030
5535
6995
3838
4401
6768
4700
5304
3533
3372
4106
3998
3972
4105
3123
4846
3013
6172
5311
4653
3200
5597
5598
4801
6388
5114
5327
4439
5658
4616
6423
4919
6621
3206
3066
5602
4608
6978
5875
5921
5627
3888
3800
3257
6364
6388
5043
6548
6906
5668
4986
3171
6563
4481
5439
3959
4344
5824
4325
5612
3378
6547
6290
6356
6799
4404
5143
6664
4190
5163
3581
5847
3361
3236
3262
3441
4491
5223
5499
3393
6239
4741
5789
5055
4568
6917
3786
6311
3885
5940
6291
4322
3174
5222
5922
6664
6338
5718
6922
6403
6501
4255
6209
3092
3527
6671
5109
5102
4647
3645
4271
4134
4213
4808
5635
5987
4531
3030
4270
3414
5364
5199
3301
3394
6502
4229
5495
6732
4203
3415
5110
5727
4031
4683
3205
3379
4237
5677
6894
4687
4514
4597
6340
3226
6036
6113
5321
5810
5031
3642
3495
3790
4113
5815
6635
4573
5611
6092
3087
4630
5386
4869
5826
6117
5706
5373
5259
5038
3051
3542
3920
5641
4833
3259
6495
5002
4185
3961
4150
4746
6528
3725
5143
5169
3905
4942
3434
4521
3650
6098
5191
6258
5709
4522
3943
3251
6256
4620
6252
6762
6717
3420
4344
3860
4100
3048
6767
3187
3946
5669
3936
5211
3336
4254
4852
5718
6640
4133
6638
3216
3563
3086
5114
3457
5164
5912
6277
4053
6745
5054
5881
3434
3748
6602
6339
3589
5959
4122
5446
6745
3901
5188
6515
5375
6436
3135
4804
3136
3596
6081
6407
4537
3873
3710
5606
5878
5476
4842
4942
6855
3879
5822
6933
5486
4552
3594
4767
6754
5990
5648
5978
3007
3793
6646
4543
3795
6229
3773
4106
4382
5472
4024
4826
4247
5940
6987
5768
3284
6950
3771
5613
4253
3730
4302
5959
3776
5474
4431
3619
5980
3626
4247
6751
3519
6570
3409
3968
6158
3084
3488
4222
6049
5501
6189
4914
3414
4258
3666
5613
6973
3833
3134
6094
6346
5361
3176
5369
3385
5688
6930
5858
5397
3053
6780
3468
3278
6515
6946
6992
4862
4965
5236
3157
5298
5069
5410
3340
4989
3747
3325
5313
5389
4484
5601
6139
6464
5569
3864
3266
4008
4542
3851
3917
6130
3545
3188
3067
5644
5672
5059
6870
4652
6963
4697
6782
4882
4171
