4500
5341
3150
6052
3553
6125
5126
6966
6236
3048
4778
3710
5100
3057
4507
4622
6160
5853
5262
4150
5542
6978
4328
4065
6425
5738
5596
5394
4154
3315
6071
4587
5907
3922
3808
3426
5141
3053
5759
4053
3191
4680
4105
3419
4274
4863
4016
4543
3911
6618
5816
4806
5723
4412
4198
3072
5428
6697
6446
6453
4662
3121
3335
4559
5543
5286
4233
4402
6476
3835
5547
3651
4393
4962
3681
4793
5489
5968
6809
4358
6441
4334
3104
5709
3622
3553
3927
5335
4650
3036
5615
4887
5448
5850
6707
4953
5946
5565
6849
5465
3226
4940
6412
3485
5443
3668
3238
4694
4033
6872
4028
4696
5207
5230
5064
6032
3934
4165
6091
5263
5629
4010
3851
5805
3751
6076
3910
5372
3913
6627
3645
3195
6891
5416
3139
4606
4629
5826
5748
4317
4950
3864
4522
3235
6826
4410
3391
6021
5300
6177
4270
3538
5420
3240
3981
4228
3261
4776
3320
5645
5972
4963
4992
5709
6301
4220
4879
6180
5279
3295
6260
3549
4700
5071
6656
5241
5950
6624
4489
4223
3955
4213
4066
6330
6104
6209
4864
5872
6322
3133
3678
4765
6824
5162
5339
6356
6124
5805
4900
4572
5463
5128
5276
6070
5194
4187
3784
3745
3732
5806
6820
4258
4439
5954
6890
6873
5721
6120
4817
4618
5193
6121
6543
3929
4981
4110
4902
4604
6423
6172
6008
3422
5069
6444
3294
6484
3349
3625
6124
6595
4227
4243
5014
6805
5919
6194
5174
6370
4107
3124
5174
5339
4491
4944
6980
5266
5638
5847
5954
3629
6849
4635
3727
3690
3279
6006
3580
4736
5747
5681
3433
3473
5090
4382
5062
3780
3022
5013
3561
3432
6425
6125
6288
6771
4625
6283
4591
6000
3677
5726
6580
5631
4060
3541
4812
4464
4440
3463
4526
3626
5680
6181
3800
3451
6661
3205
6738
6938
6339
3549
3343
6663
5294
4966
3669
5246
3899
5026
3926
3194
6965
5497
6817
6938
6078
4805
5238
5818
4778
4906
6424
5164
6638
6899
5228
6929
5959
3218
6130
3615
3676
3855
6434
3865
3413
3221
3073
4314
4689
5399
5031
6029
5104
3436
3116
6718
6155
5142
3791
4727
4025
6359
5639
4882
5867
6914
3289
4714
5647
6038
3324
6348
5573
6423
5363
3406
5752
6383
6855
4143
5207
5275
6200
5261
5455
6546
5496
6277
5346
4289
4273
6194
4365
4041
3065
6633
5057
4078
4292
4978
3418
3653
4574
4604
3980
3566
6113
4349
6488
5806
5548
4143
5026
6679
5031
3185
3890
3460
6479
3150
5352
4746
5742
4025
6622
6798
3260
6273
4316
3118
5669
6879
5343
5002
6954
4289
4532
6268
6284
5074
3922
4151
6453
6206
5752
4593
3777
5778
6642
6012
4253
6998
4685
5217
4848
3032
3246
3844
3529
6367
6674
6124
4322
6832
4958
4442
3452
5032
3031
5294
5373
6608
3591
6810
4350
6991
4881
4505
4243
6435
4813
5249
6095
6274
4695
5139
6228
5586
4938
4038
5713
4802
5659
3159
6744
5929
6227
5490
3793
6854
5002
6850
4804
4064
5015
6297
3206
3626
6079
3161
6630
5279
3856
6099
4675
6590
5750
3985
4821
3559
3127
3622
4202
5434
6380
5532
6140
5661
5220
3760
5696
5836
6620
4598
6935
5208
4928
5691
6625
6675
5300
6628
3178
3657
5981
3726
4794
6238
5926
5265
3042
3319
6493
4189
5369
5785
3085
5802
4500
6794
5801
5287
5221
6669
6090
3245
5400
5098
6684
3318
3516
5322
6019
3982
4768
6891
5151
6447
4724
6984
6258
6278
6245
6411
6027
5654
6266
4787
6013
4183
6368
5513
6857
5660
4348
3740
4931
5543
3493
4791
4845
4042
6328
3207
3935
6351
5544
6594
6570
5439
5914
6993
3561
6627
5926
4458
5844
5354
3232
5127
3240
6034
6531
3438
3462
5902
6660
3215
6713
3311
3368
5729
6038
3288
5322
3568
3862
4664
5998
5402
3348
4808
5654
4954
5748
6039
4732
6890
3594
6687
5821
3015
6360
5523
6369
3894
5015
4540
4910
3374
3682
4734
6818
3784
4083
3116
3364
3183
3892
3949
5629
5350
4126
3099
5766
5044
4314
6367
5479
6932
3442
3761
3744
3601
6325
5927
5465
6659
4968
3225
6806
5465
4203
5258
4206
3273
5700
4622
4821
6973
4261
5061
3027
3437
6004
5445
4965
6722
4571
4156
3264
5742
5980
6330
6872
6975
5656
6970
3851
6990
5060
3124
6055
4221
6676
5050
6003
5343
6342
5948
3047
3462
4861
6893
3218
6555
4136
6463
6619
3310
4968
6865
4166
6126
5543
4720
5898
6395
5656
4617
5600
3437
4688
5636
5389
4834
6096
4419
6839
4061
4676
6912
3386
5062
5134
4098
4200
5511
3187
5246
3286
6254
6805
3967
6560
4985
3273
5404
4997
3437
3533
4160
6285
4325
6782
5775
5611
3441
5608
4212
3164
4431
4067
3329
5834
3992
3573
6170
3984
4222
3104
3573
4571
3222
6441
6445
6554
5873
3300
6283
6702
4072
4363
4877
6825
5099
4950
4351
3764
5306
4083
6075
4363
3209
4832
5534
4580
3623
3759
3243
6367
6979
5272
6356
3738
4102
3096
6962
4272
3831
4838
6601
3969
6277
4927
6289
6908
3438
5279
4139
5689
4648
3594
5394
4284
3871
6088
3920
3539
3812
6914
4991
5130
4700
3054
5608
6797
4464
6341
4984
6489
3932
4472
5779
6272
3663
6647
4591
6962
6073
4283
5601
5739
5823
4111
4012
6455
6429
6835
4757
5920
4969
5290
5967
4772
3501
5241
5040
6200
6443
6619
3397
4356
4961
6748
5214
6356
3603
6103
3095
3557
6861
4233
4081
6129
5685
5601
3269
5666
5867
6417
6279
3244
3032
3532
4842
3332
4744
4117
5757
3177
5003
5187
4950
5597
3071
5508
4901
5459
6709
6293
3173
4003
5974
6225
5485
5423
4136
5456
3550
3857
3831
6707
6244
3499
5811
4428
5061
3488
3092
5232
5591
5428
6223
5997
4860
5549
6164
3298
5215
3424
5339
5210
3149
3405
5113
6283
5055
4152
5101
5410
5386
4102
5526
6519
5554
5835
5283
6234
3376
4717
4009
6628
3109
4853
4141
4074
6069
5460
5823
3020
5447
5934
3879
4220
3057
6851
4607
6513
6922
4099
3336
6126
3633
6307
6133
3798
5463
5314
3186
3639
5852
4843
3356
5763
3577
5395
6618
6634
3056
4920
5675
4463
4543
3109
4626
6803
5921
3981
5750
3985
3984
6461
6749
3650
5781
4698
6452
5959
3704
3129
3790
4099
6202
5079
5178
5717
4067
4047
3298
5599
4654
5518
4491
3930
5619
3995
3546
4668
5110
4138
3743
3832
4808
4478
3370
3853
5477
6953
6999
4930
4059
5502
4553
3672
3068
6446
3406
3906
5653
4888
6183
5759
3223
5304
4837
6984
4984
4883
5486
5676
4197
6808
3389
5883
3756
4419
6213
3464
3515
4926
6752
6198
4358
5901
6531
6698
3543
5564
3249
4731
3077
5648
6664
6741
4332
4304
3641
6385
6735
3868
3173
4335
5642
3710
3300
3638
3623
5473
4674
3080
3612
5748
4802
6170
6566
3130
3279
6931
3347
6826
4850
5676
4935
6420
4454
5127
5143
4031
4437
4458
5788
6344
5916
3744
6201
5847
6986
4714
5948
6334
5285
5245
6759
3153
5919
6523
5445
5884
6959
3660
5022
4534
5359
4254
4020
5120
4376
4160
5655
5191
5638
5948
5334
6378
5950
5458
3030
5601
4236
3654
3315
6980
4875
6401
3509
5045
4543
6371
3400
6126
5237
3684
3189
3317
4554
4129
6858
3835
4686
4022
3671
5856
4508
6547
6863
6305
3722
6759
4263
3333
4065
4260
5254
3720
4919
5973
6114
6064
3233
4222
6579
3554
3670
4418
4222
3876
4894
6510
6916
3832
4890
6948
3138
6438
3084
5839
3170
4281
5557
4238
3943
3900
4977
6964
3145
5648
4838
3622
4307
6266
6271
3870
5007
3502
3618
4682
3544
5471
4665
3593
6485
4326
4380
3014
6280
4969
3147
3236
4707
5085
3943
5802
4534
5620
3564
4250
3921
3011
5928
5704
6775
4988
4486
3426
3159
6380
6596
3469
3353
3712
6531
5135
5364
6825
4395
3701
4176
4604
6452
5132
6700
6751
6653
3767
5905
5796
3228
3502
6842
6703
6325
6984
3719
3923
3534
6715
5476
6193
6740
4443
6223
3446
5850
6017
5855
6056
5504
5085
6429
6628
5468
6838
3874
5758
5757
4199
5891
5857
3778
3953
5390
6566
5286
6324
6103
5236
5079
5430
6954
5030
4409
3370
4227
3612
6449
3776
3616
4518
4134
5978
5701
3427
4208
6486
3283
3712
4359
4059
5270
3545
6340
6137
4418
3829
3931
3784
3194
4137
5253
3247
3948
3371
3560
6683
5268
4214
6563
5907
6238
4033
5572
5378
6538
6417
3545
5140
6592
4720
3258
6790
3780
3309
4914
3128
5901
5756
6649
3134
3851
6880
6097
4846
6472
4903
6320
3006
6728
5358
5185
4984
3794
6378
6825
3405
5318
4884
3601
6652
4782
4431
4776
3007
4454
3414
4450
6927
3667
6040
6667
6247
5536
5078
5181
4221
4564
4920
6364
6364
3809
3630
3186
6021
4460
5257
5301
3425
5789
4465
6270
5988
5810
3679
6173
4778
3606
5158
5576
6808
3488
3033
5065
6311
4669
5863
4121
5546
3527
6753
4508
6403
3881
4849
3770
5543
3891
6011
5009
3646
4977
4200
3725
5850
3017
6410
5125
6027
5635
5574
3638
5151
4601
3350
4676
6206
4411
4236
3556
4312
5150
6742
6430
4418
6285
6059
6021
6444
6545
5623
4231
6511
3523
6590
3216
3687
3317
4256
3442
3571
3667
5703
6351
3761
4399
4807
3176
3381
3804
6937
3880
4898
6504
5067
3813
6337
4701
4632
6470
4699
3275
4191
5614
3399
5029
3166
5272
5956
4256
6223
3383
4990
4193
3960
3296
6155
4082
3904
4814
4641
5196
5430
5652
5285
5555
5807
4860
4494
3142
5292
3457
4348
6893
5766
6949
3445
3233
4794
5328
3757
4577
3475
6218
3161
5242
3777
6453
3139
6121
4858
6027
4757
5014
3739
5021
5197
5603
5742
3556
3915
5230
5221
5444
6924
4673
6143
3142
4962
4540
6076
5952
6767
6131
3888
3637
6375
4502
4429
3714
6406
3370
5577
4536
5350
4383
5886
3394
4730
6340
5876
3544
5698
3979
5002
5718
3798
3739
3427
5651
6741
4041
4151
3848
3013
5972
4599
4972
5989
5502
3638
5728
5639
3824
5606
4124
5045
4168
3188
3298
3751
5199
5058
3414
3974
3520
3880
6850
4343
4101
3231
6549
5920
4659
4464
3496
6709
5974
6453
5971
3694
3855
4073
5552
4757
5470
4309
3585
6020
4880
4362
5106
6017
6263
3320
4454
5750
6244
4039
5595
4361
3764
3492
5804
3032
3146
6076
3674
6613
5937
5853
5986
5006
5056
6375
6649
3033
6791
5638
6040
3019
4447
4544
4258
3160
5571
5635
5498
3079
4454
4745
6968
6989
6675
3922
5196
4650
6730
6782
5595
6840
3833
6520
4511
3644
6514
3468
5599
3868
5663
5643
5214
4048
3626
4691
3764
6249
3578
5853
6274
6604
3930
5736
4951
5372
6910
5401
4912
5436
4384
3532
6835
6392
6087
6163
6523
5960
3349
3329
3584
6265
6668
5145
4342
3049
5331
5131
3019
3367
3433
4506
6325
3644
4516
4455
3628
5071
3005
4858
5086
5082
5932
3677
6632
3577
4739
6576
3688
4175
4440
4549
3886
5852
5199
3270
3727
6019
5005
4389
6520
5735
6180
4817
4130
3095
3815
3152
6498
4202
4810
4043
4650
5603
3717
4966
4944
4562
3283
4900
5058
3003
5568
3976
3279
3466
5605
3204
3015
6006
3251
6573
3575
4620
4501
6499
4370
4459
6292
6367
5115
6139
4630
3760
4909
3566
5287
3042
4307
5089
5044
3393
5588
6538
3366
6304
6284
4988
5890
3101
6432
3337
4544
6037
3358
4827
3650
4060
3427
3515
4061
3814
4391
3911
3251
6948
4221
4205
6452
5513
5086
5815
5070
3874
5684
4646
4422
5585
6729
5688
5567
3046
4352
4520
3599
3031
4558
5950
3927
4766
6533
6108
4761
4308
6614
6806
3911
5180
5184
3435
3421
6099
6006
5647
4983
3470
3514
3598
4023
6151
3685
5304
5141
6186
3389
5326
3617
4413
4736
5055
3538
6562
5451
4413
6719
3410
5452
5803
5301
3811
4132
4601
6825
4028
5036
3012
6325
6443
5363
5202
6744
6257
4402
4241
6650
4738
6913
6849
3630
4221
3135
5109
3395
4560
3329
4571
4497
5674
4805
6658
3454
5075
6469
3357
4617
5731
4608
4592
4352
5079
4987
3290
5152
6197
4030
3503
4142
3258
4610
4598
5118
6806
5727
6226
6683
6994
3350
6017
4592
3024
4479
3367
4503
4773
3660
4812
5551
6691
4850
4476
6123
6471
5313
3791
6812
5984
5101
3466
5074
3765
6987
5409
5698
5082
3849
6517
4663
6526
3498
6108
3379
4554
6869
6827
6343
4181
4122
3354
4975
5552
3526
3014
4194
4547
6191
5550
4363
5024
6980
4779
5274
3891
4391
4768
4668
5598
6194
3593
3188
6768
3086
5709
3912
6334
4960
4312
6858
4747
4751
6571
4617
3594
3194
4845
5747
6737
5978
6589
5977
6936
3181
4835
5959
4073
5451
3730
6947
5986
6335
3891
4247
6281
5031
3553
3886
6364
5315
6877
3452
5700
3361
6920
4477
3349
4407
5771
3102
3786
3308
3953
5677
6697
6792
6711
3975
6610
3172
5448
5872
6522
5147
4775
5727
5273
3187
6426
4778
4590
3162
5588
3937
3483
6840
4398
5659
3439
5044
3732
5605
3321
6644
4008
5642
3005
4438
3392
3389
4139
3459
3400
5385
4622
5856
3254
4678
4728
3172
3007
5812
6102
5946
4502
6489
3331
3928
6440
6481
6070
6972
5265
4143
3606
6979
4917
3887
3044
6301
5884
4257
3390
5131
5514
4140
5526
3576
5266
3175
6811
5239
6384
3231
6304
4223
5317
5741
4695
4731
5930
6643
6168
6673
6075
4430
4726
3149
4608
4474
6392
4531
6893
4574
5991
4733
4397
5395
3129
5487
3669
6352
5816
5984
6084
6397
6278
3147
4764
4236
6530
5253
3114
4437
5150
3718
4166
4815
6609
3434
4952
5503
3778
4382
6702
5160
3927
6301
5161
4496
4571
4506
4107
6829
5027
3714
4843
6419
6276
5133
3085
3917
3711
3741
6924
4500
6876
4127
3242
4524
3057
3803
3852
6990
6202
4117
3555
4793
6953
5565
6854
6793
6007
4676
3899
4160
6218
3126
3526
3834
4667
4875
6260
4341
3454
4422
5256
6915
6862
6128
4838
6880
6669
4597
3266
5776
4623
5009
4132
4760
6757
6070
6593
5083
4727
5401
3566
4725
5346
6103
6184
3958
5506
3464
3565
3324
5966
5403
3243
5789
5129
4905
4149
5312
6202
6087
6805
6807
4078
3026
5301
4410
5504
4622
3787
6913
4077
6954
4141
3354
4863
4760
4035
3996
4157
4861
5674
6350
3226
6366
5877
6609
3212
4266
6977
3425
4180
6965
4130
5511
3127
6488
4273
3443
3467
3977
4723
4903
6430
6485
3519
6928
3349
6046
4075
6994
3898
5289
4329
4738
3384
5250
6530
4771
6934
4729
4689
5342
6466
3897
6629
4222
4511
6038
3990
5296
6633
3701
5028
6409
4508
3391
3247
3361
5567
6964
4520
5951
5726
6748
3853
5742
5897
6148
3071
3425
4862
3930
5469
4035
5184
4486
4918
6680
3112
4229
5414
3687
3773
5482
5684
4749
3502
6963
6203
5135
5995
4889
6512
5663
5458
4081
3664
6942
6715
3248
5119
3896
3393
6714
3118
6536
6704
4483
6047
3937
4720
5362
4138
4820
6818
6468
5037
6675
4336
4618
6068
5761
4162
4433
3310
4011
3022
3098
6173
4440
6277
6233
6205
4407
5861
3973
6859
5760
5243
4434
5556
5850
4954
4604
3195
3020
3980
3769
6932
4957
4754
5072
6986
4218
3762
3148
6301
4392
3419
5756
3204
5811
3656
3447
3719
6174
4771
3556
5321
6151
6216
3244
3624
4619
4024
6595
5416
4723
4639
3819
3123
6584
3497
4067
3035
4515
5516
5463
6156
4509
3470
3220
3619
4774
3961
4855
3444
3395
5386
3851
5292
3495
3611
5409
6872
6739
6784
3236
3236
5254
5034
6239
3770
5207
5645
3056
6263
5381
3529
3147
6500
6703
6033
4123
6420
4744
6257
3749
5156
5532
6003
5758
5826
5640
6156
4319
6628
4531
6547
5847
3806
5621
6524
4320
3326
3218
6275
4025
6371
5761
6842
6868
5098
6079
3855
3636
6913
5873
4662
3506
3437
5352
3589
4223
3582
4976
6824
5185
3079
4268
4062
3523
5940
5750
6435
6641
4420
6541
4219
5460
3819
6883
5656
5529
3255
5069
4789
6993
5850
3236
3489
3181
3846
4269
6729
4606
3654
3638
4871
3223
5326
5220
4748
5495
4610
3581
3260
3568
3449
5642
3760
4392
3059
5395
4812
5220
6846
3270
3412
4922
4606
3252
5512
6239
6556
6090
4855
3423
5511
3777
5270
3544
6543
4641
4535
5089
6924
6734
5107
5395
3300
6155
5156
4745
6178
3537
4072
5756
4281
5568
6205
3012
3875
3833
3057
5584
3696
5840
3528
5344
4385
6776
3770
4653
6861
3249
3350
6907
6577
5507
3497
5012
4481
4248
6846
4129
4916
5607
5710
5409
3120
3000
3633
4966
3735
6787
5976
3154
3112
3138
6078
5842
4449
6440
6582
6057
4407
6526
5585
3761
3908
6712
5589
6852
5966
6077
3449
3342
3326
5051
4568
6179
5344
3309
3952
3621
4413
3161
4290
4833
4223
5057
3854
4823
4729
4406
5065
4072
3705
4322
4761
6052
5895
5169
4875
3246
5341
3690
3559
3566
5227
3642
3253
4856
6846
5851
5008
5393
3043
6319
5290
3146
4847
6727
6664
4303
3741
6616
3734
5791
6368
3572
3490
6011
5535
5209
4303
3278
6205
4961
5270
6856
6263
5403
5429
4887
5711
5992
6429
6264
3341
4660
6388
4760
5760
5421
5351
4519
5110
6309
4074
5010
3415
5146
4913
4894
6741
3722
5942
5137
5139
3931
4212
3826
3963
4995
4608
6202
4540
5214
3485
5150
4422
5730
3634
3427
4432
4416
6863
3945
5911
5464
6823
5014
5762
3092
4659
6358
6091
3493
4295
3049
6452
3515
6678
4465
3701
5821
3806
5197
5898
4740
5119
4728
6460
3850
5947
5555
4915
5113
4986
3429
3753
4771
3377
5668
6793
5771
3877
5901
4595
3891
4134
3781
3599
3576
4322
3927
6977
3574
6366
3176
5980
3823
4588
6939
3526
6929
3181
6471
6565
5279
6394
6242
4106
6114
3088
6125
4870
6235
6124
6993
5173
3342
4654
6406
4795
4429
5979
3164
4325
5072
6925
4993
3688
6633
4077
6952
4540
5976
6298
6212
3107
4432
6443
3425
3955
6862
5287
6239
5827
6558
5588
5770
5579
6759
4183
3362
3212
3307
4814
3722
6891
3431
4618
5850
6579
5533
4554
4946
3348
3492
6587
6970
3760
6059
4381
5560
6691
6243
4771
4589
4058
4143
5610
3897
5883
4603
6831
6822
5503
4659
6392
3635
6188
4999
3581
4050
6940
3233
3465
6526
5149
3290
5089
6473
4045
4307
3350
5272
5891
6152
5572
5367
5508
3510
5169
6594
3180
3010
4061
6671
6094
4676
5629
3262
3440
6214
6952
3924
5111
5303
6763
6435
3927
6081
3531
3335
6262
6712
6324
6490
6333
5510
4558
4046
6799
3793
5756
3911
6915
5277
4133
5002
3408
5867
5744
4707
6051
6143
3499
5509
5182
5474
4618
5085
6152
6285
6925
3344
5782
6953
4589
3830
6823
4902
5512
6750
5790
6372
3292
4854
3303
5228
4958
5216
3200
5406
6056
4084
4572
5558
6506
6163
3743
4772
3104
5854
6380
4825
6688
3235
3154
6822
5395
3906
6634
3887
6368
3648
3784
6061
4634
5223
6930
5374
4930
5219
4819
3490
3017
6415
3953
4580
3899
3627
5074
5147
6306
4002
3507
3790
6901
3669
5835
5624
4697
4039
3029
6921
4229
6260
4508
3183
3264
6790
3181
4044
4121
6854
4200
4330
5713
4403
3357
3143
5678
4338
5174
3660
5387
4421
3892
6308
3896
5778
5734
3586
5890
6602
6492
3435
3268
4363
5360
5522
3655
6786
4886
3601
5924
3433
3817
5566
5370
5495
6467
4687
3048
6580
6757
4543
6773
4012
5622
6421
3781
6067
4901
3864
6685
6052
4562
4430
6123
5103
3403
4452
6057
6898
3282
6818
3610
6610
3138
6359
4206
5704
6854
6284
3072
6691
3799
4887
3922
4942
4274
3157
5027
5811
5989
5513
3646
3815
4929
5512
5299
3977
5930
4859
4111
6649
5515
3019
6015
5708
5428
6689
6633
4642
5399
6410
3574
5390
3435
3159
6686
3160
3559
5722
6475
4347
6716
3382
4986
5665
4263
5225
4056
6846
3228
4352
3575
3181
6313
5309
6026
6141
3341
5504
6319
3220
4196
6189
5404
5418
4404
3681
5220
5975
6496
6704
3459
6195
6688
3016
3037
5565
3337
5250
3106
4057
3582
3721
4152
3444
3205
4589
5275
6492
5658
3570
6282
6433
6373
3994
6221
3625
3343
3091
3452
4288
6647
4481
4647
4959
3993
3134
3495
5141
5601
5640
3243
6902
5687
3816
3790
4688
6299
4452
3715
3315
4362
5291
4462
4457
5864
5935
4763
5663
3198
3897
3505
5175
6167
5696
3988
4027
5009
3316
3707
6298
3754
6721
4689
6879
3527
4892
5290
3482
5693
5528
4052
3095
5136
6037
3816
6624
6369
4899
3280
4360
4499
5689
6771
3975
5318
5467
5634
4285
3251
5498
3348
6252
5401
3314
4948
3668
6837
4865
5811
4488
4699
3458
6306
5677
3743
4195
4045
6702
3328
3450
4753
3786
3533
5627
4895
6710
5520
4482
5531
3177
3675
6583
5466
3085
4434
3227
6990
5096
5469
3167
6504
5767
3084
5723
4568
3556
6433
3127
4116
4785
3472
3848
5237
6977
4423
3311
5676
6622
5718
6082
6312
6108
3607
3305
3476
4877
4892
3235
6122
4723
3085
6839
6515
3561
6528
3233
3387
5972
6841
3316
3910
3001
3175
3435
3655
4869
4910
3115
5173
5338
4391
3682
5007
3798
3620
3726
3911
3546
3427
4163
6509
5093
6089
3748
3255
4827
6258
5932
5026
5729
5257
6062
5358
3731
3098
3917
6527
5453
3085
6468
5224
6177
3664
3390
3789
5071
6574
6224
4710
6225
4580
6029
6176
4457
4551
6996
3257
3222
3849
3805
3561
3384
3286
6347
4884
5167
6593
5982
3408
6335
4325
5115
4181
4803
6118
5586
3276
3353
4277
6331
5834
4661
4259
6575
4115
4957
5172
6007
5486
3699
5661
4115
5159
6638
5788
6576
4629
3466
6024
5581
3577
5689
4311
3230
6819
5973
3270
3826
4355
4659
3119
4218
6780
3112
3689
3153
3272
4635
3345
4555
3094
3488
5452
4459
6828
6460
6206
5435
3093
3829
3227
4756
4224
4315
5412
4447
3653
5252
5702
4623
4624
3050
3061
6186
3141
6798
3117
3742
5270
6888
5323
4972
5967
3212
5503
5940
5949
4186
6062
4821
5257
3660
6465
6994
5655
3400
4981
4783
5755
4659
4852
3733
5514
5669
3513
4143
4002
6386
3224
5930
4010
5187
6058
3764
4580
5823
5083
6066
4988
4408
6376
4805
3205
4345
4520
4300
6029
3536
3198
3596
4306
5677
4471
4017
5165
3445
3091
3915
3704
5904
3506
6835
4743
5217
4019
6797
4057
5868
3603
3475
5198
3630
5741
3097
5916
5321
4105
6599
6668
4692
6531
3908
5406
3110
4322
6081
4291
5998
3160
4409
5141
4712
5753
3506
3149
5596
5834
4268
5469
5625
5542
5867
5986
5757
6961
6002
4222
6128
6876
5262
3959
4107
5487
3201
5694
4451
5699
6766
5198
4599
3388
6614
5879
3273
5243
6793
6046
5924
4034
6575
3612
3044
6524
4304
3900
4803
6366
3849
3896
3267
3375
5437
6615
4486
5730
5187
4382
5581
4540
6557
3833
5880
4623
5325
3704
3560
3719
6176
4156
5156
6504
6671
6512
5175
4437
4331
3874
6335
3866
4904
3220
5577
5456
3576
6552
3718
6568
6677
6675
3790
4339
4132
5632
5589
6499
3114
6549
4910
6869
3399
3166
4893
6446
3018
3922
4117
6211
4158
4801
5647
6244
5135
4529
4957
3831
3274
3954
6129
5983
4460
4775
5460
5103
5319
3696
6239
6715
3787
3302
5481
5756
6416
3469
4358
3024
4282
6596
6817
6118
3721
4681
3688
6382
3830
5454
5739
5627
5620
6689
6916
4431
5811
6030
4465
3504
6328
6439
5533
3689
4061
3678
3630
4325
5127
3241
3585
3257
4280
5215
5009
5599
4136
6937
5380
4665
5294
3111
4952
6082
4050
3519
5925
3281
4353
6213
6257
3848
6325
4544
6835
3799
3725
6215
3266
3896
4821
4592
5299
3897
4136
6362
6166
3441
6463
6621
5875
6147
4142
4524
3025
4547
5061
3037
5914
4139
6086
6315
6604
3860
3556
6489
5599
3371
4087
3820
4118
6029
3103
4137
5324
3534
5525
4410
3308
3305
6867
4832
3138
5464
5063
4798
4828
6516
6091
4818
4833
5627
5930
5186
6285
3284
3269
4482
5899
4703
6393
5954
4889
5416
6509
3635
5771
6440
5512
6788
6252
3576
4670
3862
4406
6397
6758
3602
6083
4502
6990
5420
4992
6521
4675
6312
4552
5413
3912
3108
3085
4657
4468
5946
5945
3723
4934
3294
3106
3852
3966
4551
6964
3065
6823
6438
3823
4740
3528
3056
4375
4201
5335
6399
5534
6668
3760
3727
3748
3737
4912
6903
6765
3505
3356
5746
3671
4948
5500
3275
3288
6409
6818
4974
3440
6116
4112
6837
3297
4937
4429
3532
6642
6204
4155
4684
4941
3410
5045
3952
3673
5038
6144
3683
4940
6718
4400
6086
5271
5959
4062
4136
3240
6410
4256
5131
6314
6795
3810
3117
4828
3969
4894
3609
6698
4050
3329
3801
6057
3428
6911
5539
5762
5704
5917
4220
4550
5413
3400
5159
4548
4208
6650
4092
6731
4609
3583
3365
3620
6165
3670
3465
5631
4875
6541
6415
5629
6882
5557
5166
5423
4055
6219
6992
4942
5463
3196
5459
5020
5082
6633
3566
4567
5305
5176
5179
3079
5453
4929
3150
4987
4324
6363
3926
4956
6281
4675
3710
5004
5687
6094
3306
4631
4300
6540
3711
6597
4719
3660
5454
4473
6058
5610
3411
5980
6803
6052
3768
6315
3741
5399
4885
5599
5586
6013
4865
3289
6999
4809
5636
6707
5670
4721
3511
3240
5267
6025
5101
6590
3625
3073
6220
3219
5426
5703
6508
3231
6881
3326
4882
3221
5179
3009
4147
6519
6860
3476
6715
6510
5191
3747
6687
6385
6679
5505
6034
4482
4103
4323
6085
5723
4259
6499
5242
4945
6804
3745
5313
5199
4408
5476
5639
6134
4938
3278
4598
5078
3505
3505
5891
3092
4776
3143
4701
5059
3700
4934
4940
5439
6013
5083
6811
6246
4678
5608
5039
6076
3189
5548
4436
5928
5707
6375
3157
4917
6735
3944
6558
3438
4135
3363
5304
3165
5140
5719
4318
3395
3781
3907
4854
3272
3528
5986
6074
6917
6188
4792
4725
3916
4587
5158
4725
4511
3932
4166
4199
4294
6199
3877
6041
3965
5349
5352
6366
3509
3093
6217
6121
6318
4234
4621
5207
5949
4764
5350
6384
6526
4388
6735
3394
3598
5651
3844
6322
4001
5253
6074
3570
6982
6357
4003
4020
4300
6519
6720
3920
5521
5151
6940
5137
4204
3364
3050
4095
4168
5492
5178
6505
5473
4277
4200
3179
5823
3118
6532
5587
5306
4939
6815
5743
5309
5053
3973
6830
4875
5716
3869
3603
6403
3124
5379
6533
6810
5275
3859
6772
6248
5415
6185
5970
4056
3140
3168
3350
5158
3174
5711
3446
3774
6438
3538
4197
3016
3556
6650
6242
6837
3447
6270
3495
5838
3015
3688
3045
6432
4897
3507
6805
5637
4222
6136
4348
3800
3177
3424
3978
4650
5074
5491
3722
5691
4600
5193
5062
4589
4036
6042
6763
6641
3944
6684
3493
6635
3677
