4500
6841
3971
4716
6307
6432
5878
3826
5973
6568
5313
4575
3452
6277
4288
4845
4468
4429
3347
5270
5130
4247
6625
4917
6059
6330
3430
3666
3232
4168
4652
3594
3563
5385
3007
3856
4226
6487
6660
4402
5393
5563
3977
5986
4073
4958
5082
3590
6674
5133
5844
4465
6302
5552
3156
3233
6516
3453
5264
6596
3560
3396
6871
3812
5134
4755
5836
4455
3500
3376
5547
6092
4705
6651
4669
4870
5940
6642
4004
3792
5892
6081
5959
4801
5873
3921
3905
6608
5507
3338
3956
4898
3380
5960
3342
4963
3256
6602
6571
6413
6771
4358
4623
4696
6574
4278
6848
4926
6838
4190
6162
6325
4399
5111
4522
6824
5872
5850
6550
4666
5246
6568
3151
5937
4278
3681
4196
5278
4311
3286
3670
6636
5353
3218
3097
5006
6396
6599
4290
5909
6364
5878
3340
4880
6179
4010
3566
6265
5056
5408
4232
3503
5395
5675
6732
5748
3095
5733
6245
3269
6720
3191
4226
5676
6498
6487
5328
6678
6294
3564
4215
6677
5686
4851
6547
4051
5632
6730
4933
6977
3479
3135
6536
4834
3497
5747
6716
3025
5493
5899
6624
4558
4792
4427
5661
3129
6910
4181
4709
3272
6331
5738
4750
4913
6129
4756
6573
3824
3010
5490
5991
4109
6481
4059
4497
4443
3181
6775
3654
3592
4241
6331
3910
5885
4930
5476
3620
5188
3735
3168
4874
4084
3370
6584
6556
3430
3155
4692
3149
6214
4154
6394
4492
5591
6899
3178
6227
4157
4144
3496
5187
6928
5677
4189
4012
3639
4737
4377
5729
3158
6419
3301
3592
6842
3104
5661
4823
4392
6513
5339
4287
3612
6390
3288
5845
5683
5368
5522
6088
6053
5774
3809
5469
3952
3328
3715
6896
4764
4361
6664
6123
4569
6939
6688
4097
6453
5441
6342
5177
6971
5809
5813
6852
5673
6684
5924
3573
4868
4192
4040
4067
3064
4478
5485
4916
3183
6255
4796
6176
4936
3643
3856
3694
6619
5022
6502
4052
6175
3161
4965
3982
6696
6068
5367
5711
5873
4202
4366
5939
6526
4729
3258
6549
6871
4049
4981
6584
5341
3699
6651
3929
6432
3915
3272
6749
3075
3456
3535
3380
3440
6880
4890
6638
4929
3265
4315
6594
6221
5565
6613
4434
4612
3730
3330
6447
6626
5827
6003
6800
5644
4600
5694
5494
3364
3832
4869
3652
3791
4461
3539
4229
3720
4238
3161
4770
3846
5707
5646
6549
4866
4956
5795
6509
3427
6580
3310
3819
6308
4059
6578
4344
3712
5503
4377
5646
4058
4715
4987
5157
6550
3730
5657
6446
5697
3868
3384
5523
6511
5651
3751
3903
6184
5229
4238
6534
5174
5072
4258
3624
3213
4857
4063
4574
6268
6792
4595
6505
3611
5894
5709
5941
5838
5345
6699
4244
5049
3204
3076
5557
6100
3340
3611
6650
3089
5943
4777
5601
4794
4261
6423
5129
6721
4222
6276
5236
4679
6820
3787
3384
6551
3188
5673
4604
4291
6799
6652
5276
6393
5288
5527
6344
3893
4562
4029
4327
4602
4937
4300
3826
6792
5852
5860
5146
3134
6245
6007
6352
4499
3418
5201
6251
4503
4746
4312
6223
5129
3533
6659
6921
6509
3879
4755
3583
5542
4773
5246
6434
4738
3828
3663
4646
3906
4082
6321
4303
3331
6260
4841
6145
4547
5889
6449
3357
5435
6191
3640
5531
6382
5906
5088
6682
3589
4137
4091
3743
3805
5335
4729
3808
3292
4514
3030
6720
5248
6013
5311
6856
6501
3552
5275
3774
4536
6132
3421
5031
5065
5730
3231
3906
3280
3531
5780
5614
3180
5658
4825
3118
4687
4749
5110
4107
3583
3734
3105
5866
4494
4056
6825
6304
4112
6275
5188
4610
6299
6831
6942
6994
6263
6523
3697
3359
5257
5960
5064
4285
6845
5456
4025
6974
6507
6766
4321
5972
4969
3453
4455
6272
3614
5862
5780
3063
3626
6432
5294
3559
6972
5894
3816
5806
6182
4816
4433
4190
3761
6907
3445
5325
6343
3206
4383
5750
6272
4175
5776
3532
5533
5339
4062
3354
3113
6100
4781
4278
5646
5872
5285
3548
6708
5550
3239
4724
6630
5837
4579
6393
4376
3968
3019
6213
6294
3514
6224
3285
4370
4090
5907
4192
3273
3236
4947
3878
6791
5841
5214
4741
6496
5002
4813
3659
6096
5755
4497
5092
3214
5156
3702
4146
5192
6789
4994
3220
5490
6043
5611
6577
4962
5575
4154
4836
4094
6002
5129
4141
4640
3640
4880
4973
6112
5247
6887
3741
4171
6035
5954
4314
6985
3348
3352
6061
6677
5304
6337
3114
6824
4884
4035
4329
6710
6770
4817
5672
5554
3352
4989
3421
5042
5792
4187
4212
4066
3567
6519
3491
3337
4067
6131
6201
5663
5363
5034
4083
4674
3072
4375
6804
5084
4679
3839
5673
5289
4165
4285
4917
4734
4838
3595
6829
4655
6983
4283
5067
4886
5696
5211
4012
4744
3207
5410
3960
4942
6296
5872
5556
3951
6331
3011
4393
5077
3390
4130
6888
3507
6206
3406
5423
3722
3435
3462
4679
3549
3156
4136
5946
6445
6267
3802
4918
3975
4443
5884
4706
4617
5730
6649
5382
6374
5747
5791
5202
6346
6798
3778
3999
6086
5895
4600
5407
3501
4813
3960
6870
6493
4841
5824
5965
6371
4299
6544
6511
5071
5862
3063
3980
3770
3459
5322
6911
4001
3226
4697
4550
5222
3014
5042
5019
3189
6844
5964
6586
4187
4685
6452
4574
4665
4535
6437
5908
3066
4317
6494
5509
5989
3639
3021
6963
6460
6228
5752
4648
6969
4602
6373
3448
3440
4558
3952
4706
4750
6752
3118
5701
6410
6511
4759
4557
6733
6961
6850
6946
4933
4141
5265
5077
3116
6239
5188
3444
3018
5970
3717
4225
5258
3500
3997
6627
5845
3285
4507
5658
4566
3659
6655
3099
5542
6852
3508
4774
5013
4573
4129
5606
5022
3892
5835
3835
3007
5656
5753
5806
4632
6312
6692
4837
3104
3911
6353
5289
4875
6531
3688
5629
3475
4961
3638
6099
4310
5454
4229
3220
4719
3684
4822
3279
6550
6543
4543
6717
3695
4366
3791
5931
5136
6864
5340
3391
6261
3046
4307
4056
6659
4836
3298
3031
4687
6615
6918
5873
3188
5332
5329
5508
5149
5837
5306
3432
4999
4918
3198
5998
6467
5800
3844
6513
3854
5962
6919
4583
5746
6175
3395
6123
6246
5383
3981
4762
6264
6038
4983
6517
4936
5176
3466
5007
4103
3633
5479
5790
6381
4616
6372
4336
4087
5363
4484
3178
4516
5835
5961
6949
6521
6744
5479
3558
5056
6982
3847
4798
6260
6817
3957
3008
3995
4201
3846
6878
5520
6369
3625
3952
6937
4768
3442
5691
3359
6293
4532
5595
5266
5067
6272
5282
6046
3948
4469
4883
4548
6281
3167
4204
6505
4593
5694
6841
6859
5140
6333
5723
3339
5085
4425
6453
5532
4166
4789
3919
5180
6230
5927
5922
3398
6577
5702
3180
3406
6261
3630
6719
3327
4957
6348
6000
3530
5874
3822
3000
4486
3525
3776
3054
6938
3117
4626
4916
3451
5545
5561
3827
6021
5988
4457
3279
4828
4989
6795
3793
5050
3752
4647
3881
5484
6371
4873
3939
6931
4592
5545
3131
6362
3724
5387
6679
3511
4291
6570
3032
5497
4782
3560
5209
6283
6662
3875
3011
3447
3771
6832
4700
5977
4167
4877
4019
6333
6162
6578
6845
6099
6028
3426
6020
6185
3097
6538
4829
4711
3304
5131
3925
5985
5679
4850
6462
4886
3574
4823
5018
5456
3184
5417
4746
3913
6523
6159
5062
4392
6626
6367
4491
6951
3271
3875
6428
3042
3031
3686
6081
6730
4482
3849
5689
6714
3798
5778
4212
4144
3209
3015
4182
4066
5597
4205
4544
4965
3695
6862
4937
4796
6128
6160
3682
4409
3499
6727
3885
5626
5592
3263
3270
3476
6055
3495
5111
3320
3704
5882
6542
3348
3079
3760
4290
5444
4168
4342
5384
4985
3595
3206
4108
6813
4415
5715
6055
6326
5774
6486
6505
5128
4404
6273
3298
3708
5705
6224
3774
3740
5413
3845
3686
5189
3183
4644
3521
5396
6610
6670
5303
3292
6810
4533
5391
6527
3010
5826
5875
6880
4109
6872
5031
6726
3547
4498
6535
5757
6339
4505
3249
3308
3140
5390
5520
4846
3247
3662
5891
6763
5229
5633
5448
4621
5765
6637
5451
4311
5567
5955
3747
5314
4733
3544
6262
4989
5676
4254
4587
3359
4089
5351
4208
5065
5423
3282
5039
6000
6621
4434
5374
6866
4963
6724
5737
4748
3589
3472
6967
5590
5461
4514
4922
6077
3272
4134
4077
5457
4578
4358
3383
6140
4417
3538
4911
3066
5237
4450
6933
5924
5588
3821
4100
6824
3092
4198
4982
4343
3823
4585
3859
6390
3805
3057
3470
4432
4694
6658
3701
6982
6986
6738
5935
6316
3741
6459
4853
5792
5838
3488
6965
6317
3765
5315
4568
3695
3843
6020
6675
6177
6008
4446
4373
5772
3215
6455
4985
4410
5493
3546
6214
6125
4594
6360
3983
6578
3542
5330
4683
5595
6902
3563
3931
3470
5552
6524
4002
6176
5619
3531
5462
5657
6994
5088
6996
6078
5362
4319
3724
4315
6852
5262
4125
4039
5060
5378
5383
4959
5376
6803
6095
5576
5231
6661
3513
4710
4604
5515
5534
3166
4797
4510
3484
4125
3073
3384
3898
6751
6293
5538
6486
6933
4903
4993
5698
3062
3813
5692
3640
6618
3201
3416
5702
6524
3996
3878
4603
4106
5488
3510
6281
4459
6600
5604
3275
3718
6970
5458
6781
4616
3498
4196
3907
5562
3271
5199
6109
6384
6192
3759
3540
5134
3045
4553
3360
4782
6983
3336
5600
4360
3604
5900
5924
3124
3119
3352
6696
4401
4289
4875
3831
5190
4470
6333
3822
5633
5295
5242
6210
5198
4554
6887
5979
4619
3604
6034
3566
3577
4728
4768
5042
6453
3367
4245
3714
4626
3923
6102
4334
5801
6143
4073
3373
6786
5508
6772
3348
4343
5306
6839
4532
3825
6932
3269
3650
6020
5461
6241
3024
5431
5622
4336
3996
4024
5542
4054
3789
5233
6699
5000
5160
4073
6998
6763
5336
3823
6704
6819
6674
5820
3301
5396
3911
3340
5371
4974
3953
6527
4348
4961
6894
3025
6097
3686
3613
6743
3946
6202
6814
6642
3715
5518
5748
3615
6026
3396
6750
3411
6328
6742
4345
4499
3565
6254
6497
5350
4383
5465
3081
6056
6208
5341
4305
3493
3050
5125
5477
3002
4593
5542
5230
3261
6268
4665
5505
6117
5969
6756
3052
5868
3769
6008
5644
6150
4965
4027
3815
5250
3722
6126
6954
4392
3273
3029
5767
6914
5914
5117
6655
4514
3096
5199
5823
5373
6578
6819
6377
4563
4911
6711
5745
6799
3933
6445
4352
3174
3625
6492
3059
4773
3226
6782
3183
3774
5058
3333
4231
4736
6748
6412
5088
3285
5042
6130
5400
3723
5359
3505
5134
4355
3385
6479
4874
6533
4385
5038
3287
4986
6430
6318
5367
5776
3664
4886
4451
4725
3891
3360
4842
6497
5142
5431
5565
6549
4265
3957
5060
6903
3087
6559
3608
6476
4778
4573
4787
4497
4489
4251
6451
5148
6645
3326
3255
3595
4008
5201
6028
6009
6592
4190
4375
3752
6302
5602
6925
3984
4298
4567
5276
6022
3909
3567
4875
3444
4425
6355
5860
6846
3737
4440
6511
5122
4499
6854
6985
4996
4550
5642
5134
4474
5250
6192
3866
5979
3038
4807
5425
5791
3577
5852
4362
3496
4560
3976
3415
3853
4198
3060
6150
3132
4452
3126
6424
5799
5220
3349
5377
6638
6039
5186
5542
3385
5825
6404
6638
6739
4969
5965
5104
6070
4969
6823
4558
5993
4927
6442
6805
5168
5427
3447
3863
6562
4895
4801
6073
5384
4135
6399
4614
4174
3507
5711
3571
6251
5789
4709
3332
6736
4272
4536
3955
3804
5402
5878
5441
5733
6909
5572
5797
4038
5865
5718
5228
6033
5652
5524
3659
4799
5515
6645
3393
6694
4079
3355
4828
6444
3879
4406
3324
5511
3951
3600
5754
5158
6611
3670
6101
4152
5288
5001
4719
3191
4844
3209
4381
3863
4640
4870
3140
4190
6901
5027
5088
5269
5325
4972
6652
3600
4284
3758
4970
4939
3517
4903
5031
5852
6479
3127
3876
5277
4366
6041
4166
5702
5535
3687
4785
4650
3714
6172
6382
3126
3504
4533
3541
4306
3498
5428
6144
3126
3026
6569
4890
6609
3551
6350
6563
5299
4442
5141
6847
5735
5149
5893
3888
4894
6075
3520
3568
3483
6228
3291
3243
5239
6685
4862
6612
3117
4837
6414
5080
5747
3470
3267
6124
3989
5511
4592
6956
4565
4712
6379
4216
6836
6655
6545
4969
5296
6298
6504
4906
5786
5759
4443
6071
5697
5281
4674
3834
6127
5098
6401
5516
5032
4147
6395
6363
6242
3462
3564
4395
4798
3916
4919
3182
3496
5130
3127
6338
3335
5565
6983
3634
5553
3898
3110
5845
6690
4428
4689
5920
4667
4270
4229
3569
4381
6931
5552
6579
6887
4560
4387
6099
3211
4800
5162
3065
3111
5287
3838
6223
4519
6696
6474
3184
3185
6715
4978
4142
6746
5339
3274
6514
5776
5617
4552
4818
6850
4566
5718
4272
5160
6796
5587
3384
5466
4806
4191
5021
6921
5437
3085
4828
3733
4183
6732
6348
5364
5226
3466
4968
6635
6916
6604
5861
5772
3956
3021
3479
6505
6560
4944
3370
6650
5559
4222
4858
3623
5951
6909
3935
4499
3547
3826
4452
6820
3964
3500
3343
5135
5467
5943
4589
3585
5058
6248
6551
3826
3227
4701
4651
3970
6320
3553
6827
4559
4868
5127
3413
5931
4028
5496
6573
5909
3417
6960
6368
4281
5690
5786
5519
5568
3528
3743
5308
6686
3307
5129
5344
5624
5550
4477
4677
3257
5658
4724
5370
5485
3601
4189
6236
5675
3005
6508
4381
6861
4581
6134
3190
4739
6340
6680
5357
6175
4711
3750
5858
3349
3264
4276
4242
6905
6586
5013
6556
6091
3051
5887
6516
6558
4266
6965
5865
6247
5489
6433
5018
5296
4465
4786
3392
5831
4501
5568
4294
4856
5239
4688
4152
5917
4510
6176
6842
5139
6999
4902
4893
4422
6478
3374
3878
4441
5871
4056
4661
3025
6816
3218
5323
3735
6613
5656
5899
6654
5680
3573
4020
3063
3143
6840
4689
6809
4184
6108
5685
6109
3738
6436
5349
5272
6332
5099
4165
4110
6984
6373
5755
5879
6850
6706
6988
6340
6862
3942
6653
6337
5389
4931
3821
6936
5456
4138
5518
4050
5783
4976
3755
3414
6469
4251
3298
3845
3597
3995
3539
5368
5822
6526
6163
6464
3415
4097
3985
5582
6395
5919
5721
6120
4509
6062
5592
6065
3846
3740
6020
5707
6787
4518
5179
6511
5636
6068
6816
5166
3328
4888
4475
3540
6449
6543
4137
6219
5799
4313
6988
4267
3404
5162
4819
6817
5185
5626
5251
3585
4282
5916
5120
6576
4700
4211
5837
4884
4030
6703
3872
3248
4990
5706
4884
5273
3829
4962
6759
5742
5142
5967
5016
4800
6702
3823
3902
4357
5710
6585
5603
3565
6099
3143
5541
4750
5869
6478
3394
3398
3204
4272
6149
4907
4012
6135
5674
3881
4546
6338
3183
3573
4091
5927
5821
6374
5489
3575
3333
5755
6981
4065
5732
4608
3061
5169
5662
5418
3479
4587
4712
6564
6437
6950
6483
3738
5552
3966
5486
6843
5807
3366
4338
4164
4760
6380
3326
4808
3709
3194
3039
4894
5388
4830
6867
6923
5841
3501
6432
4124
3018
5098
5181
5945
4026
6927
5910
3997
4429
3003
6152
6624
5803
4791
6566
5704
4846
4477
3433
3357
4028
5762
4144
4340
6000
3366
3531
6786
6601
5380
4440
4031
4580
4737
5568
6847
5697
5760
5040
5147
5308
3961
4419
6980
6877
6483
3799
4544
4763
5876
4857
6824
4299
4474
4400
4598
6984
3610
4239
6804
5600
4651
5660
6156
4166
4804
4536
3449
5179
6667
4079
3273
6837
6783
6133
3373
6395
6052
6888
6629
3868
3945
3863
3332
5839
6841
5522
5750
6388
6322
4697
5113
4735
4819
6071
4852
3576
4845
3731
3953
3219
3166
3078
4562
6435
4783
3397
3009
5746
5703
6952
6285
4628
3650
5390
5896
3038
6693
5315
5033
4498
4531
4010
6797
5093
5967
3628
3693
4527
6941
5761
4582
3264
6903
4103
4791
4954
5150
4746
4978
6131
3778
4902
3064
3409
3018
3731
3488
3748
3168
6079
4388
5519
5508
6431
5156
4426
4123
4384
3310
3872
5595
4158
4447
6617
6185
5580
6260
6424
6656
5857
4824
3807
6096
6174
5858
6998
3802
6208
6856
5972
3840
5556
5124
5538
4009
3660
4431
5433
5392
3245
3757
5007
5131
5886
5973
5291
6589
5159
3660
5590
3713
6793
6827
5117
5509
5726
5200
5553
3199
6129
3799
3770
3152
6825
6800
5188
5414
6469
3632
6361
6941
5663
4347
5883
5396
3286
5593
4149
4152
6024
4821
3941
6843
6770
4939
3641
6546
4693
6800
6630
3141
4692
3415
6370
3412
6154
6467
5620
3571
6403
5352
4448
6847
5476
5891
4732
6040
4634
3911
4964
6520
5652
5163
5120
5388
4390
3630
5709
4776
6961
4121
5676
5799
6322
5611
6892
3985
3693
4400
4168
6974
5849
6397
5857
5278
5970
3905
3972
5792
5274
4616
4792
5709
3290
6011
4813
6854
3850
4558
5548
6281
5938
6551
4660
6124
4265
5143
5711
5415
3047
3310
6696
6109
5108
3722
5759
4580
5516
5852
4893
5672
4525
6893
3410
4281
3505
6721
4469
4957
6618
5200
4229
5691
4279
4972
4072
4552
5056
6087
6037
6042
3287
5928
4540
4553
4122
6262
5324
3854
6740
4261
4263
3816
3422
3384
6451
5663
5340
4038
3650
3982
6875
4415
6990
5105
5063
4891
3250
3253
5527
5886
3953
5236
5519
6489
3866
6127
5322
6270
4315
4179
5236
6670
6335
5039
4680
5788
6527
4376
6057
4444
3478
3620
6320
6599
4744
5729
5693
4729
6641
4975
6655
6993
4564
6349
5480
3844
4322
3955
5287
5418
4123
6645
3022
5412
5885
5600
4096
6586
4470
6123
6083
3144
4198
6672
5109
6517
3820
6469
5934
5268
6046
5726
6872
4618
5060
5335
5328
6637
5162
3145
4033
5764
4242
3479
4776
4512
4188
4314
3597
5289
4649
3778
6362
4716
6102
5988
3536
5427
5424
3363
6029
5789
3263
5813
6215
6308
5508
4935
6111
5681
6516
6938
3306
4383
3864
6484
5737
3962
6752
3050
5530
3395
4936
5378
4865
5347
3821
6209
6805
6108
6556
4827
3526
5247
5551
6358
3745
3828
6421
6799
4364
3039
3293
4689
6939
6283
6435
6653
6814
6911
4362
3673
5124
4272
5569
4063
4857
5348
3104
3953
3444
6920
3558
6012
6421
3285
4265
4218
6617
3135
4161
5414
3277
3867
3528
6442
4746
4847
5265
3001
3307
4742
5112
6370
3921
5240
4241
5306
3503
6320
4602
5520
4277
5716
5105
3103
4957
3269
5091
6232
6652
4249
4458
3086
5623
5085
4321
3931
3322
3199
6175
3244
3220
4751
3297
3038
4673
4465
6878
6001
4250
6737
5676
5142
4834
4627
4907
5106
6734
4050
5498
6360
6275
6864
5335
4490
4429
6074
6409
3577
5957
3047
5681
5847
5427
5614
5669
6109
6932
6614
6790
4088
6101
3001
6211
3280
5743
3710
6054
4941
3667
5181
4544
4810
3142
4774
5223
4376
3764
6294
3764
6636
6072
6562
6311
6924
6978
5608
4114
5715
5751
6549
6730
3025
3317
4923
4889
5553
6876
3348
6496
4364
3904
4058
4832
4801
4000
3592
5030
4408
3328
6318
4768
6762
4139
4862
6554
5280
5685
3332
3029
4682
3949
6820
6269
3763
3824
5490
4784
3705
6474
6183
3710
5035
3254
3660
3477
6857
6947
4822
5852
5569
6846
3096
3114
5991
3774
4452
3705
5404
6580
3131
6626
6616
4114
4145
6715
3486
3020
4357
3891
3190
3383
4472
3844
3008
6567
3022
3252
3949
4333
6767
4561
5685
5379
5785
4399
6681
4876
6789
5875
6276
6125
4417
4426
6959
5202
4854
4789
6754
4136
3056
6206
4638
5095
3936
3660
3150
3761
6073
5048
3678
6433
4463
6518
6701
5508
3401
6201
6122
4601
6576
4913
6044
4689
6488
3275
6698
5692
4466
4622
6300
3905
5818
5074
6370
5971
5828
3518
4540
6060
6911
6299
4454
3229
5343
3954
5267
4936
5108
4325
3986
3888
3934
6741
6164
3928
3275
4216
6528
6066
5223
4227
3422
3870
4748
4380
3308
6300
6787
5842
6147
3198
4285
5768
6159
4146
3627
5117
4310
5672
3736
6397
3557
5696
5742
3016
5848
6161
6267
3069
5957
6365
4680
4985
3627
4936
6949
5710
3271
3298
6522
3870
4043
3471
5963
6410
5712
4540
4968
3020
3463
5244
4340
6739
5449
5672
5082
5890
5656
4258
5343
6421
3086
5407
6954
3941
3222
6686
4475
5856
5591
6592
3907
6575
4477
4029
5218
5449
4076
6509
4517
4934
4759
6917
6350
6241
6486
6536
5871
4210
4330
4459
3385
3594
3188
5702
3453
5666
5957
3399
6441
5340
6996
6882
5399
3118
6424
6763
6017
3569
4221
3068
3261
3530
3599
3320
5161
5963
6369
4770
4273
3633
6579
4408
5509
6456
5390
5846
3078
3806
5484
4164
4467
4378
5982
4041
6853
5526
5236
3774
4153
3371
3886
4080
4157
3369
4320
6800
4292
3259
5119
3596
3656
6175
4830
3227
4751
3828
3591
5068
5600
4085
3740
3620
5211
6389
6893
5326
3020
6350
3325
5290
5336
6833
4317
5893
4532
5162
4864
5365
6151
6544
4661
6880
5008
4802
6012
6651
5136
4889
6059
6501
3924
3456
5341
6747
5545
5398
5575
6427
6101
3582
6052
3617
5270
5639
6410
5957
5620
4646
6519
5939
6609
4426
3972
6249
5814
5786
3884
4837
6648
3458
3203
6545
3293
6924
3565
5684
6116
4313
5723
3885
3527
3879
4558
4147
4865
5945
3846
6807
6682
6113
5625
6668
5724
4369
5759
5114
3546
3694
4161
4019
6327
5264
6720
3484
3435
3601
3147
5658
5785
4802
3593
5441
6676
5329
4567
3581
5214
6700
6996
4994
3060
3884
5778
3259
4148
4724
4628
3757
6175
3717
3944
4065
5637
6286
5484
6500
6885
3690
6062
3155
4179
5051
5716
6145
5325
3297
3921
4773
5828
5938
5893
6792
4619
3811
4631
3362
3575
5508
3729
4442
5897
6804
4374
6582
3201
5359
5692
6476
6166
6379
5317
3811
6875
3070
5186
6067
4329
4376
3094
5442
4412
6757
5097
3261
6668
6293
6171
5062
5031
6578
6035
4669
4784
4227
6768
5450
5062
6914
4418
3180
4007
5748
4657
4554
5519
5101
6719
4705
4076
3897
6514
3388
5627
3610
6457
4646
4879
3324
6726
5285
4534
6699
5980
3622
3936
3157
6053
6114
6416
6171
6840
5622
3591
3578
3057
6885
5193
3817
4478
4116
5060
3441
3380
4259
5664
4981
3919
3777
3105
3556
5258
3209
4925
4483
3739
5599
3124
4144
3379
4623
4900
3801
4088
6817
3581
5693
6666
6764
3513
6026
5796
6202
5089
5752
5929
4544
3085
4699
3488
6273
4299
6593
6676
3898
5239
3361
3481
4226
5149
4423
5407
3064
6603
4023
4303
6042
6797
3033
6897
5351
5910
4530
4381
3781
5694
4705
5253
4260
3272
6602
6899
6095
6136
6552
3169
5600
6174
3544
4519
5075
4866
5307
5843
5174
4940
4448
3264
4513
4965
4736
3669
5109
5331
5985
4287
6399
3491
6276
3593
3726
4397
4897
4154
3819
5581
5290
5924
4402
3554
4090
3834
3644
3327
3599
5574
3130
4595
4482
4128
3249
5698
4411
3081
3593
3577
4892
6567
6809
3698
4804
4499
6436
5979
3195
6031
3137
5268
3528
3791
4394
4866
6309
4176
3977
3036
5547
3515
3485
5533
5869
3792
6003
6800
3485
5719
5100
4916
6353
5900
6081
6199
3696
3297
5774
5089
3330
5964
3078
5334
3525
4334
5972
5808
6479
5760
4254
3598
5357
4549
6049
5273
6872
5413
4176
4358
6136
4809
4870
4401
5436
3710
5283
3603
6399
3654
3765
5368
5943
5913
5976
6103
6927
6594
3359
4161
6849
6478
6676
3103
5134
6904
5519
6408
3633
3156
3422
4549
3236
5675
3667
6420
6946
3969
5394
6813
6086
3061
5581
6464
5855
3403
6420
3542
3021
6572
4295
6030
5737
4811
5499
4883
5739
5875
6189
3979
5609
4565
4014
6157
3248
4358
3278
4150
4947
5828
6437
3726
4235
5975
4301
5014
4430
4486
6365
6508
5217
3250
6743
3972
5240
4643
4036
6184
3766
5761
5753
6359
6862
3159
3661
5078
5464
3626
3478
5510
4557
6696
4951
3702
5257
6763
5668
6746
6732
5254
4898
4084
3336
3885
3702
5984
3701
3701
3099
5184
3085
6898
6750
3051
4660
5947
6509
6878
5877
6686
4678
3405
3856
5515
5783
3515
6768
3919
4391
6546
3426
6677
4305
5240
6124
5786
4621
3319
3300
3766
6969
3585
5817
5969
6542
4911
6688
3858
4870
3285
6875
5662
5079
6375
3962
4403
4667
5473
5664
5414
4907
5081
6059
4300
4285
3547
4734
6369
5521
6715
6987
4903
5331
5142
3515
5208
6769
4679
3799
4329
4621
6802
3175
5488
3472
3415
4615
4068
4442
3089
5281
3511
6551
6982
4256
6843
6728
6189
6286
3382
5212
5004
3191
4971
3434
6693
5832
5373
5034
5286
5232
3804
4159
4750
4374
3320
6150
5992
5328
3423
4125
3037
6269
6567
6316
5318
3532
5372
3004
6702
6969
6333
6296
6439
5072
4566
5467
5081
6742
5951
4639
3005
4898
3961
6110
3671
3519
5875
6134
5129
6611
3727
4193
5550
5183
3919
3392
5705
3565
5091
5331
4159
5092
6207
3739
3443
4860
6147
5800
5532
5690
3874
4538
4305
6355
3834
4138
6143
6023
3639
5422
5819
5386
6735
3438
3877
3416
4522
4942
4924
6349
4676
3572
4946
6722
5605
4417
5542
5470
4499
6172
6233
3323
4252
6763
5328
3053
5729
5703
3610
5750
4758
4125
3824
5302
3034
5964
6321
3099
3494
3981
6589
5707
4665
5021
5909
3705
3149
4370
5385
3053
4788
6919
3483
6936
3905
4800
4744
5052
5167
4736
5033
4614
3096
5809
6856
3025
4736
3524
5647
6830
5817
4472
6045
5182
4553
5151
6181
5740
6815
4278
4843
4424
3425
5947
5447
3691
6277
5664
4933
3646
6720
5625
4242
5800
4677
5240
3605
4799
3563
4357
4731
6389
4053
5408
5980
6793
3433
6654
3892
5185
4754
5139
4833
4402
6290
3106
3313
3835
4931
6166
3962
4646
3878
5240
5019
5955
6681
4094
3043
6631
4342
5173
5489
4400
3480
4233
5507
6595
4087
3495
4078
5060
3312
6207
3042
3107
3024
3415
3945
6195
4564
3501
4836
5721
6463
4737
4615
6506
4962
5475
6150
3499
4787
5188
4725
5738
5423
6445
4076
4512
6374
4362
6816
5600
3163
6909
4258
5738
5856
6020
3643
4070
6089
3499
6673
6240
4436
5037
5327
6304
4358
5510
5529
3843
6709
3328
4995
6525
3849
4041
3859
6698
6268
5676
6646
4468
6341
5711
5529
6098
3080
3163
4065
3404
6199
5253
4834
6036
5524
4348
6092
5752
5840
6751
4234
3093
5057
5116
3144
6102
4563
5217
5386
5927
6996
3970
3195
6700
4831
6584
5692
6363
4205
3776
3422
6474
4356
3485
3713
3550
4128
5743
4600
6048
6166
6332
3934
6707
6924
6693
6449
5481
3882
4137
5986
3842
5994
4091
6748
3137
3328
6137
3399
6725
6864
6434
4057
6306
6560
6637
4804
3434
4490
6744
6316
3583
5491
5275
5241
6549
4082
4195
3436
5847
3666
6066
4007
3456
3290
3340
5617
4442
5455
3245
4548
3854
6656
4340
3462
4333
3378
4965
3094
5750
6446
5349
4944
3534
4161
3822
6677
6246
