4500
6166
6493
4437
5226
4142
4782
5204
3488
6586
4444
5338
3188
4013
3568
3773
3645
3456
5430
3990
6934
4854
4453
6730
4418
4054
3031
4249
5779
6362
5157
5133
6045
5854
4022
6635
6419
4259
4593
4181
3722
3766
5099
3860
5132
3227
3122
3708
5778
3080
3735
3667
5520
6650
5480
3576
6881
6610
4377
5245
5795
3228
3720
5988
6966
4226
3197
4029
4287
6071
6160
3692
6449
6538
3471
4749
3558
4241
3040
4325
3772
5818
5828
6110
4236
4902
3355
5714
3922
4770
4362
3645
4978
6346
4567
3356
6481
6150
4276
5036
3382
6925
4542
3131
6291
5094
5986
3270
6154
3949
6135
3030
4871
5820
4744
5768
6416
3187
6187
6543
4169
6438
5388
3259
6486
5873
5243
6588
4279
6410
4412
6853
5067
4516
3151
6513
4004
4886
5972
6296
6115
6963
6182
6692
6333
5931
6742
3697
4066
3899
6478
5055
4767
3509
5400
6047
4830
6780
6725
5836
5308
3656
3674
5382
6929
4859
3752
4181
4665
5740
3253
3916
6115
6352
6820
3807
5684
5713
3473
6492
4211
5524
5396
3079
4417
4734
4818
3116
5906
3876
3607
4162
6739
5528
5424
4126
4287
3991
3483
3081
3136
4912
3792
6275
6273
6707
6026
5231
5337
6996
5730
6358
6865
5220
3528
3183
5784
5413
6879
4159
4844
3315
6849
4934
6071
4496
4499
5122
4605
3540
3603
3527
4803
5975
6001
6758
6849
6488
4939
3553
4400
5885
6171
3685
4864
6317
6984
6894
3426
3276
6089
3419
6202
6702
3667
5599
4099
3064
5329
6651
6882
5387
4643
5006
4216
3491
3605
3034
6971
5580
3710
5418
6447
6567
4005
6639
5184
6551
4615
4838
5590
6432
6022
6750
4706
4510
4874
6986
5964
5791
6860
5183
6648
3267
4547
6459
3525
5883
5387
3926
4919
6233
4714
6902
5405
3323
4281
5408
6168
4919
3603
6966
4182
6155
3677
5939
3323
5089
6567
4004
3929
5426
6761
3039
6766
3021
3562
3721
5927
3070
4090
4650
6846
6693
4921
4923
4442
5468
5760
6984
5472
3251
6764
3489
3481
4300
3854
5936
6729
3263
3805
5420
5464
6837
6918
6836
6822
3188
6734
4509
6366
3220
5434
4300
3452
5307
6965
4103
5526
3520
6799
4785
5417
5749
3434
4203
6732
5659
5469
6717
3391
6696
3205
3158
3132
3506
4831
4987
5487
6448
4237
6980
3231
6898
6406
5193
3777
6281
3762
5447
6555
3540
4939
4380
4792
3577
4647
5525
4942
5135
5927
5452
3342
6157
4866
4015
5200
5305
3216
5437
4466
3804
5389
3935
5242
5226
6514
3295
3751
3577
5602
5881
5066
5322
6005
6766
3550
3313
6687
4942
6300
3472
5986
6605
4654
6363
4157
3166
4643
4957
6231
6401
3625
4532
4127
4068
4421
6930
3604
6783
3924
5570
3125
5132
3673
6866
6563
3810
6120
3406
5862
6423
3134
6287
6795
3061
5489
3702
6555
6249
5350
6750
5806
6775
5335
4489
3837
4489
5555
4184
6535
5332
5563
4352
5558
6538
3504
4676
6086
5963
3467
5571
5129
5205
3877
4121
4675
3681
5352
3937
6195
4364
5625
3251
5937
3740
3624
3209
6775
3420
3509
4533
6478
6819
5187
3798
4272
4474
5920
4056
4994
5798
5938
3170
4075
6405
6586
4186
5059
5329
3435
4049
6785
5179
5667
3624
3350
6416
5745
6979
5942
6895
4250
6971
5376
4789
6621
4422
3531
6607
4017
6276
4725
3227
6991
5018
5325
6551
5801
5406
3846
5853
3221
3036
6691
3016
4876
4798
6251
6954
5169
3566
5335
6239
6808
3736
4302
4153
3930
3263
5841
6361
4234
6511
5642
4487
4879
5345
5855
3367
4379
6880
5365
5866
6153
5031
3998
5993
6580
6962
3763
3271
3395
6605
6882
4366
4536
5633
4517
5897
3551
5274
5470
5181
3195
5420
5517
4356
6949
3483
4124
5381
6715
4389
3243
6999
6062
3481
3610
5662
5558
3078
4457
4146
5271
4684
3419
3468
6220
3256
4202
4873
4527
6162
4441
6459
4819
4315
5579
5451
6948
5530
5434
6651
4615
5652
3926
5377
3052
6589
5582
4081
5752
6757
5990
6248
6681
3538
5837
5254
3239
5389
5870
5967
4148
5942
5225
3678
6987
6873
3013
4986
3327
5108
3085
5547
6918
4746
5104
3752
5019
4816
5574
5541
6531
6075
5146
6677
6035
3710
5420
4040
5969
3690
4079
3928
4245
6733
4684
3183
6098
4448
3349
4907
5733
6799
3240
3460
6854
4573
6683
4528
3696
4501
4919
4083
3717
6881
5711
5029
3434
4040
6357
5018
6254
5623
3327
5927
4468
6252
6073
4122
4891
4593
6540
3489
4719
6451
3689
5664
3359
6146
6953
6016
5776
4754
5538
5727
5791
4873
3176
3716
5452
3998
4137
5466
5248
5585
4930
4894
4756
5437
4667
3408
6459
6870
4908
4384
4885
6566
4769
4875
6835
5851
5062
4727
4471
5662
3937
3363
3353
6884
5778
3798
4720
4901
4978
4415
3285
5983
4345
5196
5921
4226
3877
4825
5355
4074
4318
3054
4726
6559
3590
6104
5366
3803
5601
3646
6135
3585
5644
3702
5915
4311
6032
4087
6291
5100
5559
3280
3797
5993
4795
3775
4442
6673
3943
4064
3970
5377
5797
3820
4766
6554
6983
4025
5428
6659
6307
5051
4108
4523
6345
4211
4890
5778
3917
3547
4644
3731
3839
4334
6121
6200
5112
4956
3689
3795
3488
5108
6222
3540
6965
3015
3875
6518
3675
5414
6915
3287
5211
4656
3874
5869
3663
6829
5812
5977
5163
3022
6014
6532
5547
3643
3993
5887
4863
3279
4043
3442
4960
6252
3867
4073
4878
4672
6752
6818
5820
6720
6653
4455
6272
6156
4012
4112
4944
3623
3381
6412
4236
4816
3765
5113
5222
4422
4556
5044
6861
4388
5387
5434
6640
4899
4218
4133
4366
6948
3255
5254
5979
4664
5116
5464
5489
5769
3786
4915
4018
4950
3627
6025
3254
3411
5666
5388
5947
6946
4987
5451
5950
4796
3061
3977
5839
3985
5487
6130
3171
3293
4031
6273
5670
3219
6761
5938
4358
4698
6407
3454
5975
6912
5863
5145
4283
5734
4961
5733
5998
3895
6609
4311
5850
4560
6606
3230
5785
3004
3658
3312
5879
4688
6798
4681
4728
6953
5515
6962
6146
4724
3005
5255
4254
4595
3044
4763
5803
3511
5909
3605
3085
4540
5117
5985
4849
3404
6581
6338
6482
4701
4044
4062
6159
5273
6747
4234
6846
4351
4315
3273
3009
5448
4642
3912
4918
5887
3188
5437
4509
5512
4342
6196
3416
4698
6844
5003
5465
4624
3882
4415
3324
3360
4277
4903
3412
4671
5038
5638
3740
4085
6191
4422
4642
4036
6285
5165
5848
3095
3957
6890
3898
4556
6077
4405
6379
6695
3490
6280
4610
5748
5872
4926
5654
3053
6794
4088
3204
4469
5305
3093
3113
3371
5162
5798
6204
5495
4368
6317
4008
5756
5333
4099
6553
5452
5849
4250
6978
4591
6933
3920
4831
4921
3208
3660
6132
4147
5574
3869
4004
5270
4548
4771
6651
6420
3806
3696
5751
6197
5374
5956
4557
3012
4191
6366
6884
4124
5181
3458
4900
4695
3404
6930
5851
3598
4850
4304
4721
6254
6979
4221
3606
4839
6379
6663
5227
4577
6102
5154
6828
4786
3534
5332
6647
6895
6112
5419
4868
5265
5718
6529
6337
6557
3465
5048
3394
3245
4436
6955
4937
6451
4410
4689
5553
4538
4948
6648
3137
3789
6794
6673
6997
3538
5591
4196
6653
5515
6052
6067
5050
6887
4762
4280
6844
5081
3310
3516
6461
3370
3084
6169
5784
6276
4125
4640
5205
4199
6213
4897
5419
6481
5933
4344
5869
3716
3972
5642
6222
6654
4794
6862
3153
4205
3583
3229
6908
4970
5046
3844
3483
4197
4682
5975
5153
3106
5505
5101
3500
6156
6119
6451
6797
3332
5847
3530
5450
5229
5908
6965
3443
6200
5674
4638
6507
6072
3573
3908
5307
5418
4634
4040
5018
5176
4676
5582
5817
6992
6798
4311
6028
4696
5163
6947
3978
5104
4123
3163
3567
3374
3519
6525
5131
5973
3664
6294
4907
5428
6357
6860
4137
3616
3650
4274
6684
5957
4464
3402
4577
3684
6318
4945
4453
6644
6524
6981
4033
3089
3718
4057
6119
4317
6947
5609
3213
4470
3043
3534
5771
4395
3541
3774
3264
6511
4168
4075
3747
4290
5366
6841
5701
6678
3972
4984
5366
4117
4023
4661
4222
5981
4909
6860
5433
4669
4032
3040
3501
5404
4583
4835
3713
6762
6693
5655
5200
3550
6503
4629
5413
3707
5348
5873
6371
6237
5965
3299
3421
3381
3774
3273
4832
5870
6032
4564
6698
3618
5033
6780
6016
3607
6791
4071
5209
5636
6124
3416
4560
3624
3709
6003
5156
3791
5475
4493
5790
5810
3501
3831
4020
6120
6057
5438
5686
5960
3645
6073
5217
3581
3871
4951
5703
4940
5598
5295
6516
5347
5252
6237
5379
3041
5275
4183
4385
3369
5788
4578
5675
6759
4712
6413
4419
4868
3242
4491
5243
3595
5252
5999
4223
5494
4682
5861
4140
4918
4158
4573
4329
6972
6178
6030
5853
4725
3029
6393
3750
4532
5559
6604
3654
3325
6429
5554
3866
3776
6315
5142
3995
4687
4678
5445
3716
5021
3426
6877
4257
3990
5438
3372
4377
5507
3119
4526
3833
3984
3805
6642
5808
4438
6385
5406
5754
6985
3004
5920
6357
3592
3548
6761
4027
3203
3224
6284
4340
3935
5436
3214
5006
3206
4718
5971
4224
6366
5563
6026
3340
5914
4763
3005
4472
3019
5551
5708
5115
5439
4707
4335
4311
5353
6103
5785
5995
6876
3157
3581
3940
5013
5722
3644
5195
5029
5826
6492
4883
5934
5231
6003
5626
4497
3272
4349
4020
4860
3643
4447
6396
6589
4221
5246
6842
3464
3720
5198
5601
3741
4526
4923
6984
6654
5858
5677
4088
6094
5392
5933
6359
5305
5509
5421
5225
3384
4962
4729
5362
3049
5091
3215
3617
5400
5820
6203
3791
3448
4259
5110
6652
5916
6407
6538
3721
4724
4212
5887
5325
3585
5996
4479
4908
3856
5483
6839
4380
6566
3886
3632
6707
3354
6761
5474
4040
4319
6086
4741
4262
3133
5135
5031
3711
6998
3984
6965
5553
6457
4963
5093
3871
6748
5938
4440
6022
3312
3158
3547
4536
5722
4735
6268
5442
3839
5213
5231
3318
5677
3733
6462
6794
5559
6520
3447
6293
3738
4881
3446
5218
5620
4949
3937
6456
3188
5782
5207
5371
5357
5164
3367
4864
4961
5522
4885
6440
4396
3314
6156
3265
3247
5664
3152
3741
4525
4066
5520
5811
6865
3963
4170
4212
5115
3475
6335
5525
3173
6740
3683
3251
5764
4026
4982
4602
4481
6904
6539
3960
4921
5279
4786
5490
3938
3203
6769
3318
6924
5397
3306
3096
5322
5729
6482
5503
3768
3318
4532
4440
5001
6641
5088
5141
5046
5570
4581
6070
4247
5332
4940
5607
4308
3503
5168
5590
5893
4035
3399
5532
6189
6629
3655
3877
4191
3945
6714
5950
3884
3622
3045
3323
5251
5702
4678
3795
6993
6893
6410
6826
5195
4412
5607
3322
5619
5737
4601
6470
4789
3454
6206
3496
3330
6104
3588
3807
3339
5020
5248
6454
3585
3867
5552
4325
6390
6388
6913
4657
6086
4490
5273
3815
5386
5554
6757
6683
5926
3464
3234
3068
3699
4542
3060
3356
6566
5456
5313
4724
3735
5209
5294
6215
6039
6649
4097
4310
5255
6085
4098
5941
6975
6705
6061
6909
5839
3531
6444
4768
4961
3147
5163
3761
5591
4161
4194
4092
3789
3051
4110
5005
5195
5281
6891
6207
3394
5043
5597
3100
3772
6447
4489
6520
5483
4116
4486
3205
3999
5404
3752
6746
6108
6252
5815
6278
6358
5728
5676
6109
3823
6143
5925
4673
5402
4623
5013
5962
4134
6803
4770
5693
4127
3342
5765
4034
6734
6702
4348
4078
5135
3694
3551
3609
4088
6108
4386
4174
3892
3686
5661
6730
6120
3276
4434
4385
5492
6704
3341
5372
5499
4513
4035
4594
4625
6683
5299
4544
6473
5265
5179
6230
5109
4300
4667
4027
6446
6910
3093
6403
4028
6279
6444
4085
4733
3919
4502
3941
4190
5525
5087
5926
5687
5667
4418
6899
3448
5919
4582
5864
5666
5667
6340
3137
4021
3275
4236
3518
6848
6128
6532
5375
3994
4369
6259
4517
6605
6090
4428
3729
6737
5989
5051
6098
5586
4177
4070
3847
6054
6666
3903
6184
5884
5712
6693
5097
3235
5207
3612
3920
3862
4674
5022
3551
5278
6298
5278
3116
3141
4962
3919
5920
6409
4831
4213
6108
4789
5483
5766
4400
3532
4510
5374
6950
4870
4147
6250
4227
4162
4893
3819
5153
6713
5499
6420
3426
3718
4048
6244
6460
4901
3584
4088
6869
5893
4937
6712
4343
4347
6139
5999
6261
6837
3112
4835
4716
3935
5027
4605
5073
5126
4494
5499
4613
6098
4654
5943
5152
3664
5757
5233
4503
6689
3263
3203
4108
3414
3428
4694
5469
5188
5636
5286
6357
6539
4430
3152
3167
4857
5038
5146
3413
3440
6922
5024
3331
3053
5789
3072
4378
4725
5181
3137
6961
6840
6850
6321
3383
3379
4158
5156
3850
6290
6947
5372
3834
6511
4211
3728
5232
3477
5546
3534
6739
3541
6708
6677
3415
4284
4100
3360
5122
4295
4816
4499
6952
6207
3150
4673
5907
5208
4272
5580
4669
5247
5622
4115
6353
3793
5397
3662
4844
3563
5998
6185
4031
6110
5015
5653
5149
6775
3757
5108
4314
6401
6653
5501
3785
4580
6384
4273
5814
4627
6023
6861
5966
4612
5292
6813
4037
5427
5845
4678
3980
6814
3241
4709
3902
6880
6056
4169
6853
3558
6247
6244
4428
4470
6618
3971
6917
6716
6554
6980
6419
4729
3076
3338
4812
3117
3521
3570
3738
3048
6376
4868
4189
4541
3942
6808
3113
3352
3934
3126
4019
4719
6279
6165
3976
4529
3638
3059
3534
4693
3653
4620
5080
4869
3788
3714
6736
4789
4981
3970
3393
5969
6783
5825
4585
5174
4877
5599
3960
5338
5579
3923
3943
3125
4741
3840
3549
5442
5060
5107
5297
6170
6986
6436
6380
6738
6609
3762
3366
5711
5090
6350
4890
4611
5785
4520
3728
5630
5342
6207
6234
4836
3705
6507
3657
6645
6299
3611
6276
6185
6020
4472
6059
5068
4290
6639
3168
4622
3174
3213
4417
3604
4765
6562
3583
5311
6337
4025
5234
4686
5831
3132
3494
3545
5123
5913
5636
5526
4737
6259
5770
3148
5577
4668
3747
3006
5191
6257
3399
3533
3866
4393
4655
6149
6917
5864
4770
5919
5930
5812
3227
5359
5448
3017
5080
4867
3797
3973
3233
6686
4950
5660
6687
6608
4648
3442
3044
4667
3409
4736
5141
3251
6665
5053
4544
4122
6002
5321
6005
5513
4777
4876
4510
3739
6120
5017
6780
3654
3664
3265
4864
3989
4671
5277
6873
5552
4881
3582
5154
4279
3876
3858
4220
6312
6006
3465
6749
4140
5939
3613
3908
3295
6046
4546
4194
5115
4273
6747
3029
4009
5796
4122
5223
5814
4936
6600
5719
6783
3954
4041
5526
6754
4179
3694
4236
5974
3303
6030
5563
6450
4222
5635
3613
3334
6455
5399
4943
5074
6150
6615
5501
4123
4393
4737
3966
4442
3522
6453
6642
5151
5176
3250
4320
4226
3565
6474
6132
5833
6942
6913
4173
3822
3421
5653
4111
3453
3991
6156
6114
3059
3554
3309
3077
4095
4772
5307
3022
6700
3714
6204
3154
4261
5842
6431
5149
4901
6756
4055
5443
4075
6685
3038
3100
6103
4040
3681
5580
5346
6140
6298
5587
4213
3579
3508
6230
5755
6912
3407
4138
4714
3589
3699
4174
4541
4005
3570
6666
3485
6790
6258
5206
3233
6935
6612
3668
5250
4417
5131
4818
4226
3236
3518
4311
4373
4925
3070
3611
3757
5886
6690
4172
3991
3286
6048
3662
3041
3912
6022
3365
4134
4652
5193
4706
6459
6501
6938
4997
6039
6740
5064
3916
5885
3859
6367
3065
6986
6230
6291
6833
6073
3856
3052
4626
4962
5865
3320
3367
5333
3676
5391
5028
4762
3585
4875
4753
3239
4771
6209
5405
5535
5552
6877
3975
6789
3289
4356
5690
3503
4513
6845
3605
4570
3256
5390
3164
5998
4573
5937
3136
3309
3448
5997
6181
4352
5902
4908
5438
3441
3378
6349
5960
4632
6717
5808
5050
3971
4826
3463
6286
6693
3539
4917
5655
4996
6552
5105
3645
6111
3956
3824
3592
5471
6974
4855
6752
4808
3885
3829
6637
6854
6972
3619
3245
6322
6090
4674
4471
6465
4925
6554
5503
5380
5201
5892
3220
6796
6608
4488
3251
6721
5138
3411
4865
6028
4540
3705
3306
6246
5363
3788
5422
3646
5846
3422
5592
3065
3255
6608
6909
3215
5511
3163
6371
6055
4505
3595
5107
4558
3085
3027
5309
5043
6372
6812
4451
6406
4869
4660
5214
3480
3026
4335
6589
5443
6708
3902
5902
4964
6030
6307
5813
5514
5358
3629
4111
6183
6227
5640
5760
3746
4336
5935
5717
5509
5545
4568
4459
3473
3986
5997
4604
3386
6612
5675
5764
3668
5979
4899
3254
6689
4973
5280
4393
4434
6569
5689
4712
3497
6169
6197
5466
3155
3320
4762
4557
3114
5113
4097
5763
6224
3830
3368
4272
3617
4402
3583
6425
4682
3248
3743
5687
4605
5290
5254
4436
3060
6784
6770
5318
6169
5331
5619
3698
6180
5933
4915
5000
5986
4081
3193
6977
3710
6118
3770
3323
4456
6718
6889
3706
5552
4188
4671
4283
3025
3967
6195
6568
3984
5555
3752
6999
5608
4116
5081
5648
6329
3665
3821
6814
4477
5798
3765
6705
3548
5209
3998
5149
3496
3346
6768
5413
5523
3384
5255
6286
6632
5321
4985
3173
3841
3622
5935
3295
6257
5517
6054
4907
6697
6380
4724
6096
6868
6475
3037
5649
5215
5818
4073
5217
3235
3342
3434
3024
6483
3995
3034
6086
5415
6855
3848
3027
5929
5865
3560
6512
3617
4820
3984
3729
3221
3778
3648
3554
6342
5472
5917
5946
3246
6082
5240
6995
4960
4329
6312
6597
3228
6492
4180
4386
3685
3217
5396
6673
3828
3938
6958
6687
6819
5641
6274
4277
4729
3947
5217
4702
4374
6906
5325
5758
6459
6346
4392
6988
6911
3224
4325
6707
4101
6541
6680
5142
5592
5081
6517
6967
6820
3267
5904
3069
6420
4499
3942
6864
3277
3822
6586
5249
3165
3624
6355
4068
3019
6136
3135
3271
4649
4395
6197
6388
3102
3487
6383
3977
3055
6863
4077
3348
3486
4846
4121
4413
3557
4970
5390
4813
4855
3109
4875
3074
5285
3542
5956
5277
5867
5883
5810
6387
5102
4067
5348
6359
4881
5777
4993
5210
5118
5053
5980
5124
5370
3328
4852
4282
5767
3127
5726
3832
4842
6140
5457
5536
6944
3708
3238
5282
6734
5952
3640
5074
3870
3803
3284
6045
3595
5043
3515
4166
6363
5914
5998
3747
6533
6878
5987
5255
4496
4142
6761
4682
3317
3244
4445
4030
4394
5368
3473
4025
4707
3454
5377
6214
3683
5575
4342
4917
4381
5860
6498
3423
5154
4281
3300
6477
5242
5669
4763
5005
5845
3091
5626
4782
6463
5700
4356
3051
4872
3061
6640
4817
5089
4344
3029
6201
3368
3810
4618
6625
5730
4356
4255
5390
5436
5646
4898
6479
4124
3752
4413
6723
3988
3685
3727
3775
6378
4427
3996
4212
6597
4306
6650
4162
5957
3530
5909
6991
4933
5507
5655
6756
6125
3731
3306
3873
6449
5012
4326
4517
6836
4863
6277
5352
3914
4109
6765
6361
6434
5433
5802
4857
6625
3509
3190
6048
5638
4329
3333
6744
5848
6555
6007
6466
3021
4645
4123
4292
3074
6676
6838
3771
5328
5526
5929
4108
4614
3424
4906
5933
6995
3545
3137
5382
6693
5318
3933
3668
3210
5704
3483
5814
6293
4112
6493
4670
4610
5037
6571
3248
5825
5571
6233
3021
4773
3131
3101
4835
6993
3682
4695
5433
4782
3041
4134
5123
3673
3241
5326
5243
4162
6151
3726
5026
3676
5194
3113
3310
3064
3934
5197
3488
6557
5785
3660
4290
4180
4892
5763
3303
6118
4144
4182
5727
5277
3504
6884
4152
5135
6242
5147
3810
5327
4135
3876
6250
3480
5309
6338
6264
6290
3072
3957
5414
6552
3130
6637
3256
3359
5036
4944
6899
6539
4741
3809
6291
5108
3450
4383
3311
4366
3242
3813
6799
6192
6170
6387
5331
4443
5960
4726
4259
6211
3408
3586
4417
3529
3174
3749
3361
3629
6520
4357
5144
6734
5250
4361
4503
4798
6200
3497
3497
6592
6551
5418
5595
4164
6937
3762
3360
4496
6172
3393
3276
5212
4848
3610
4831
4332
5747
4425
6281
5698
6716
4747
6121
4537
3137
4456
6737
4708
3065
5922
3221
6551
4235
3107
4656
5521
4095
3595
5075
4288
6070
4701
3811
3606
4342
5791
6274
5286
6204
3387
4611
4203
3408
3037
4576
3463
4077
6092
6525
6213
6503
3138
5069
3720
6308
4521
5462
4143
6915
6510
3036
3430
6725
6474
6989
4122
6845
3194
5513
4890
6490
5310
6436
3170
6043
5368
6239
6218
6711
3395
4199
6734
6354
3359
5638
5672
4661
3723
3228
3884
4061
3257
6729
5846
6733
4067
6995
4430
4486
3678
6544
3603
4150
5573
4228
6361
3572
5656
5159
3517
6067
6539
5753
6533
3651
3057
5926
6404
5729
3224
5576
5879
6933
4092
3172
4827
6517
4929
4945
3434
4612
6918
5508
6693
4210
5754
3997
6358
5777
3426
3154
3678
5202
5113
3471
5048
5672
4863
6568
5483
6027
6407
5471
5987
6047
4880
5604
3117
5623
5183
5399
3274
3115
4845
5883
5781
4700
4195
4055
6595
4637
6915
4534
4803
3887
6714
4590
5965
3439
5311
3537
3543
3846
4662
6484
3790
5416
3341
5394
5963
6084
5883
3821
3125
6825
4701
4707
6259
5952
3404
6358
5338
5105
6081
3493
3747
3966
6648
3654
6895
5356
5048
4985
6493
5002
6320
6182
6253
4896
3503
5402
5473
5932
5272
3242
4415
3478
3084
4746
3302
6978
5643
3246
6948
4232
3664
4984
6380
5435
6618
3909
4945
3188
3182
4002
6615
3295
5643
6550
6128
4971
5134
6908
3100
5134
4115
6662
3274
5880
4835
4126
6856
5853
3590
4687
3573
5771
3537
5568
4728
3151
3487
3595
3543
6121
3838
5676
4189
5107
5670
5216
5086
3593
3045
4226
6187
5308
4251
5663
3343
3074
3654
3181
3565
3489
5661
3495
5099
4633
5505
3747
6026
5684
4441
5039
4344
3027
5100
4348
5836
4684
6547
5365
3656
5534
5087
3489
5222
5138
3651
3708
5854
4759
3101
4628
3047
3150
4539
3506
6266
6901
4895
4263
5697
3255
6519
3786
3103
3858
3471
4825
4627
4601
3774
3412
5681
6734
5312
4695
4846
3174
3220
3866
5025
6958
3183
4629
4626
4856
5319
3649
6210
5440
3196
6325
3951
3175
3193
4122
4532
4730
5397
3286
5505
3027
5706
5615
4700
4530
4465
6472
4381
4242
4315
6281
6704
6518
4046
5328
6716
3917
6005
3971
6142
5464
3001
4046
4369
3015
5878
6499
3033
3903
3006
4964
3210
3306
4485
5395
4572
3797
3059
3783
3306
6053
3401
3705
5612
4951
4067
4938
5097
6476
4952
3445
4150
3628
6939
5724
6714
5636
3237
4976
3516
4158
3295
5755
6234
4344
3420
4538
3232
3702
5393
4613
3744
6178
4843
4471
6913
4841
6657
5386
6152
3135
5948
3677
4615
5115
4436
6106
4009
4654
4279
3017
4078
3490
4159
4498
5255
5976
4585
4254
3514
6976
4849
6066
5063
3591
6257
6614
3790
3567
6615
4691
6706
3728
3332
4433
5413
5533
6500
3618
5095
6784
6719
3055
5142
6531
6801
5783
3640
6917
6805
4606
5401
3147
3687
4011
6340
6309
4916
4500
5196
4443
6528
5119
5987
6857
5682
3151
4371
3098
3950
6067
4827
3539
6579
6744
3406
5699
4282
3093
6045
4595
3194
5977
5478
4836
6116
5933
5162
6489
5398
3690
6850
3171
6989
6653
4113
5868
3728
3426
6445
5635
4194
4376
5740
3667
5098
6901
5724
5729
5226
5703
4822
3411
3239
3225
6888
6051
3614
6970
5677
6829
4996
3988
3096
6479
5679
3295
5311
4017
3695
3474
3234
3746
6579
5637
3018
3665
3072
5219
6069
6120
5697
5111
6558
6945
6447
6144
3274
6486
3111
5897
6787
5732
6852
4063
3340
3729
5496
6308
5574
4855
5817
5399
5730
6820
6998
4276
5457
6961
6869
5503
3689
4646
4908
3551
4347
4202
4533
3172
6773
6698
4948
6580
5079
4866
3047
5334
3008
6920
6857
5122
4441
6199
3617
5959
3744
6213
3002
3052
6998
6664
4519
5364
5107
5503
6328
3768
3772
6041
4007
6639
3421
3666
5006
3641
3716
6893
3629
3824
6548
4767
3685
4192
5849
3659
6728
5330
6321
4825
3413
6046
5012
3058
6190
5519
3326
6040
5060
4127
4747
3749
3528
4537
3509
3750
6555
4817
4943
3655
3173
6423
3822
5372
6847
5286
3888
5575
6590
4481
4313
5517
5902
5413
4603
4434
4971
5432
6385
3153
6023
4096
3436
5654
5313
4412
5124
5199
5498
3491
4490
4391
5795
4060
5649
3766
6203
3531
3218
6675
6160
5262
6925
3974
3202
4114
4589
5327
3813
4246
6126
6963
3144
5246
4001
6595
4829
4897
3497
4512
4561
3227
5469
4434
6420
5465
3688
5760
5661
4076
5722
3581
4002
6241
4230
4636
6222
4605
3756
5878
4284
4598
3196
6189
5289
3747
4422
4108
6947
6904
4006
6398
4816
6635
4181
4894
6109
5564
4948
4002
5759
6119
3112
5513
3047
5353
3743
5978
6562
4392
3096
5022
6232
6062
4149
5534
3250
6971
3053
5488
5621
4485
3147
3238
6580
6978
3356
3406
3417
3452
6507
6978
5540
6115
4918
3035
3422
3502
3914
5715
5032
6399
5705
4939
3137
3597
4073
4335
4250
3782
4339
3420
4665
3878
3787
6560
3642
3240
6299
4965
6157
3958
6564
5029
5206
5515
3965
3636
6119
6321
3310
6033
4011
4462
6460
6429
3466
4374
4304
4907
3988
4466
3064
6518
4202
4198
4094
5045
6007
4964
4363
3787
5910
3796
5348
3610
6853
6016
5050
5205
3709
6242
6471
6090
6050
5169
4477
4423
6715
6729
5496
3720
3397
3341
3349
5620
5423
6744
6599
6281
5332
4071
5722
3782
5386
6327
3405
3040
5928
4919
3930
4722
4056
6535
6062
3793
6203
4227
5651
5992
3749
4595
4117
3165
4153
4512
3667
5471
3111
4270
3397
5588
6778
3999
6295
6826
6617
3856
6250
5987
6008
4157
3146
3570
4055
3670
5954
6450
5437
3840
3854
4861
6066
5203
3062
5538
4429
4870
5431
4305
6974
6805
6290
4464
4035
5279
4485
5559
3826
3437
3070
4869
3420
5976
5996
5531
6755
3221
4162
6785
6113
4431
3796
3928
3261
5362
5235
5907
3202
3928
3146
4183
4099
4813
6435
4291
5985
5295
6581
6543
3183
4172
6664
3435
4999
4553
5667
3340
3897
3070
4817
5873
4528
3289
6551
5443
5755
5442
6870
5387
6589
5882
5724
5650
4637
5013
6392
6089
3060
5774
6642
4410
4273
6343
6431
6953
3439
5795
6167
5890
4310
6076
5076
6817
4520
4355
3850
3299
5609
4458
6473
5510
3302
5746
4939
6254
4065
3040
6659
3111
3425
5846
4536
6354
5507
4714
5483
6474
5920
4601
5193
6700
6632
3443
4753
5415
5838
4729
4346
3426
4332
5540
6047
5036
4983
5930
3102
6495
3047
4146
6788
4980
5300
6400
4321
6728
4786
4377
4514
3987
5999
4859
4974
4929
3300
4714
5524
5059
5096
4018
5203
6494
3326
6665
4914
6349
4962
5467
6514
4447
3067
3667
3136
4594
5933
6802
4561
6356
