4500
3012
6692
5577
5937
5287
6620
4555
3676
4191
4119
6737
4607
6618
4135
5824
3216
5661
3213
6369
6100
4246
6335
4352
5170
4666
6060
4594
6104
4707
3427
5382
6225
3911
6591
5451
3561
6205
4478
5274
4100
3877
4102
4692
4577
6480
6700
5216
5485
5432
3960
5119
6215
3883
3125
3348
3799
6610
3343
4273
4976
4335
5242
3966
6990
4030
4696
4980
5798
4264
5820
6759
5650
4864
6095
4183
4725
3946
3978
5681
3264
4540
5984
4223
3347
4965
6418
5138
6594
6470
5019
4763
6223
3894
5769
5673
3037
4651
5174
3498
6495
5194
6816
6074
5586
6322
4320
5823
6937
5388
3630
3516
6031
6747
3517
6924
6320
3991
4646
6280
5043
5414
3621
4189
3185
3055
4671
5145
5529
6627
5608
4324
5537
5494
6001
5484
4586
5343
4571
3863
4077
6956
6163
3379
5624
5405
3364
3749
5238
4729
3437
3896
5560
6483
3311
5211
5251
4873
4961
3226
4576
6188
3230
4120
4981
4954
6547
5274
6747
3883
5699
3369
4147
6056
3183
6993
6330
4640
4454
3995
5115
3783
5777
4989
5276
3953
4514
3498
4885
5441
3378
4695
6260
5100
3227
6608
4955
4375
5849
3307
3748
6920
6305
6289
4360
5657
6246
3779
3607
4756
6345
4994
6258
6823
6740
4694
6011
6819
5040
6636
3681
6117
6079
5686
5056
5015
5363
4181
4912
6951
3619
3525
3055
4370
6250
3722
6625
3895
6879
3381
6751
3854
6966
4676
3974
3689
5018
6262
3978
6520
3521
3061
5241
6191
3347
3694
3216
5653
4472
6249
3763
3500
3185
6841
5468
4561
5229
3835
6064
4830
4690
5157
5078
4783
5271
6142
5030
6341
4177
4147
3538
4284
6281
4157
6044
5957
4921
4049
5203
4514
4030
4344
5836
5208
4502
3043
3240
3284
6381
5718
4274
6549
5663
4748
5951
4308
4893
5773
5663
6506
5377
4205
6226
4284
4046
4469
6331
3252
5728
5515
3905
6432
5302
6567
5731
3921
4117
5763
4655
4593
5231
6924
3145
3593
6542
5812
3638
5357
3616
3908
4513
5296
6171
3751
5595
3931
5546
6564
6945
5723
3946
3097
6972
6204
4837
6062
4231
6905
6929
3427
5939
4067
5997
5826
5136
3868
3429
4453
3540
5403
5225
5272
6541
4036
6817
5882
4422
3209
4635
6630
5245
3514
3119
3481
3515
5622
3117
4660
4051
4674
4362
3158
4396
5840
4488
5268
3751
4106
4019
4493
5599
5807
4114
3332
5699
4097
5681
3731
6040
6080
6025
3494
6673
6596
5378
6235
4660
5642
4569
6861
5048
3260
4522
6336
4079
4444
6986
6440
5222
5079
6339
4005
5884
4372
3338
5925
5369
5763
4431
6077
4049
4626
6821
5314
6487
3995
6412
3621
6655
3548
5677
4081
6643
4762
5607
6499
4116
6808
5261
3162
4028
4776
3045
5176
3756
6126
3307
3921
5248
5632
3033
5909
3533
6253
3147
5270
5553
6862
5805
4471
6591
6784
6589
5579
3002
6281
4878
4669
5382
6832
6559
4596
6546
3530
3431
3906
6278
5929
3282
4452
3671
4348
6634
6999
6742
6364
5024
4454
3690
5320
6577
5279
3414
5487
3377
3588
6228
6711
4453
6944
4952
4920
3364
5364
3319
5810
6739
4114
3423
4392
3636
4164
4625
4617
6579
4431
4980
3394
3614
5706
5311
4856
3049
3106
3535
6597
4401
5704
6044
5560
3897
6578
4421
6815
4459
4136
4285
4747
6495
6766
6908
5711
3667
4970
6570
6497
4730
3745
5932
4773
4551
4194
5438
4566
6298
3680
4009
4107
3453
6604
5893
4009
3251
4661
5800
4167
5795
3842
5183
5165
3812
4158
6282
6940
3433
6651
6713
3891
6278
5323
6013
6380
4923
3191
5384
3655
5626
5598
5291
4309
5004
5572
4494
5858
4863
4168
6368
3310
4736
6273
5513
5961
3557
6823
6632
6177
4509
4282
6501
3426
5054
3555
3341
5059
4660
6507
3524
6487
4137
5713
6096
5366
3350
4425
3866
6470
3507
6376
4202
4789
4886
4023
3706
3137
6876
4560
4850
6580
3301
5926
4460
5643
4965
5753
4288
6274
4089
6478
3072
6047
5800
5299
6317
6381
6817
4355
5721
5703
3770
6256
4933
4348
3532
5233
4186
3582
6241
6140
3012
6292
3368
6307
4122
3480
4845
5219
4719
3362
4634
4548
6151
4571
5169
4624
4129
5434
6321
6456
5462
6902
6114
6138
3395
4352
5569
5872
5644
5634
4265
3993
3170
5210
5544
6252
3473
3188
5280
3206
5429
3723
3380
4013
6694
3959
6819
5941
4965
6886
5915
3351
6966
5271
5119
4715
4218
3594
6422
6053
3347
6404
5904
6294
3829
6960
5387
4442
6202
4091
3584
6679
4874
3061
3166
4782
5618
4379
3029
4686
4000
3399
5653
3940
3075
3614
6892
5999
5179
3945
3454
4941
6452
6142
3325
5912
4411
3723
6280
6898
5527
6059
3010
5316
5900
3807
6947
4558
4762
4837
3240
4680
4239
3981
6073
5731
4519
6104
4779
5413
3169
4408
5472
5790
6882
3943
5966
3569
5941
5060
6878
3486
3161
5800
3084
5458
6146
5416
3733
6185
6684
6841
3573
4581
6445
4260
6991
6059
6544
5305
5194
3680
3870
4284
4168
5978
3870
3127
6014
5168
6490
3372
4077
6922
5303
3552
6810
5714
3190
6145
5920
3012
6273
5056
3333
5273
6941
4299
3938
3219
5549
4787
4534
4537
4211
3260
4747
5009
5139
5154
6058
4157
4138
3541
3656
5924
4174
4658
4902
6502
4645
6332
6803
5676
3858
6005
6339
4629
4637
6038
6348
6941
4278
6076
3290
4042
5095
6456
6619
4701
5815
3511
6765
6566
4902
5977
3583
3806
5411
4150
6469
5969
6704
5745
3558
3621
6259
6409
3895
3319
4251
6285
4006
3839
5102
4565
6191
4336
3140
5775
6659
3611
6055
6626
6472
4394
6075
4193
6376
3656
3434
5162
4293
4309
6505
6491
4138
5103
3469
5210
3408
3416
5484
4423
3015
6034
4547
3792
6644
4158
4182
5328
3888
4296
6394
5174
5590
5944
6147
4857
3555
5332
4390
6920
5470
5304
5218
4376
4532
5803
5038
3162
6184
5072
4127
5188
5466
4007
3334
4005
6215
3215
5640
6864
3128
3973
4546
5480
3184
3525
3422
5193
3061
6595
3212
4677
5541
6943
4600
3313
5026
6354
5604
3899
4053
6187
4750
5923
3503
3264
5725
3964
3449
6164
3193
3361
6835
4270
3085
5716
5098
3450
4460
5846
3760
5618
3698
5303
3048
5466
6192
5103
3735
4982
3395
5438
6924
6235
5438
4465
4447
3101
3872
3373
4609
5281
6786
4980
3058
5425
5497
4905
5006
3419
4708
3444
4723
3182
6095
4388
3848
6733
3454
3786
4213
5362
6018
4850
4187
6992
6322
3298
6260
3258
5679
4353
4700
4786
3630
5301
6129
4672
4495
3586
6659
3082
3756
4645
3218
6424
5377
4145
4945
5405
3518
4455
3441
4294
6567
5997
4106
4000
6484
4316
3884
6773
3397
6844
5771
5121
4600
3277
4112
3902
3456
3411
4006
3535
6444
3313
3031
5918
5973
4488
3672
5500
3132
5101
5614
3718
3861
5290
6147
5600
4602
6094
6400
5774
5364
3741
3489
5080
6977
3492
6002
4408
3557
6005
6984
3039
5615
6760
6941
4402
5419
4365
6552
4352
3092
4174
3764
4444
4801
3128
4413
3909
3086
4157
6236
4506
6778
4946
3228
3503
3713
3546
6906
5773
3280
5776
3710
6324
5370
3939
5470
3376
3514
5388
6674
3338
6437
3576
4466
4215
5401
4577
6990
4582
4442
4929
3126
4461
6706
6499
3385
3092
3708
6998
3076
3707
6190
3591
3657
6977
3317
5472
4862
5080
3218
3131
3133
4032
3656
3372
6771
3881
4744
3618
4531
3106
6735
6279
5070
4910
6822
4300
4407
3327
3679
6679
3230
5217
5786
4643
4852
3353
3638
6923
4088
5766
6906
3191
4473
5964
4422
3880
4922
5736
4983
5350
4153
3654
6708
4822
4393
3013
4619
5849
6821
3284
5036
3206
5135
4785
4428
6555
6144
4216
3396
3835
6106
6450
5631
5385
4475
3239
3475
6364
6225
5641
3660
4185
6730
6454
6330
6923
6405
4016
6055
4753
5667
5575
3161
6480
4513
3684
4982
4884
6814
4896
6203
6955
3873
4763
6452
6308
3195
3928
4613
5745
3650
4658
6395
5710
5844
4569
6860
6919
4238
5657
5907
5562
3383
4678
5562
3015
4560
4615
3801
3213
5252
5590
4719
3968
4739
6943
3620
5263
6833
4369
3139
3498
5845
3886
6210
4577
4497
4859
3830
5029
5145
6102
6855
4573
3205
4769
3905
6925
6846
5515
5615
4581
4889
3393
6246
3815
6217
5748
5385
4453
6585
3979
3729
4689
5087
3848
6540
6695
6095
3639
6340
3673
6748
3522
3841
3285
3777
6684
3776
3219
5394
4733
6370
5705
4370
3612
5797
5731
3585
6845
6788
6928
3416
5648
4534
6660
6363
3230
6823
6983
6991
3966
3661
4362
6469
3129
4571
3249
4441
3529
6051
3884
5935
6331
6522
5242
3073
4736
3094
6289
3335
5232
4978
4511
4833
5913
3672
5872
3392
5268
6782
3397
4192
4737
5345
5045
3596
3503
6713
4251
6016
4302
3602
5587
5908
4773
4877
3544
4557
5921
5341
4422
5384
3726
5125
3043
4106
3610
4767
5203
5282
4147
3758
4681
3672
3515
5239
5397
6190
3832
6814
4886
6570
5216
6762
3045
5213
3801
3882
3920
6886
3135
6092
6415
4516
4704
4710
4115
4116
3356
6449
6984
5674
6504
6858
3448
6804
5550
6325
3976
3283
4818
3379
6762
4563
3088
6367
5958
4057
4250
6177
3712
3346
6552
6954
3707
4711
6585
5362
6962
6734
4330
4829
5278
3590
3403
6066
5674
5972
4868
6625
3374
6040
6984
5982
6256
4087
3286
6543
5991
5378
3698
3870
3037
5453
3092
5773
5377
4928
6870
6846
3713
6005
3109
5892
3395
4857
3282
4109
4002
5620
5571
3961
5024
6875
5209
3226
5325
4425
5158
6333
6201
4557
3284
6217
4245
3054
5031
3105
4750
3435
5743
6035
6121
6995
3448
4578
4429
5410
5493
6279
6203
6921
3512
4079
3086
4416
4335
4627
3960
3436
3558
5488
6333
4739
3124
6244
3093
5761
6035
4447
3101
4749
5490
4826
3322
3669
4557
6037
5006
4537
4099
6542
4535
4700
5715
4510
3016
4274
3967
3237
4229
5499
3927
4983
6433
5098
5399
5289
5283
4486
6691
3390
6811
3620
4938
5788
4146
5089
6887
4532
4591
6425
4608
4433
5909
4721
5731
6727
6159
6547
6829
5414
3293
4081
4414
3754
6972
6822
6192
6959
3540
4863
6615
3513
3071
5950
4280
5091
3699
3013
5544
6856
6983
5906
5122
4846
6268
6131
6771
6923
5545
5611
3479
6353
6986
5270
4612
5560
4057
3148
3149
5405
4901
4138
3883
3698
6762
4097
3079
4869
5501
3451
4119
4201
6493
5513
5940
6623
5432
5249
4689
3479
5636
5673
3368
6421
5761
3285
5390
3984
3559
3392
4083
5100
4213
3145
6858
3340
6596
3142
5572
4092
5113
4681
6688
3020
6730
6611
3708
4193
6227
4892
5695
5289
3306
3437
3934
5084
3998
4483
5751
5210
3901
6445
4134
6570
6281
6155
3959
3692
3811
4595
3647
3402
5905
4065
6156
4449
6374
4632
6737
6210
5806
3037
5972
6598
4762
3821
3233
3191
4301
3712
3158
3910
5040
3872
4807
5676
4202
4820
3154
6148
6505
3778
4277
5251
6745
5592
3449
5305
4982
4803
5995
3555
6237
3229
5921
3758
5302
3486
4560
6907
3495
6861
5703
5685
5073
5709
3058
5652
3529
6319
3093
5121
3939
6270
6748
3082
5165
4100
5992
6637
5085
5812
4355
6898
6582
6445
6478
5609
3876
4146
6838
4707
6370
6632
3142
3438
4960
4406
4919
4502
4313
6222
4959
5948
6298
3987
4290
6873
5362
4423
5623
6345
4049
5504
5608
6506
4780
3732
6893
4199
3625
6080
6501
4118
4190
3286
6281
3266
6922
5984
4565
6479
3371
4982
6137
5100
3220
6062
4066
3043
3117
3921
6426
6541
3037
6412
4945
4480
5699
5168
6773
3700
6892
3788
3004
6409
4196
5560
4584
6128
6563
3120
3077
6551
6863
3849
3207
6698
3026
3970
6167
6832
6609
3004
5385
5611
3467
6994
3614
5939
5786
6149
3409
5001
5649
6937
4211
5123
3947
6486
3623
4666
6751
5563
6669
5747
6745
5670
6333
3765
4498
5822
6133
4832
3812
4943
6409
3968
4242
5312
3939
4064
4016
3203
5538
6070
5470
6524
3029
4854
6932
4389
3942
4467
4630
6446
4139
5307
5509
6544
4969
4531
6275
5406
4145
5930
4377
6083
6840
6638
3175
5980
3955
6590
3657
5025
3932
6698
5330
6340
5107
3874
3111
5613
5508
3294
5767
6313
4224
3324
6478
6049
6161
3060
4726
6984
3227
3468
5753
4635
5437
5966
3234
5642
5504
6778
5601
3971
6021
4995
4323
3938
5728
5001
3496
4969
4312
3401
3560
4394
5784
6745
5477
6935
4157
6646
3666
4280
4284
5844
5369
6695
3237
6214
3853
5295
5151
3247
4914
4174
5535
3021
4154
6881
4617
6857
6008
5956
4133
4510
5878
5530
5599
4612
3125
3217
4969
6388
6400
5140
6096
5590
4719
4517
3526
5366
4190
4153
3846
4183
5559
6653
5616
4620
3464
5579
5807
6464
6380
6400
5163
3090
4587
5983
4080
3776
3059
5652
3145
3817
6124
3818
5721
4022
5186
3858
4183
3393
3227
6360
3235
5115
4594
3663
5509
5337
4164
5034
4474
6329
5397
5002
3764
6352
5694
6770
6033
3275
5919
6353
3233
5230
5100
4221
5617
3238
6486
5490
4811
4383
4599
6967
6720
4310
6144
6369
3945
6928
6328
4316
5270
3627
3388
3662
6075
5513
3887
3006
6557
4928
4982
6024
3728
4765
5593
4720
3469
3126
4050
5547
3999
6999
6307
4184
3087
5528
4992
4790
5410
6888
3852
4988
6731
3304
4582
3826
3525
5955
4291
6619
4817
4033
3507
3626
4979
6946
4109
6650
6147
3532
3528
5648
6557
3954
6853
3870
4644
6028
4910
6988
4503
3720
4695
5988
3901
4071
4448
5702
4412
6599
4315
5510
4995
3686
3500
3433
4606
3381
3562
4569
6623
4251
5808
5567
6276
5437
3336
3696
4984
6457
3060
6182
3041
3281
3811
5232
3462
5517
3298
6577
4371
5468
6160
3664
3950
6174
6412
3530
4797
6445
5859
3702
5645
4590
4324
4060
3410
4433
3774
4356
4818
3014
6565
5271
6773
5801
6125
5926
6578
3684
4441
6693
4045
6559
4590
3549
5931
3512
5524
5520
6193
5308
6321
6885
5749
4477
3957
5034
5893
5346
3944
3458
5149
5798
4773
3667
3007
5658
3740
5456
3885
3993
3412
6487
5291
5164
4966
4550
4186
3347
5848
6440
4897
3744
3496
3633
5441
6843
3717
4973
6293
5825
6123
6596
6285
3195
4073
5092
5538
5934
5806
3051
4132
4630
4924
3850
6907
6909
4181
6877
4651
6742
4032
5168
5602
6025
3740
5463
3424
4739
6711
4151
6935
6778
5147
5998
6904
4751
6696
4485
3817
4660
3747
4224
4913
6501
3665
3120
6963
4354
5774
6927
6420
3612
5341
5981
5443
5929
6905
3705
4024
3249
6074
4892
4609
5384
4719
4501
3893
4211
4329
5238
5760
6729
5505
6162
6147
6052
3488
5128
6865
4415
6966
4468
4896
4089
5872
4464
3289
5838
5563
3886
5297
5740
4854
4189
3832
6598
3387
5575
3402
4831
3607
3294
3291
4801
3291
6357
3489
3613
3581
4432
3561
5892
4612
3691
5459
6900
4441
3598
6893
5078
3414
5090
3625
5134
3994
3076
5250
4150
5471
3380
3141
3401
6633
5553
4314
6781
3815
3877
6788
5590
3788
5013
5910
3934
6883
3319
6157
6227
3997
5200
4005
6915
4083
3824
5005
4531
4561
3828
6411
3881
4212
5552
6225
5540
5978
3419
3480
5281
5270
5340
3567
6466
4585
6532
5032
5922
5033
5217
3401
5944
5525
6344
4694
3417
3878
5546
5615
4107
6208
3641
3062
5667
5358
3765
3624
5320
5114
5422
3614
5012
4715
6496
6277
6155
3449
6315
5155
3596
6405
5470
5974
4578
3498
4286
5284
6860
3941
3791
5379
5275
5728
6460
3662
5927
4613
4522
6008
5631
3512
6805
5929
6453
3762
6679
4829
4031
3759
4160
3864
3789
5557
5696
6228
4492
4740
4433
4578
6473
6194
6807
4518
6932
3368
5373
5764
6943
5888
3182
3661
6966
5528
6792
5977
4135
5967
4915
3706
5742
6834
6136
5417
4751
6612
6481
4318
4311
3347
6133
4891
4198
5315
5158
5392
6332
4898
3807
4834
6462
6845
3313
3884
4601
3174
4663
6036
3468
3015
3544
4075
4910
4956
4641
6316
5961
4789
6910
5845
3966
4956
4182
3413
5176
5516
4895
5012
3000
5011
5933
5946
3572
4328
5177
3787
3797
3880
3395
6007
5922
6928
6432
5933
3373
5669
3600
4528
6283
6659
3503
4745
5877
3605
3960
5991
4582
3119
3469
3592
3333
5500
3722
3076
5376
3122
5105
3225
4417
6264
6030
3374
3007
4014
4738
5265
5142
4388
4117
5260
5207
6932
4523
5921
6329
3328
6999
4779
6385
5671
3211
3658
5747
6250
5683
3046
5214
3061
6722
5510
3956
4560
3085
5798
6599
4118
5949
5982
3222
5536
5031
3453
6751
4844
4121
6612
6134
6991
3284
5068
5569
6767
4830
6545
6992
5244
5261
5889
4051
5420
4789
5311
3027
3381
3516
6142
6497
5176
5977
3308
5561
6840
3553
5501
5244
4118
4290
5180
3297
6929
4293
5796
6038
4969
4361
3770
6923
4295
3420
6148
4307
5928
6463
3151
3222
5732
6810
5246
3548
6667
5498
4469
6576
4794
5512
3893
5781
5942
5609
6109
5422
4370
4624
4335
6032
5888
3870
4073
3438
4585
4493
4193
4393
3504
3053
3494
4717
6471
3629
4461
3840
4975
4393
5477
4002
4963
5011
3400
4523
5779
4037
5144
3477
5073
5091
3677
3580
4644
6094
4885
6324
3798
5568
4117
3993
5906
4237
6198
6754
4239
3124
5018
5266
4189
6172
5513
6660
6241
5490
6784
3334
3138
3527
3009
3676
4441
4531
3750
4093
3003
5486
3344
6427
4858
6018
6061
3560
3814
4445
4766
3308
3619
4652
4829
5959
3530
3724
3792
6650
3409
3246
3977
5529
3877
5271
3888
3696
6304
3093
6733
3991
3237
3231
4567
5884
3692
5642
5616
3116
5293
6580
4579
4249
5874
4953
6934
5857
3012
4380
5231
5441
6480
3971
3086
5457
4291
5090
4378
6757
6185
5534
3194
3843
4119
5830
5484
4808
4053
3839
3072
6981
5173
5048
5410
6211
3414
4343
4095
4748
5478
5555
5839
6784
6909
3516
4537
4768
3664
4632
3243
3147
4192
6625
3222
4705
3770
3863
3849
4435
3967
3546
6429
4688
6315
5470
3417
5038
4023
4481
3646
4949
6249
6148
3214
3135
6539
4343
4660
3432
6602
6180
4381
3805
4293
6285
4229
5604
6503
5050
3503
3740
6715
6760
4983
4009
4883
3854
5680
4711
5523
4697
3187
3649
3041
4369
4103
3409
6202
4682
4124
4388
5555
5430
5232
6056
6622
3714
3828
3776
4478
4255
3112
3997
4304
5855
5425
6480
3372
5892
3427
5639
6164
3509
5607
3755
3107
5726
3370
6212
5045
3468
5734
6744
6777
5022
6828
4863
3463
4250
4716
3233
6248
4945
3109
3915
6271
6129
4974
3288
6257
6992
4032
3664
5223
5395
6263
6885
3271
6993
5535
3926
6634
4145
4464
3450
3668
6729
3996
4851
5173
5820
3075
6401
4239
4199
6296
4549
6021
3140
3786
5966
4666
5488
6570
6131
4692
5864
4096
5805
6586
6592
4545
6797
3117
6629
5672
3118
5669
3957
5555
6840
5396
4930
3097
4143
3532
4414
4947
5687
3416
5384
6824
5945
5466
6667
5599
6657
5568
5494
3987
4697
3396
4489
3617
6304
4620
5957
5714
3214
4500
6950
4331
5281
6358
5063
5414
3054
4997
5173
6687
3855
3050
4900
6684
4324
5610
4140
4792
4795
3132
4585
3926
6250
6061
5604
5393
4949
3770
3553
6083
5263
5245
3302
3912
6734
4626
5791
5691
6006
5232
4847
6971
3674
3452
3802
4917
6117
5161
6210
6898
6813
6602
6767
6754
6191
4365
4982
4468
4310
4684
5043
3063
4859
3016
6775
6457
5610
6567
6499
6050
6483
4050
6059
6185
4790
5016
5451
3971
6073
4622
3580
5273
3446
5577
6483
3933
4837
4479
6559
4358
5616
4844
3757
3116
6633
5303
4365
3989
5846
4849
5609
4528
4746
5598
6507
5316
6617
6423
4469
5929
6782
4616
5133
4804
3885
6871
6982
3043
4377
4190
3148
4975
6394
6671
3311
5593
3696
6661
5388
4988
6316
3080
4734
5782
5575
5279
4912
5028
5289
6508
3002
3886
4395
5701
4499
4530
3794
6424
5964
3728
6564
4755
5984
6358
6909
3731
6684
3931
5596
6390
3382
5634
4032
4495
4518
3581
4191
6078
5437
6155
4304
4627
6923
4638
6833
3152
3402
3466
4882
5340
6031
5951
3603
5159
5911
3713
5184
3916
5300
6003
4828
4613
4906
6037
5090
3809
3523
3006
5513
6276
5886
4220
5586
5355
6432
4836
3085
5340
4814
6793
4879
6641
5057
5479
3656
4780
6496
3512
6277
4759
4885
3444
5561
6703
5219
4277
5205
6139
4905
6705
6839
6068
5105
6478
5214
6136
4519
4725
5026
5269
5627
5838
3059
4983
4643
4700
6687
5167
6047
4426
3817
5509
3458
4291
3543
6362
3024
4211
5172
5769
6833
3284
3562
4838
5682
4758
6225
4007
4522
4120
5450
3159
6754
3771
6364
6849
6642
6971
3807
5109
3037
4517
3886
4922
5661
3394
3425
6937
3590
4834
3531
3217
4673
3727
4018
4122
5839
4152
4508
6094
6262
6397
3076
3739
6462
6810
6180
5108
4463
5623
4400
3113
4083
3045
3414
3436
3694
3387
3174
5840
3012
4449
4890
3309
3548
5054
5869
6588
5901
3873
5244
4913
6157
6613
3280
4234
4437
5893
3828
4684
6345
5211
4915
5537
3663
4181
4065
4961
3323
3391
6044
3439
5375
5936
6912
6092
4066
4703
6207
3839
3340
3738
5533
6198
4321
5855
4007
5317
4578
6909
6789
5349
5238
4476
4208
5772
5485
5733
4822
5206
5532
3187
6330
3477
4418
4394
6488
3772
5009
6805
4126
6877
4413
4438
5965
3643
5648
4391
3031
5733
4453
3944
6245
4603
3224
6577
5456
3189
6863
4159
4929
5757
3476
6355
4569
5447
3817
3974
3840
6561
3620
4302
4991
6353
4036
3185
5186
4040
4949
5609
3481
4259
6965
6067
3435
5456
4290
3998
5692
4061
4588
3394
4601
5603
3582
6631
4438
5857
3114
6074
5835
6527
3019
6193
5232
5534
6452
4171
6957
6665
6377
5750
4731
3106
5105
5624
3946
4109
3168
4792
3424
3221
4870
3077
4497
4417
4365
4821
5550
4009
3946
5714
3995
3657
5499
4417
5226
3808
6520
3689
6141
5701
5998
6711
3598
4757
4343
3786
4338
6455
3490
4354
6444
4549
3429
6496
3934
6459
4231
5473
3325
3939
4047
6679
6325
5579
6271
3281
4911
4129
5849
3852
3249
4227
3500
4735
5275
4676
3340
5281
3933
5836
6420
6729
3651
3527
3698
5607
4334
6014
3228
5805
4876
3243
4238
3755
6539
5599
3750
3616
4535
3297
5950
5048
3870
3330
4898
5038
6217
3998
5184
6325
4661
3797
5168
3601
5579
4091
4409
5364
6411
4717
5325
3945
4188
4316
4129
4746
5240
5727
3487
4925
4320
3531
3682
3497
6324
4899
4469
6056
3627
6911
4392
3684
5631
4101
6977
3696
3229
4986
3526
3892
5838
5514
6986
3947
4568
5087
3098
6630
3201
5199
5854
6594
3217
5364
4691
5490
6729
6904
3556
4118
4518
4701
3334
3459
3066
6460
3679
4375
3765
4245
5033
3432
4379
6575
3381
5737
3053
3746
3729
5585
6322
3182
6464
3346
5674
5440
4764
5733
6447
5250
3029
3834
4718
6557
3555
5689
6962
6448
3554
5260
5231
6639
6487
5879
3475
5795
6646
5984
5215
3406
4684
4413
5930
5258
4079
6934
4171
6288
5848
5406
4328
3131
4512
5275
4367
4317
4806
3730
5096
4721
6100
4001
5381
3606
5053
6197
3133
4910
4659
5908
5969
6075
3724
6012
6796
5636
6362
4649
4936
4223
4465
6258
3439
5114
3192
3803
5772
5713
4976
6929
4633
4399
3647
4655
3635
5993
3874
5157
6474
4475
4579
5769
3536
5955
3220
5224
5272
4126
3022
3296
4642
4109
4782
6591
4578
6599
4289
4324
3379
5400
4580
5193
5373
6055
4850
4911
3513
3436
3566
5618
6437
4366
6786
3744
6919
5185
5890
4229
4225
6060
6290
5061
3051
6763
6902
3861
5443
3449
3322
6315
3493
5471
6459
3328
4811
4894
6984
6202
3520
5429
5278
4023
6680
6221
4766
3948
5001
4220
5440
3208
3958
3390
4653
6898
3223
5804
3714
4168
5263
5868
5949
6891
3239
3057
4659
6069
3923
4142
5274
4728
4527
4347
5646
4041
5301
6384
3812
6093
6961
3210
5882
5653
6092
6697
5481
6832
4699
3353
6321
4630
3613
4238
4386
5981
4073
4893
5127
3162
4087
4911
5380
6907
5376
3003
3393
5854
6569
6924
6680
5019
6577
6928
3305
6018
4175
4313
4524
6012
3268
5713
4921
6192
5727
6157
5100
3750
3106
5961
4019
4642
3833
6120
4572
3216
5588
5117
4260
4273
3243
5776
5223
4060
6235
4952
4252
4600
5021
6522
4245
6111
3526
5367
6743
4925
5580
5378
4321
5074
6181
6282
4525
6054
3335
4614
3698
4801
4727
6015
4992
4318
5781
3832
3285
4613
4117
3891
4027
3342
5466
4765
6049
3071
6484
3616
6701
5192
5613
5289
4255
4502
6515
6258
6204
4189
5507
3725
4519
5907
5808
5054
3714
4622
6720
5013
3681
3508
6420
3995
3551
6410
5136
4444
3871
6477
5707
3838
4350
5726
6269
5145
3384
6429
3286
3348
6978
5164
3595
5809
6124
4850
4001
6526
4760
4569
3158
6611
4776
4329
4333
5707
5662
6438
3150
5036
6766
3462
4877
6768
6718
3876
4754
6001
6670
5311
6367
3238
5226
6208
3296
6578
4262
5719
6397
6904
6398
5165
4199
3720
5473
5769
3712
6933
5625
5356
3106
4708
4982
5769
6162
6764
3294
3615
4823
5329
4343
3032
6312
6948
3495
3708
4209
3944
4188
6917
6775
3795
6612
6583
3743
3172
4720
4045
4307
5448
5985
4749
3630
3427
3432
6853
4207
4895
6845
3381
3511
5696
3466
3563
4156
5603
6894
6146
3228
6799
6637
5249
5366
4028
4829
5247
6762
5683
4465
3342
6317
5420
4156
5917
6711
5227
3714
3484
3969
3575
6953
4144
6342
5154
5885
6139
4803
5058
3565
6456
5708
6768
5498
4333
4694
6541
6283
3042
5566
4698
3995
4698
3192
5987
3040
5412
6057
6924
5942
3010
5174
4634
5256
5119
4567
4731
5968
4820
6155
5821
3939
4978
4865
6478
4861
4793
3262
4529
6834
5510
6488
5516
5221
5143
5410
4548
6094
6085
3302
5584
3217
3317
6826
3270
3184
3452
5766
4286
3338
3748
3408
4422
6298
5923
5137
6524
4745
4957
4280
4035
3360
6318
6003
5426
3600
6531
3492
6475
6932
3431
6009
6385
3693
5504
3106
5214
6459
3414
4554
4272
4594
5463
6857
6690
5691
4514
6690
4192
4265
6906
3071
4934
4028
3866
4077
3665
3979
4652
3871
5230
4371
5198
6779
3231
5260
4694
5876
6427
5582
4104
4456
6903
3116
4579
5058
6438
5042
5733
3248
5502
5595
6983
3802
4535
3278
4130
5690
3500
3530
3018
5086
5367
6541
6626
4798
5818
4278
5400
4531
6485
4395
5115
3438
6181
6108
4628
4556
5278
5503
3692
4044
4982
6360
4790
5996
6492
4351
5005
6408
3941
3213
6004
5266
5739
3537
5234
3942
6961
4687
6250
5034
3780
3513
5457
6722
