4500
5708
4776
3546
5723
4509
4572
3196
4113
3241
5789
6939
4351
5232
3651
6587
4823
3470
4068
3133
6606
4170
3335
4697
5227
6130
6301
5485
3443
4821
3659
3594
6830
4972
3817
3354
5854
5523
3619
4882
3422
4943
4503
5335
3199
5039
4114
6808
4022
4459
5854
5326
3255
5667
4470
5339
3828
4008
6802
5614
3533
4175
5025
3316
4028
5451
4490
5260
5106
5164
3181
4833
4550
6498
4644
3740
4172
5432
5906
3535
5829
5016
6595
4901
4687
4594
5164
5945
3096
4745
3849
5489
5566
5193
6156
3420
3803
6961
5000
6632
3033
3319
3078
4353
5234
6021
3051
3035
4192
3689
4116
5701
5911
4869
5240
5522
3783
4633
4685
3510
3179
5167
6495
6081
5781
6911
4258
5498
3257
5976
5081
3779
6695
6648
6118
3021
6233
6159
6618
4935
5365
4358
3775
6686
4139
4205
4211
4268
5517
6095
4833
6535
5913
6553
3983
3920
3299
6702
5323
3960
3115
5483
4744
6823
5012
3246
4132
3861
4761
4879
6062
5909
3090
4286
5808
3181
3648
6418
6375
3195
4043
3137
4408
6000
4102
5443
4993
3655
5973
6036
5393
6515
4877
4773
5504
5870
3743
6534
4754
4998
5158
3818
3951
3152
6315
4539
6113
6862
4159
3021
6201
6173
3186
4769
6285
5482
6380
3920
3545
6544
3173
3626
5749
6063
5852
4942
3828
4624
5405
3825
5950
3506
6214
4168
4570
6311
3218
5886
3934
5378
5348
3000
6637
4355
6077
5865
3794
6814
5876
3189
4300
4976
4127
3705
3239
5283
3134
3581
5765
5313
5096
3191
5002
5722
3698
4529
6458
5169
5907
5100
4440
6156
5117
4353
5476
4789
5593
3411
6544
6054
5301
5581
6975
3239
4820
4389
6613
6833
4247
5799
6972
6450
3084
4969
3077
3668
4849
5469
4888
5084
5190
5301
4692
4399
5334
4793
4564
6985
5446
3632
3431
5938
3097
6498
3869
4772
4204
6718
6279
5706
3462
5878
6719
3198
4146
5544
6379
6425
4710
4459
3271
4790
3190
6460
5083
6845
3893
3981
5300
6153
5416
6027
4481
5869
5926
6639
5918
6388
3166
6322
3672
5160
5318
3028
6404
4681
6065
6539
3474
6742
5185
3798
4162
3957
6157
3295
3441
4021
3725
3360
4751
5728
5206
3417
5038
6096
6217
4696
4357
3283
3287
6033
5827
3016
4003
3037
4281
3358
3669
3994
6293
4813
5620
5673
3675
6965
6970
5755
6174
6298
5977
3437
4620
5289
3787
3969
4082
6124
6893
5429
4230
3755
5138
3003
3948
3770
3907
5595
5794
4144
3992
3883
6543
6306
3746
3574
3188
6446
5403
5989
6285
6387
5793
5356
5423
6197
3200
4666
4848
4940
5148
5285
5419
4420
4426
3941
5198
4220
4896
6667
6462
4571
3534
3640
3950
3723
3567
4192
4060
6604
3708
4316
3149
4656
4483
3013
6517
4054
6935
4913
6859
4439
4641
6253
3384
6662
6353
5714
3577
4515
3141
4929
4801
3628
4629
4852
3228
3351
6494
5520
6339
3667
3075
5918
5993
3349
4095
5833
5212
5865
3120
6495
5228
3445
3513
3280
4190
6014
3859
5526
5281
5490
4886
5818
3414
3040
5910
6880
6021
5069
5798
4106
3104
4220
4301
3209
6244
3215
3457
6837
4164
5472
4847
3335
5971
4674
6943
3012
5435
3679
6251
6482
4204
4492
6982
3919
6723
4703
5535
4023
3048
4829
4122
3261
5388
4965
3789
5692
5918
6642
5369
3635
5093
3033
3311
3945
3429
3824
6481
4655
4160
4627
4122
5928
4152
5732
4490
5390
5927
6816
3498
4183
5581
6069
4697
6741
5759
3939
5810
5041
3662
6160
5644
4752
3214
5767
4362
3689
4489
4111
5245
5976
3404
4014
6878
5038
5346
3290
6912
3528
6766
4045
3766
5523
6866
5352
4215
4656
5995
5509
3422
3377
5858
3445
5767
4164
6520
3463
4222
6044
6984
5854
6205
4982
5562
3947
6262
6899
5667
3935
6327
4821
4514
6223
6891
5611
3195
6007
4707
4959
3500
4939
4050
5661
6851
3098
4157
4894
3567
3394
3736
6221
4551
6436
6831
6863
3578
6400
5457
6336
5327
3043
4686
6217
6670
3485
5176
6368
5724
3028
4641
6425
4185
4462
3455
5312
3584
3102
3937
3972
4989
3125
4957
4264
5987
5191
6936
5847
3027
3720
4432
4950
3591
5140
5427
6224
6095
4602
3398
5888
6952
6866
5249
6621
5753
5151
5098
3027
4689
3062
6968
5487
5888
6925
5990
4913
3746
3659
3627
5099
4445
5254
4416
4514
3986
3374
4786
3434
3128
4872
4204
3283
3200
5854
5298
6469
5882
5753
3110
4803
3829
5402
3003
3866
4240
3576
5070
3725
4119
4419
3862
5421
6849
5089
6036
3311
4359
3159
3798
4345
6860
5696
5286
4029
4066
5621
4347
3659
3860
3701
6508
4494
4911
4306
6476
5705
3379
6103
6530
4172
6166
5974
4475
4432
4923
3802
4535
4927
3348
4639
5374
4320
3565
5647
3274
4933
5564
6602
3953
6387
6839
6326
6486
6678
3907
5437
3421
5898
5381
5056
5044
6940
5534
6048
6261
3213
3793
6802
5124
6324
6451
6543
3225
3811
5538
3652
4615
4168
4001
5910
3301
3327
4376
6323
4008
6610
3052
3066
3540
3203
6480
5642
3188
4854
6491
4605
3483
6114
3182
5161
6817
6094
6267
4412
4277
3431
6613
6646
6364
6180
3548
4498
4810
5228
3507
5941
3275
3397
3104
4571
4046
4183
6064
5118
5265
5105
3646
4895
4453
3616
3176
6920
4984
3918
4337
6788
4248
5232
3356
4779
3026
4140
4723
5737
6367
4908
3779
6315
4851
4975
3969
5953
5758
5395
3698
5833
3326
4797
3363
3262
4125
6797
3942
5472
5078
6120
4995
5840
3283
6502
3731
4487
6575
5429
3177
6210
5349
3378
6012
6156
3464
6231
5860
5211
6893
5207
5406
6729
6857
3254
3894
6602
6632
5715
3559
3009
3326
4888
4281
5891
4576
6623
4777
5495
4054
6553
4557
4079
6513
3076
5004
5977
5075
4010
6223
4523
6065
6690
4262
6710
5248
6833
4841
3635
3161
6391
5570
3766
5066
6553
3918
6845
3434
6241
3187
4685
6029
4347
5850
4907
5466
3416
5615
6376
4969
5864
3006
5089
5721
6376
5819
3702
4438
4346
6856
6308
5594
6073
3119
3923
6026
4114
6489
6277
6066
4122
4899
6976
5799
4958
6436
3999
6321
3025
4915
3627
5944
3678
6235
5992
5412
4767
4517
4551
6655
5176
3626
3079
4793
6931
5130
6677
5905
3698
4671
3861
5238
3397
5228
3484
6417
3475
6364
4611
6797
5451
4506
3781
4777
3895
3631
3163
6596
3273
5919
6064
6694
5981
4304
4356
3159
3015
6246
3404
4999
6753
4281
4177
5434
4760
4283
3019
4249
6145
5117
3326
5389
5476
4022
6041
5577
5045
6673
4414
6784
4607
6020
5992
6374
4542
3321
3330
6017
6247
6810
4414
5673
5288
5070
3797
6863
4461
4982
4043
6289
5579
3911
3354
3412
4938
3407
3406
6903
6040
3540
4570
4767
3955
3942
3414
4647
6526
4491
3441
3462
6967
6912
3119
6371
6795
3342
5836
3282
4682
3973
6450
6294
6533
4134
3304
6546
3556
3045
6375
5921
5455
3765
3442
4282
5723
5781
4924
4858
3710
5945
6378
5604
5170
4863
3857
5318
3938
4149
3620
4299
6105
5794
5096
6055
6347
5254
3684
5226
6116
6606
4245
3389
4057
6639
6828
4651
4129
3135
6249
6760
5907
4538
5217
5463
6450
3999
4761
5167
3329
5143
3523
3151
6238
5827
4729
6175
4315
6345
3321
4258
4897
6965
3906
6308
6757
4233
6054
6002
4003
5315
4700
3431
5693
6012
5954
6462
5438
5520
4869
5260
4524
5154
5572
3126
3361
6487
5920
3874
4140
3466
6712
6699
3122
3307
3723
3008
6915
5452
3510
3930
6277
6163
6120
4592
4212
5899
6222
6859
4107
4341
3415
4618
6587
3722
5953
5468
6459
3107
6513
4193
4618
3723
5310
5612
3712
5414
4510
5827
4633
3643
6029
3630
4008
3694
5730
3701
5887
3303
5604
5313
5176
3355
5984
3658
3080
3060
5509
4470
6362
4864
6810
6978
3778
4761
3155
3548
5322
4335
6067
5738
4706
6106
4825
4716
5867
5519
3669
4831
4644
6505
6736
4109
5280
4339
4890
5077
4853
6131
5498
4314
3487
4865
5868
4665
4239
4714
3796
6754
3979
5510
3327
3357
4525
5452
4736
3759
4277
5555
5910
5069
4059
5026
3429
6123
4692
6124
3885
4196
3731
6639
4267
6827
5507
3684
4847
4773
6722
3663
3519
4422
3116
4653
4138
3703
3564
4923
3242
4479
6687
6370
6135
3974
3087
5750
4554
4658
3554
3927
6464
5259
6091
3785
3651
5995
5285
3143
5219
4771
5170
5629
4511
4898
5804
3868
5990
5268
5397
5367
5717
3550
3462
3795
5161
5889
5093
5041
5514
5661
3589
6011
5095
6232
6104
5062
4407
3623
6494
6847
5119
3025
5259
4094
5187
3048
5215
3897
3274
5279
5660
3399
4416
5549
6537
3997
4167
5438
3967
5576
4269
6067
4287
6024
5848
4279
3424
5359
6112
5821
6286
6024
6648
3208
4999
6157
5350
5065
5427
3197
6727
5660
4449
5506
4836
3202
5405
5144
5080
6564
4686
4469
4759
3466
3430
3834
5261
4481
5727
5175
5383
6875
5959
5443
5832
3265
3330
6769
6511
3635
6245
4807
3639
5035
6085
3174
3349
6823
4898
5378
5915
5867
5875
4471
5082
3371
6249
3093
3658
3591
3744
3566
4533
6584
5965
6932
4122
6855
5235
4552
4866
3354
4011
5085
6178
3098
5665
6002
4551
3711
4311
5397
4976
4758
3932
3329
3042
3248
6490
5407
4109
6033
3985
5283
6916
3661
4637
5504
3257
5562
3643
6632
3103
4915
6599
3005
6223
4071
6051
6042
6037
4062
5215
3527
4875
3277
6805
5181
3148
6235
4313
4071
5220
4218
4311
3541
4706
3211
3468
3219
4759
5251
4043
6286
5792
4706
5143
3413
4041
5934
3235
6746
5915
5650
5872
4230
6136
5207
4016
6830
3221
6950
5242
3022
3079
6436
6335
3495
4154
5553
3800
4691
5839
3549
4963
3658
6257
6354
5322
4731
4393
3856
6007
6159
3693
6939
5860
3924
4080
5480
3729
5649
3927
6357
3702
5397
5441
3841
6099
6564
3916
3243
3812
5583
6093
4984
6528
6348
5917
3382
4221
4487
6239
3721
5278
6071
6707
5414
6447
3637
5205
5606
4908
4042
5551
5061
5107
6406
4904
4848
5232
6076
5387
6427
3487
6978
4961
6767
3455
6028
6645
6035
5510
6749
5917
5850
6516
3129
6092
4267
4923
4389
4441
3117
4291
3513
3390
5377
4150
5409
3775
3894
3057
3964
4751
3413
5993
4834
5463
5134
4641
6892
3683
6673
4435
6440
5691
3206
4174
4593
6635
5875
6309
4013
4595
6260
5957
5788
3687
3854
4969
3340
6430
5116
3352
3790
3191
3496
4821
6801
3571
5809
3632
5445
3690
3290
5773
5436
4436
6152
5182
5694
3504
4996
5033
4727
6054
6481
4572
5900
3998
4321
6705
6425
5713
5287
4122
6610
4598
4280
3666
4437
3878
5227
5328
6795
6144
5333
3555
6386
5495
4952
6718
6531
4041
4538
5467
3041
5989
3512
3614
3637
4970
4256
6043
3307
3882
4879
3059
3793
5538
3229
4658
4324
4331
3560
4755
3809
5629
3048
6387
6764
5416
6004
3588
6800
6198
4599
3828
6887
4629
3333
3002
5341
5074
3821
5973
5191
4553
4992
3196
6456
3569
6166
4613
4259
3840
4907
4877
6931
4648
3668
4584
5698
3016
4932
4938
4749
3274
3828
6325
5348
6144
4386
5495
6732
4124
5812
3200
6862
3336
3479
6458
6945
5681
3348
5081
6768
4996
5538
4966
5626
4004
5240
4878
4090
5715
5859
5985
5586
6479
5378
5356
6668
5867
5103
5571
3685
4166
3160
6841
4202
6389
4941
5962
5803
6444
3243
3877
3067
4221
6235
5258
5015
4360
6007
6532
3875
3535
6294
5582
4624
5611
5570
3374
4327
6254
6300
4550
6071
5848
6223
4200
4241
4551
6710
6583
6790
3472
3616
4181
4775
4885
3711
3671
5310
3755
3331
3545
4402
5506
5759
3948
6854
5841
4442
3460
5576
5146
6259
3675
5311
6773
5368
4896
5507
6164
5238
3963
4526
6289
6997
6672
3940
5963
5451
3888
4687
3669
5093
5619
3227
6517
4618
5478
3618
6792
6802
6371
4000
6365
5449
6353
4182
5904
4102
6024
4215
5444
4406
6452
4646
5801
6392
5112
6736
6347
5714
3296
5231
3765
3598
5576
4621
3194
5828
3669
4826
3899
6664
3353
5939
4637
6424
3743
6067
3306
3096
6737
4902
6074
3934
4902
5151
5449
4909
3631
3170
3393
5431
4269
4600
3295
6803
6618
3073
4190
5656
6089
3489
6067
3310
5455
5421
6493
3922
6758
4494
4734
3751
5698
4087
5480
5639
6448
4081
5977
4985
5750
6947
5971
6412
4884
5297
3533
3497
5005
6665
5999
5204
4952
3104
6015
6174
6066
5916
6211
3102
3640
3642
3023
6692
3806
6744
6816
3485
3062
5233
3948
3152
5471
6281
5219
3877
3955
3110
5021
3320
3148
3571
3312
3538
3348
6885
6385
3480
5488
3856
6502
5961
5152
5843
5847
3055
3563
4668
4259
5100
6137
6968
6646
6991
3179
6910
5258
3597
5893
4361
4370
4249
4238
5233
6359
6193
3014
3095
5621
5406
6778
5657
4446
6483
6676
3904
3027
6943
6554
3658
6640
5718
3918
5465
6642
6470
5878
4470
4441
3339
3432
4841
6335
4889
6661
3706
3286
5128
4981
4072
3244
6777
3968
4727
5856
3426
5073
3267
4241
4740
3276
6772
4471
3485
5945
3739
4484
3425
3196
3216
6482
4357
4426
3639
3900
5209
3935
3435
5643
3268
5649
4827
6724
5493
3021
6746
5447
3641
5345
4781
3284
6510
3221
4363
4034
6289
3161
3255
5436
3001
3241
5590
6187
4086
5950
3528
5625
3388
3490
6353
3925
5392
5081
3191
4906
6060
4230
3647
6293
6033
6272
3119
3125
4960
6140
4200
6671
6363
3235
3985
6272
3139
6178
6752
3754
6035
6686
4598
6923
3168
4662
6081
6959
4659
4791
5440
4845
3185
4350
5069
5389
5074
4086
6332
3514
6286
6021
6921
6898
6284
3602
5214
5868
3924
6992
6324
4007
6248
4866
5424
4851
4198
4746
5338
6211
4700
3254
4306
4234
5867
4682
3871
6464
5404
5112
5729
3499
4255
5938
5746
4355
5802
3236
6720
3712
3606
5015
6697
5959
6524
6398
3202
5170
4759
4449
5785
4398
6393
5201
3087
3031
6313
5099
3429
4415
5926
6105
3836
3356
3992
4581
4937
3863
5537
5252
6144
6544
6407
6371
5662
4553
5408
4156
3475
5224
6565
6317
5414
6434
4004
5536
6311
3803
6515
3349
4988
6929
4341
3607
3764
5227
4712
6324
5568
6937
3681
3426
3787
3485
5414
5966
5493
4417
3320
3738
5392
3517
6597
4435
6352
4919
3875
3572
3794
4300
3900
5076
3052
4509
4445
4570
5170
4196
6218
3975
3747
4330
5710
3441
5841
6816
3889
6151
4786
3963
4733
4360
3459
3260
3274
5344
6922
4772
3724
4419
4178
6081
4784
3447
5917
4510
3899
6799
4090
6880
5068
4881
5944
3670
6924
6310
6460
5268
3950
3651
3704
3125
3407
3212
5230
5598
3540
5535
3224
6014
5138
5801
6191
6122
6557
6268
5175
4835
5446
6018
6862
4564
6334
5196
6651
3730
6518
5516
4368
6598
4535
3524
3482
6006
3435
3430
3232
5387
5400
4855
3858
6054
5897
5316
5694
3986
5346
3785
6075
5527
3502
5230
6149
5457
3485
3185
4345
4408
4017
5509
4871
3703
4566
6440
3827
5328
5026
3702
3533
3355
5504
5287
3904
4155
4389
3474
6206
4608
5454
4089
5830
6480
3730
3246
4679
6380
4504
5053
4507
3721
6813
4783
4234
3633
6616
5960
4648
6406
4250
3493
3139
3628
5605
6597
5370
5505
3576
4210
6338
3408
4017
5195
3530
4336
3746
3120
4913
6088
6666
4448
3082
5140
4838
3979
4820
3301
4928
3572
5484
4653
3889
5354
4595
3697
4165
4399
4636
5220
3088
5398
6322
4108
3599
4532
4452
5192
3014
6890
3081
5559
4423
6102
6761
3752
4952
3787
3780
6514
5891
5087
5205
6246
5483
6554
3025
4701
5815
4004
3148
5045
6408
5411
4912
5224
5768
5440
4956
3971
3544
3886
4364
3648
6859
3514
6366
4394
5174
4928
6330
6399
6468
5038
5691
3221
5530
4244
4921
6509
4227
3488
5296
5623
6940
4202
3212
5024
6737
6541
6043
5059
5955
6127
4029
5917
3067
4776
6056
4087
4256
6631
3753
3235
6769
5932
5834
5384
3461
3343
4363
4342
6237
4851
6808
3951
4345
3519
3654
4060
5975
6253
6259
5258
5595
3344
3106
5742
4975
6511
6128
4065
6132
3164
4493
5531
5090
5853
3701
6947
5432
4653
5830
6469
6609
5561
5620
5807
3796
4788
3251
6923
4113
3348
6427
3283
6021
3356
5989
3421
3887
6102
4627
6573
3146
4369
5853
3721
3884
6251
4517
3542
4342
5666
4426
6204
3628
4710
3435
5544
6106
4939
6100
6943
5390
6330
4706
6876
5823
5367
3403
4690
5442
4385
6316
3685
6029
4503
3151
3347
4513
5857
5245
6312
6914
6013
6584
4264
3070
6082
6823
3558
3460
3172
3064
5501
6893
5862
5343
6219
4001
5149
5747
6476
5149
5338
5065
5244
5051
4603
4158
6964
5656
5182
6834
5013
4981
3551
4204
6283
5054
4258
5894
4086
3767
3582
5481
5997
6707
3301
3775
5848
4663
5192
3362
4000
6993
3983
6395
3386
4477
6316
5761
5220
3453
5365
3675
6505
5625
3515
5337
4693
3308
4483
6482
3134
5313
4152
3611
6852
5402
3563
5370
4372
5881
6582
6924
6911
3131
5196
6129
6103
3762
5230
5695
3293
5675
4619
4410
6899
3971
6158
5250
3153
3163
3183
6097
3016
5245
5046
5683
6849
5114
3104
5537
4897
4376
6881
3532
3620
3965
5783
3381
6962
3721
4280
3694
5981
4930
5886
3267
3981
6351
4270
3753
3897
3048
4315
6492
5743
4464
5734
4311
5710
3575
4189
5933
6333
6885
5459
5890
4270
6241
6679
3797
4155
5094
5333
5230
3757
4183
5646
6066
4349
5363
6220
3341
4330
3535
5308
4737
4166
3813
4767
4842
3082
5353
5856
3274
4425
3242
6078
4997
3553
3630
6318
6720
4990
6133
6197
6532
6033
6530
5960
5842
4748
4963
3582
5016
4117
5432
4534
5984
4094
5859
6891
3692
5634
6364
3334
5310
3130
5207
6121
3179
4535
4401
3640
6244
3497
5749
3612
6277
6174
3729
6800
3317
4957
4712
3955
4582
6028
3972
3119
6329
4809
5122
4764
6943
6335
3539
6958
4654
3644
4762
3667
4769
6338
4381
4884
5619
6263
5147
3736
6518
4602
4246
4867
6713
5329
3519
6270
6062
3678
4094
3117
5006
6388
6587
6809
3262
3638
4303
4328
5255
5999
5852
5432
6872
4399
5189
5077
3359
6371
5193
5587
4270
6995
5350
4822
4737
5785
6759
3756
5001
4619
4979
4319
3981
4008
6218
3420
3272
3258
5541
5247
5163
5165
5007
3047
6240
4317
5449
5345
5413
4589
3359
3241
5935
6118
6704
6666
5683
4090
3849
5455
4783
3428
4117
4628
4408
4421
5376
3395
3832
3907
6220
4236
4629
4812
3804
4873
3271
4904
3646
4884
5408
6328
3647
5211
6919
5203
3168
5208
4446
5811
3283
3134
5694
4903
4296
6583
5594
3965
5110
4942
5245
3550
6512
6536
5103
5862
3525
6311
4498
4527
6353
3903
6129
4998
3558
6509
4698
3912
6994
3302
3815
3067
6399
3940
4465
4990
3854
5617
3372
6695
3293
6718
3482
3413
3487
4497
3496
4563
3185
3776
3618
5737
6780
5757
5545
3712
3825
6317
3623
4361
6206
5839
5533
6005
4221
3272
5500
6307
6483
3518
3433
4055
6605
4401
6679
3461
4781
5985
4583
5121
3444
3285
3507
3889
3939
4656
4082
5404
6504
3714
6921
3491
4304
6735
3698
4616
5431
5117
5037
4138
6934
6239
3492
3551
3065
4408
6502
4514
5338
4890
5271
4127
4023
3169
6514
3763
4870
6608
5096
6128
5034
4604
3200
3039
4504
3711
6736
4104
3133
4663
4180
3383
6527
6726
5416
6596
4099
3883
5917
6051
5864
4058
5154
6093
6681
4554
3976
5742
5713
5325
6679
5002
3575
6589
5112
5829
4216
3555
5231
5538
3309
4894
3840
6072
4316
5416
4950
6607
3700
4333
3380
3444
6359
3483
5633
5503
3155
3138
6539
4493
4424
4327
3594
4992
4502
5946
5663
3482
4154
5559
4942
5099
6088
4550
4552
3887
3850
3519
3498
3417
3662
5994
4428
3435
6283
6464
3914
6542
3111
6125
6773
6087
6756
3682
4111
4185
3416
3316
4482
5574
5509
5037
4372
6638
6083
6991
3569
3299
6319
5822
3266
3754
4878
3808
4905
3289
6341
6506
5207
4609
4461
4759
4496
3668
5426
6458
6157
4540
3765
3400
4788
6888
6140
4690
6750
6906
6781
6455
3918
6584
5835
3333
3269
5375
6724
4971
4367
4184
5982
3929
5210
4100
5576
5806
3864
5448
4821
4951
6824
4193
3300
5800
5495
6082
5930
4574
3656
3258
4462
5703
4178
3389
4086
4491
3251
6118
6917
5530
6979
3023
5292
3266
6686
3894
3442
5602
5432
6803
3955
5876
3538
5699
4563
6252
4520
3719
4025
6686
4400
4230
4083
4965
6408
5950
5697
3086
3493
4466
6064
3480
6882
4313
4943
3867
6820
5187
3556
4153
3539
5612
6170
5131
3960
3350
5070
6633
4769
3962
5568
6582
5900
3694
3880
6774
6305
6526
6761
4803
3326
3253
5102
3904
3204
4881
4443
6942
5417
4346
3610
4245
6869
5225
4773
4443
3482
5472
5792
4978
4706
5961
6222
3878
5023
4152
3407
6082
6841
4865
6837
4597
5569
4655
3102
4110
5739
3464
5549
4407
5753
5684
5860
5713
3843
5598
6054
6941
4559
6677
3568
5667
6078
6380
6072
6168
3917
5055
3937
6772
4851
3761
3691
5463
6979
4186
3418
6594
3257
6907
6802
4944
3691
4582
5927
4646
4000
6037
6620
6128
4398
3329
4027
5076
4634
3813
6512
3795
3241
4353
3424
6000
6097
5678
3517
4254
3706
4431
5815
4071
4856
4731
5994
5060
4467
5956
3865
5464
3435
4241
4687
3863
3740
3218
5205
4265
4029
6812
4645
5145
3909
3152
5194
4749
6896
4117
5987
6718
6175
6182
5975
4786
3895
6869
4241
5189
3079
3013
6807
3616
6602
3957
6392
3853
3861
5357
4349
4901
6668
3249
4621
3834
4111
4121
3259
3068
5355
4309
3519
4784
5930
3356
5752
3161
6929
3898
3163
6711
3473
5441
4231
5516
3202
4271
6718
3146
6215
3366
4642
4747
5615
6009
6113
3331
3447
5325
5933
4150
4133
4721
5606
5873
5377
5498
4656
4133
6407
3915
4035
4233
5973
5515
4334
4684
3721
3528
4816
3703
4962
3498
6789
5747
5268
3087
4839
5940
3689
3348
3660
6894
5553
6409
5153
3137
5795
5765
5726
4864
5522
4411
5792
3133
4817
3952
5413
4060
6795
4382
4875
6380
4520
4253
5399
3650
4488
6865
4154
3691
6604
3305
3605
4458
6814
3679
6246
6257
5755
6571
4464
3672
5718
6890
4370
3742
3139
5992
3797
5899
5845
6500
4595
6120
5015
6048
5234
4858
4487
3895
6971
6361
5198
5272
6705
3216
5499
3082
3283
4016
3326
3866
4030
6019
6204
6846
6365
3576
4968
4627
5296
4473
4606
6736
6429
6705
3125
3347
6802
3603
3378
5477
6208
6848
5278
4819
3643
3351
6474
4765
5143
4022
6180
3536
6724
3656
6376
4210
6218
4970
3206
3552
3457
4131
3141
6794
5021
5084
6982
4031
3593
5797
6462
6924
3430
6550
4069
4832
6602
3628
4540
5673
5829
3883
6550
6491
4222
6738
5068
6493
6257
3651
5488
3304
4152
4532
4042
5030
6926
4721
5649
3603
5463
3643
5102
3948
5579
4151
5844
4569
3284
4889
5917
3408
3617
3178
4501
5220
5128
3428
6416
5064
3726
6582
3831
3774
4361
3673
3406
3408
5052
6434
6344
5857
3012
5462
3328
5909
5608
6719
6095
4408
5021
5033
6871
6343
6985
4485
3044
6729
3978
6798
6708
5469
5858
6123
6616
4851
6238
5115
3046
4206
4602
5399
3028
6631
4687
5300
5574
4304
3016
4036
3691
6794
4715
3864
3213
5307
4272
5341
6580
5633
4706
6529
3181
4327
3836
3987
5112
5375
4785
5821
3319
5793
3084
3932
4618
6232
4647
3119
5348
6897
4667
5251
5600
5644
3746
4225
4588
4494
3413
5309
6373
4644
6110
4193
4108
5659
3230
5181
5202
4654
3136
6372
6265
4246
3749
3448
5164
6322
4759
5649
3189
4714
3577
3179
5102
6832
4722
4716
5805
4872
4125
5291
3696
6818
4280
5394
5621
6327
6629
6059
3121
4650
3106
3388
6824
4014
4214
5335
6239
4834
5915
6586
4257
6887
3239
3974
3630
6547
3748
4636
6526
6259
5754
6778
3253
5965
6384
3892
5193
5967
4108
4928
6424
5002
5940
5688
5189
4657
5782
4092
6245
3064
4051
6231
4159
6240
5754
3384
6892
3167
6907
3362
6976
3133
3664
3355
3569
4107
5718
5123
5620
6098
6957
6454
6582
6970
3055
5704
5995
3613
4617
3534
5517
6289
3939
6258
4268
4032
5478
5485
3941
3688
4434
3749
3904
5115
4111
3194
6018
4371
6567
4366
5998
4422
3372
3582
5486
5898
6381
4970
4481
6273
6726
4109
5793
5969
4181
4708
6688
5275
6745
5013
3621
6265
4584
4403
3135
5837
6401
6694
3593
5573
6043
3051
4968
3914
3309
3378
3773
5190
5049
5299
5992
4573
4008
4634
4983
4243
5982
3396
3124
4970
3726
3207
3810
6388
4486
6793
4398
6454
6043
4976
4414
5617
5198
5338
4379
5980
3922
5519
4928
3670
3694
5031
4072
4462
4840
5257
4513
4675
3460
3251
5470
3017
6499
5521
5156
6604
3329
6320
3226
3342
5323
4924
3398
4408
4034
3690
3157
6442
3408
3101
4229
4146
3467
6278
5613
6075
3272
3256
4328
5694
3818
3573
5606
3159
4607
4214
4234
5687
3700
4430
3699
3938
6235
5393
5436
4444
5500
6675
5583
6601
3881
6923
4322
5809
5595
3206
3494
4200
5945
6034
4827
5936
3232
3418
4238
4534
6161
4985
3591
3778
5169
3724
3236
5989
6158
6854
5307
3958
6048
3716
3491
4915
4037
4905
6278
6188
3361
5464
3906
4226
5805
4892
6300
6526
4072
3002
5883
3492
6785
5665
4281
4416
4688
6278
3005
6465
5806
3945
5661
4021
3365
4966
6411
3158
3056
4668
3201
5076
3369
6983
5550
5100
5770
3853
5548
3784
3956
3778
6451
3261
4906
5196
4769
5795
5755
5509
4185
4057
3376
4521
6534
3193
6665
6861
3852
6763
3318
4766
4058
5159
3889
4564
4963
4900
4261
6891
6906
5318
5416
6106
5538
3765
3504
3194
4916
4262
4840
5180
6671
5335
6180
6118
4214
3334
5369
4895
3285
5155
6019
3035
4568
3287
4990
4347
3009
3211
5435
3078
3419
3698
6527
6223
5769
5264
4774
5632
3285
5943
5572
4971
6522
6284
5800
5761
4830
6844
3526
6409
5279
5348
5267
6178
4494
5523
4035
4534
4723
5510
5823
5946
3224
6888
5029
5456
3714
4255
3672
3119
3140
4034
4868
5514
4338
4470
6753
3486
4258
5031
6970
4542
5037
6857
3493
3643
5939
4029
4069
5027
3490
3803
5795
6524
4350
4744
3380
4391
5553
6944
3761
6534
3127
6434
3932
5873
6091
4261
3532
5920
6075
5551
6864
3171
4734
5533
6529
5392
4683
3109
6642
4755
3900
4511
6520
6723
6780
3535
5878
5156
3014
3409
6713
6713
5482
4413
6290
5609
3972
4477
3266
3826
6629
5551
3730
4639
5885
5223
5945
6932
3790
6249
5957
