4500
3387
4936
6975
4452
5946
5927
6261
5123
3953
4068
3225
6720
5863
4421
5300
3518
3229
4806
5481
4056
4009
3737
4860
3036
3277
6580
4355
4977
3859
5898
4959
6693
3835
6187
4624
6245
4437
6584
5131
3542
4943
3883
5988
6791
4811
5454
4749
5787
3711
4018
4997
3309
3724
5173
5496
5268
5707
3158
4649
6095
6998
4253
6223
3504
4966
3256
5588
4430
4735
5136
4017
5641
3854
6923
3230
5471
3705
3757
5009
4674
4540
3295
6952
5557
5913
3368
4216
3957
5708
3179
6320
3651
4517
5585
3848
3429
3674
4435
5392
3685
6676
6515
3279
6107
6259
3913
3215
5439
6061
6006
6249
6220
4895
5576
4022
5087
5305
4060
4896
4307
6298
3818
5316
5747
3704
5277
4097
6792
3961
4256
6949
3719
5934
5170
3467
6633
5650
3167
3679
4192
3962
6060
3772
3976
6276
6760
4257
6287
6159
5015
4659
6733
5066
5175
3517
3528
3068
6008
3640
6813
6104
4635
3940
5976
6499
5725
4100
4602
3320
4390
5862
3484
3349
5121
5477
6532
3688
6302
4052
5178
5737
4181
5784
4006
3693
6287
6006
4847
6184
3920
4532
6621
5638
3140
3730
3463
5576
6322
6834
6456
5180
3617
3039
4962
6188
5575
3564
3390
3642
4143
3801
3466
6918
3176
4621
4014
3952
3192
6747
4572
6688
5916
6417
5449
3344
3581
5625
3674
4436
5734
6395
3440
4550
3119
4142
3717
5175
3768
3352
5044
3233
3849
6813
3770
4981
5477
6557
5758
6345
4190
5212
4910
6579
4543
5395
5915
6998
5931
5345
5472
3758
6024
5587
5540
5180
6947
3849
4182
5539
6604
4857
4515
3723
5192
3678
6354
4853
6078
5451
5920
5974
4640
5528
6400
4552
6851
4589
4591
3659
3292
3542
6710
6871
5660
3136
4231
3152
3150
6914
5435
3914
3475
4188
4263
4759
3623
6831
3902
6980
6432
4612
3605
5924
3327
5855
4494
4096
5775
5287
5053
3409
5436
5699
5443
6545
5766
6725
5862
5456
4527
4064
3844
4789
4894
3528
6193
3567
3532
5623
4598
5727
3024
5358
6385
4083
3418
4453
3005
5699
4391
5207
4605
4398
6458
4379
4544
5504
4774
4669
5758
3313
4855
6387
6920
3139
5525
5308
6141
5594
4543
4745
3965
3316
6750
6682
4961
3197
4098
4475
5790
3479
3297
5390
6250
4404
6383
6709
6258
4728
5958
3449
3006
5624
6245
6863
5790
5033
4241
3632
4831
3222
3630
3190
6828
3645
4104
5734
3227
3533
6073
4858
4884
6836
6749
5751
4378
4069
6745
4733
4185
3779
6877
4305
4057
3755
4900
4185
5354
6691
5159
4884
5937
5634
4326
3219
5785
4431
6373
3359
4385
6091
3867
4769
4160
5036
5977
6463
5671
4940
5323
3232
3568
4201
5100
5770
6580
5526
5762
3288
6974
3771
6068
4305
5447
4273
3852
6351
5519
3376
6442
5369
3056
5890
3383
4818
4387
3136
4984
5276
6701
4914
3823
6032
4393
5795
6681
3493
6419
4471
3441
5430
6721
4779
5354
6474
4021
3364
6148
5760
5434
5493
6845
3344
3515
6157
3332
3359
5957
6717
5467
6256
3410
5118
3641
6300
5448
3400
5726
3990
4085
5785
4155
6472
6041
3871
6188
4472
3892
4127
3235
6711
6244
5589
4541
4887
3963
3098
4067
6565
6645
4042
4328
6693
5873
3728
4497
3310
4865
3850
3109
6679
5423
3844
6610
4266
3437
3675
5155
3323
5025
6316
5426
5282
4310
4969
5875
6655
6313
3374
4265
4677
4676
3752
6489
5197
3123
4981
4474
3344
5866
4604
3648
3600
4240
4516
4741
3255
6114
4985
3746
3928
4871
4209
6166
4813
5406
5440
5055
3831
6839
3630
6559
4453
5536
3881
3761
4576
4779
3554
3351
5758
3804
6367
5802
3095
6427
3121
6879
6153
3493
6966
6392
4881
3852
5075
3884
3813
5381
6267
6675
6556
4354
3607
5080
5853
6505
4691
6804
3130
5680
6294
6271
3488
5676
5852
5912
5173
5162
3293
3211
3400
3582
5919
3128
5436
3638
3485
3088
3589
4991
6497
6902
3454
3586
4955
6642
3470
5256
5055
4595
6310
6486
4238
4133
3476
3185
4418
3708
5050
4980
6571
5876
4870
4815
3286
3749
4100
4952
6962
3989
6693
5574
4184
3975
3349
4290
5354
4979
5198
4085
6102
4806
4147
3903
5855
4185
3090
5774
3780
3136
6534
6203
6754
6418
5375
3471
3298
4590
4757
5994
4240
5697
4476
6322
3180
5442
3703
5084
6208
5816
3838
5617
4644
4014
6397
3637
6038
5482
6494
5189
6863
6575
5757
5665
4930
6137
5191
3242
3082
5407
5415
3549
6485
6176
5492
4252
3681
4705
4057
3530
4139
3547
3856
4414
4561
6892
3132
5524
4494
3546
4173
5422
5662
6195
3512
4647
3102
3716
3286
5696
6771
5522
4527
5726
6776
6995
3174
3573
6592
3393
4820
5486
5783
4143
3866
3195
5254
5613
4081
3878
6917
6173
5755
5581
3013
4355
5035
6695
4776
6099
6364
3588
6064
4339
6023
5583
4928
3341
4283
6410
4542
6373
4316
4854
6796
6168
3298
6541
4334
4128
4754
3380
5119
6602
3961
6820
4633
6879
5345
4021
6159
3268
4530
3165
6988
5245
4079
4277
4342
4904
3058
6412
3281
4408
4459
5318
6562
5197
5125
5105
6093
3049
5353
6486
6086
4403
5265
5735
5515
4318
3594
4717
5999
3782
5614
3689
4562
6976
3354
3803
4408
4573
5239
6148
4544
4398
3254
5032
6451
4950
4903
5637
3251
6576
3691
3292
6619
4609
3607
3170
3554
4497
5934
6687
5664
5549
5741
6728
3689
3031
6333
6879
3663
3239
3093
6085
4160
6619
6574
6455
4151
6700
4808
5531
3972
3088
6987
5564
6919
5470
6553
6808
5200
6167
5368
5429
6005
4414
4130
3578
3282
3366
3340
5588
6591
3805
6914
6189
5376
4066
5898
6030
5429
4042
6978
6928
4667
5132
3022
3194
3110
6133
5377
4469
5853
4074
3551
6513
6782
4946
6349
5444
5501
5414
5100
3598
3861
5755
5168
5664
4672
3054
3955
6972
6000
4237
5777
3955
4702
6474
6854
4282
5725
5152
4681
6303
3665
4394
5605
3356
4781
3278
5107
5587
6754
3351
4978
5940
4975
4971
3607
5073
6757
3752
4372
3328
4896
5125
6449
6090
3226
6319
6124
3836
6012
6970
4042
4519
6168
4153
3646
4305
5319
6815
3874
3906
5983
5845
5245
4722
6890
6925
6305
4542
4005
5457
4542
4482
4671
6414
5782
3436
4191
3954
4110
6001
5492
3855
6349
4679
3674
5008
5870
3918
6576
5551
3672
3297
5556
3523
4640
5444
4216
4091
4763
3596
3851
4259
3854
6852
6970
6500
5246
5738
6610
3622
5181
3154
4216
4023
4894
3594
3474
6629
6810
6067
3568
4400
6927
4591
4695
5705
5422
4145
5916
3122
3391
5604
5779
4077
3246
3640
4904
4076
5600
4374
4480
5747
3526
6740
3309
5545
4882
3258
4689
6475
3436
3522
6445
4621
3483
4371
4012
5347
6023
4866
3036
3822
5743
4489
5909
6145
6340
3390
5268
5984
6428
4065
5236
5258
5203
3611
6949
6925
6981
6890
6979
3298
3467
6535
3476
3488
5269
6100
4442
4985
6099
6961
4447
6871
5589
4381
5897
4360
5786
3365
4598
3354
4080
6541
3281
5825
6475
3225
3914
6928
5251
4934
6473
5262
6992
4026
4600
3415
4104
5529
5650
5944
4004
3444
4393
3210
5618
3831
5055
6156
5475
5016
6674
5202
5181
3707
4273
4620
5829
3505
4461
6181
3007
4359
4869
4770
3676
3842
6026
3887
6483
3042
6263
3292
4626
4126
6674
6326
5678
6292
6404
5928
4664
6011
6725
6796
3257
4669
5649
5479
3545
6780
3007
3390
6125
3777
3507
6965
5062
6749
5093
4979
3381
3642
4651
6025
6142
3853
3259
4737
5584
6588
3964
3131
4159
3681
5841
3102
6810
6757
6457
5696
4813
3008
6153
5557
4155
3891
3897
5950
3035
4631
4662
6225
3666
6520
6128
6589
6244
6819
3489
3269
6842
4013
5572
6888
6284
6544
3237
3650
4591
6219
6597
3128
5099
5081
3770
5312
4635
4368
3902
3432
6816
4742
6102
6916
3727
4745
5478
4756
5466
3636
6850
3092
5998
6425
5202
5828
6309
5879
6663
6592
5210
3613
4486
4847
4274
3895
5244
4141
5213
4874
3987
5886
6413
5400
5055
4532
6151
3465
3976
5670
5570
5561
4922
5705
4894
3786
6255
5648
6730
3114
4185
6560
3912
5440
5156
4853
3037
6751
5556
4161
5672
4532
5135
6838
5736
4441
6387
5063
3250
3272
3679
4094
5385
6176
6220
5763
5039
4235
4531
3246
5710
4509
4209
3082
4776
3309
6757
6446
5206
5610
5054
4675
5836
3266
6696
4380
6533
3633
4061
4083
5665
4350
5253
3243
3911
3070
6583
3438
6725
6706
6815
4211
3206
6581
3119
5509
5224
6313
5748
6750
5830
3803
5082
4663
5591
5546
6398
5017
3245
4725
5667
6209
5988
6443
4185
4740
4830
6642
6804
3511
6919
5728
3342
4329
3424
4391
3346
4512
6789
6534
6472
5554
3120
5846
5640
3946
6219
3301
3825
4991
6792
5070
6865
4678
4307
6468
5521
6308
5960
5207
3693
4008
6671
6412
5762
6228
6767
6121
6593
6745
3072
5793
3285
4550
6140
4835
3686
3303
3783
5588
6599
4768
4018
4287
3383
5900
4697
4827
5243
5630
3032
4071
3703
5591
5232
6775
4741
3467
4429
4831
5195
4597
3999
5886
5355
4585
3306
3577
3372
6414
3310
4987
3718
3175
5436
3542
3235
6355
3152
3256
6444
3909
6500
4756
3499
4646
4007
3527
4830
5574
6455
5179
6021
5556
6529
6744
4532
5348
6709
3942
4639
4898
5385
6397
3167
4056
5459
5188
4888
6533
3168
4663
6832
4967
3765
5199
3882
4059
4126
6339
3676
5340
5909
6393
3529
5431
5251
3497
6980
3275
6973
5094
6641
6456
3636
5986
3622
6441
5531
3397
6377
4667
4701
4077
3595
5223
4091
4554
6471
5256
5627
6112
5516
5576
5894
4472
6599
5677
6278
3925
3423
4818
5663
5025
3252
6783
6240
6987
4010
3048
4909
6002
3671
3645
4574
3587
6882
6795
5732
6272
6536
4857
6188
3283
4872
5559
6023
6864
6769
5704
3366
6818
6436
3549
3953
5606
5302
6371
4388
4456
3985
4425
5228
4144
5181
3292
5247
6395
5753
3353
3852
5737
3077
5895
6143
6864
5221
3050
6067
3620
3496
6986
3036
3472
4863
4823
5926
5163
6051
3723
3236
5349
4299
4371
4553
6540
5067
4377
3029
5310
4097
6473
3681
6014
4220
6903
4223
5005
5907
4058
5119
3693
3980
3534
5846
5995
5873
4532
6490
5754
6042
5028
5563
6873
5207
4713
5710
5411
6673
5613
6065
5738
6443
5801
6900
6398
4956
6308
3329
3037
4660
6853
6892
4304
4438
6177
4255
3414
3314
3193
4531
3270
4460
4768
3607
6503
4035
6316
5675
5634
4486
4574
4185
4786
4787
5951
4529
6911
4989
3008
6657
6345
5918
6859
6460
4154
6837
4198
4145
3955
6974
3356
5612
6068
5515
3730
4696
3403
3199
6023
5613
3394
4109
3997
6058
3283
6283
5926
4887
4790
3035
4960
6205
4413
3438
3305
4752
3458
3213
5839
4414
4044
3675
5254
6210
4900
6897
5096
5694
3609
6172
3174
4196
3386
4845
6377
5333
5062
5102
4795
4080
4085
5758
3525
5348
6534
3569
4203
4833
4577
5982
6123
3119
6448
5801
5355
4922
6274
5858
5990
6562
3940
5881
6886
5791
3351
6213
6406
4536
5440
4361
6027
6462
6012
5891
5101
6814
5171
5923
3422
6073
5049
5504
4770
5109
4818
4274
6176
5658
3506
4807
6051
6952
4203
3314
5355
3226
3730
4102
5880
4657
3349
5435
4947
6038
5502
4862
3457
5242
5312
6654
4577
3166
5467
4092
4707
4461
6834
3493
6040
3457
3792
3987
4962
3484
3839
5391
4713
3632
4467
6003
6399
3078
5422
3501
3127
3170
5902
4770
3981
5664
6180
3437
4162
5787
6815
6351
3164
3845
5667
5754
3460
5012
4549
4714
3839
6742
4632
3058
3237
3839
4010
4550
4871
5712
5063
6362
6074
6020
3057
5582
6624
3447
3284
6328
3569
6514
6782
3275
4446
5947
6966
5315
5469
5782
4702
3589
6244
6006
3626
5835
6049
4905
6637
5819
6117
4548
3760
5171
3451
4212
3133
4837
4322
4107
6736
6388
5315
5128
3743
3782
4895
3687
5781
4125
3190
5229
3244
5278
6717
4898
3841
3884
5772
6117
3740
4475
3627
3401
5945
6892
6011
6657
6951
3016
3346
4079
5609
5101
6537
5868
5561
5252
5072
3101
4887
4468
5828
3596
3040
3195
6418
4409
5610
6218
6838
6803
5753
5518
5722
3401
4945
6402
6703
4305
4701
6720
4837
6850
4948
6745
3457
4283
6671
4583
6800
6479
3936
4501
5697
3624
6277
4663
5777
3704
5855
5539
4676
5799
5102
4758
6347
3438
4228
5037
6238
3691
6435
6107
6066
4560
6951
6627
4995
4267
5040
3966
3262
5132
6141
6466
6940
5482
6843
4085
5319
6207
3529
5377
6332
6854
5342
3699
5411
4085
3439
5987
3467
3298
5971
4944
4515
6817
5929
4920
4898
6508
5311
4970
5904
4641
4045
3173
6127
5690
3305
6847
6783
6608
3177
3491
6068
3629
3495
3203
4583
6054
6619
6904
3582
3670
5870
6174
3528
5117
4194
3486
3795
4977
6285
4524
4124
6467
5376
3580
5119
3289
6161
5342
6142
6394
6946
5623
4373
6433
5982
6591
5934
4017
6186
3037
5937
4060
5736
3649
5351
4788
4447
5863
4493
5400
4606
6910
3648
3758
4874
4902
5065
6821
5107
4693
6801
5215
3968
5868
5752
6003
5578
4468
5998
3757
3811
4098
4294
5992
3049
3530
5158
6361
4300
6152
3862
3183
6534
4753
6675
5558
4002
4528
5241
5140
6912
5882
3479
4168
5657
3556
5922
5097
6758
3993
6738
3670
6497
4556
3780
3966
6875
4847
3234
4930
3540
4882
5966
6227
5111
5108
6307
4304
4393
3077
4183
5239
5511
6504
3666
4193
4401
6696
4112
5466
3281
3882
3715
3614
6216
6802
5270
3890
5193
5769
5579
3132
6887
3201
6038
5989
4860
3586
5540
3448
5643
3176
6595
4875
5305
4514
5872
5011
4325
6092
3201
5939
5723
4738
3247
6617
3728
3730
3838
6406
6966
4431
6921
5864
6114
3506
5959
5165
5715
4114
6394
3231
6485
5855
6024
4103
3484
6145
3721
5892
4876
6546
6376
3429
4814
4475
6352
4992
4104
5371
4682
6366
3453
3387
5755
4440
6737
5913
3406
3654
6555
3861
3945
5867
4621
6141
5282
4261
4605
3377
4662
4768
6826
3198
5470
3521
4645
5766
6112
6021
4848
3803
5095
6431
5708
3470
5049
3085
5091
6005
6927
6909
3404
6977
5825
5069
4380
5323
6374
4595
5731
3085
3144
4317
4067
6179
3701
3398
3361
3927
3463
5779
4238
6377
6222
4765
5216
4330
3355
5808
5493
3571
3156
6014
3497
3781
5059
5899
5387
3688
3479
3886
3395
3406
4770
5313
3138
4631
5872
3961
6617
3489
5441
3786
6105
4134
3444
3612
3553
4385
3163
6879
3476
3575
3022
6993
6834
6553
3537
3465
5510
6906
5550
5075
4586
3672
3457
6266
6194
5898
3641
4405
4994
6566
6962
6355
5800
6835
6218
3453
3710
4656
3811
3618
3543
3293
3493
6177
3663
4877
3032
3701
5611
5489
4633
5587
5246
6841
4950
3968
3303
6475
3441
5714
3409
4563
5429
6813
3486
3392
5273
3737
4714
4388
4210
5593
5478
3342
3999
4985
3718
6893
6666
3222
6906
6106
6250
3133
3618
5689
6914
6403
6233
5502
3055
3553
3082
5847
4940
5555
5381
4373
5739
5954
4028
3369
4027
6105
6119
3738
5074
3440
4345
5622
5373
6759
5911
6370
4789
3221
4605
4709
3447
5820
4219
4032
4652
3097
6339
6229
3016
6982
6514
5460
3661
6032
5492
3056
5661
4675
3447
3037
6069
6271
6082
4105
3480
5860
5409
4372
6226
4324
6620
5024
6346
3948
5989
3968
3681
4840
6251
6320
5470
3356
6828
5837
3830
5429
5011
4019
5072
3079
5502
3656
3009
5826
3715
4595
4493
6504
3684
6097
5632
5136
6656
5697
5665
5159
3129
5142
4570
3967
3571
6942
4722
4909
3687
4676
6299
3673
6816
6272
4591
3603
5705
3588
6831
3243
5328
6810
3246
4916
4415
3140
4522
6271
4557
3730
3140
6908
6229
6078
5038
4948
5724
3061
6598
5017
3587
6447
5764
3089
5413
5901
5633
4651
4046
6230
5100
4957
4039
5278
4207
5344
6965
6595
4655
5330
3412
4090
5956
5563
6681
3262
3561
6169
4335
4478
4957
5007
5230
4417
5184
6715
6685
4810
6026
3259
6222
4173
5253
6033
6827
4926
6346
3414
3214
6442
3740
5107
6892
5233
6649
5632
3726
6426
4386
6524
4215
6613
4178
6210
3488
3252
6912
6594
3782
6659
5611
5248
6907
4878
4833
6768
4703
5105
5349
6089
3900
6742
3379
6569
3380
6407
3393
3820
3213
5851
3103
5687
5537
3985
5838
4595
4287
3755
3774
6249
6911
6437
5344
4653
4828
3353
5791
5474
3399
4141
3424
6801
4876
6348
5832
4020
3356
4278
3029
4288
6571
3607
3092
4934
5296
5720
4660
6621
3920
4243
5492
5148
4654
3823
3945
6610
4700
3232
4676
5100
6684
5971
6184
6649
3893
3995
6726
6223
5638
6847
6503
6429
3211
4539
5217
4240
4050
5477
3410
4388
5688
4263
6779
3004
6182
4766
6196
3799
6355
3757
3246
6426
4961
3323
3657
5923
3428
4975
4997
5115
3856
3615
3292
3156
4685
3475
4805
6425
3008
4235
4818
5822
5429
6028
6920
4606
6088
4366
3928
3165
4044
4248
3204
6904
6206
3848
3339
4639
5617
4437
4959
4820
3961
4111
5261
3369
4099
3236
3110
4505
5045
4634
3979
6638
3946
6369
3036
3326
5022
5454
5929
4903
5567
4929
4505
4832
3170
3841
5305
3812
3510
4799
3127
4924
3426
4047
3734
6475
6562
3537
6575
6219
6688
4714
3253
3574
3057
5453
3489
4816
6554
4405
3391
3241
4549
5028
6691
3589
5930
3899
6463
5211
3363
5700
5518
5208
3487
3074
6794
4281
4943
5121
6676
4481
5902
3671
4981
4140
3407
6723
4208
5848
3751
4928
5143
3670
3239
3482
3486
3753
5991
3450
5039
3029
5306
5870
3249
3334
3060
5965
5564
4376
4030
3751
3670
6147
6401
6656
5765
4590
3278
3535
3188
6447
4027
6062
3825
4188
3453
5866
3664
4056
6441
4154
3583
5552
6721
4840
5530
6172
3986
6404
3847
4426
5155
6033
5874
5046
4280
6580
3089
3229
5320
6127
6233
4552
3749
3164
3398
4538
6124
3040
3062
3440
6822
4854
4045
5047
6136
3092
4160
6881
6295
5863
6789
3195
3368
5829
4295
4693
3591
5030
6389
5991
3309
3993
5268
4544
4923
3203
5307
5177
4010
6536
6266
3606
6244
3625
6432
3280
3087
6638
5977
4409
3974
6029
5848
6626
3283
6038
3071
5066
3258
3490
6620
6410
3751
4818
6003
5269
5134
5531
4526
6381
6456
6123
4866
6643
5579
4038
3204
6958
6701
5731
3626
3269
3107
6080
3608
4287
4678
4687
3534
5592
3657
3882
5897
4134
4795
3015
6475
4700
3734
6037
3182
6603
3001
4119
3839
3092
3004
6064
3758
4716
5651
5902
3586
6627
5402
4432
4634
4147
6708
3276
6759
3448
6284
3926
3243
3204
5063
5428
4476
4187
5471
4657
4204
4432
3464
6016
4984
3408
5271
4662
4461
6511
6941
4692
3927
4333
5565
4280
3453
4987
6753
6934
3716
3777
6236
3642
4106
4130
5934
3036
4783
3012
4069
5422
6035
5240
5612
5036
3767
5972
6863
3242
4425
5474
6779
6450
6308
5565
4186
6542
4525
6026
5345
4680
4286
3054
6188
5604
6806
4008
6125
3294
5741
3568
5571
5026
3500
4652
3632
5590
5927
4966
4413
6281
6066
3675
3112
3780
4446
6658
4993
5535
3080
5193
4751
4624
4197
6886
3104
3116
5218
6388
6352
4979
6820
4280
3010
6752
5427
3284
5836
5266
3303
4430
4742
5947
5553
3730
6954
4603
6755
3614
5754
6224
6140
3466
5221
3741
3909
3423
5279
4306
5286
4484
5703
6324
4796
5081
6122
4552
3408
5266
4885
3743
5323
3003
3330
6879
4333
5134
4056
5768
6449
4388
3946
5189
5271
4631
4043
5479
5904
5342
4840
5386
4265
5086
5285
6687
3520
4021
5937
3662
6885
5614
6630
6627
3736
3020
6272
4548
4341
6597
6006
4217
3823
5649
6913
4015
4149
4950
6451
3335
4062
4416
5725
3045
5987
3018
4799
3122
4494
4442
4833
3112
3094
3951
5189
5438
3930
3054
3803
3726
6563
5386
6799
4794
5636
5857
3378
4693
5613
6668
4363
4530
4364
6025
6595
6846
5749
3707
3578
4231
4626
4712
6224
3195
6886
3335
3500
6247
4730
4410
5237
6123
6817
4206
5468
5512
6364
3761
3883
3236
5122
4427
5813
5964
5424
3760
6868
6200
4399
6830
5051
4608
5371
6674
6479
3557
5321
3331
4251
5680
3793
3214
4762
4857
4570
6516
6903
5934
5923
3976
6685
4864
6852
6690
5931
6918
6615
6204
4363
6221
6435
4349
5941
5068
6120
5522
5313
6312
6696
3413
5566
6883
6228
4747
6101
3782
3714
3518
3678
6761
5061
5352
3182
6891
3422
4510
6063
3047
4485
3034
6404
5182
5116
3632
3315
5682
6288
6517
4027
6836
3548
3330
4105
4777
5484
6829
6848
3189
5555
6241
4996
6090
5979
5500
6215
5246
3713
4747
4859
3539
6717
5295
4408
3119
5057
3879
6153
6722
5779
3802
4544
5149
4893
4011
3267
3678
5927
3825
4174
4882
5374
4232
6441
5765
3437
3410
5676
6104
5138
5973
4463
4383
4297
3781
3033
5177
4185
4484
3410
4681
4313
5020
6549
5463
3041
5295
4308
6079
5186
6992
5184
3655
5867
6817
6315
5978
4843
4973
5358
3225
3240
6179
6545
4686
5847
3272
6875
5624
6109
4511
3121
5290
5685
5222
4547
4076
4233
4362
3002
3140
5845
4275
6013
4606
4827
6488
5788
3054
3661
3830
6512
5486
3122
5078
3673
6298
4791
6604
6484
5111
6220
4622
4662
6622
4110
5027
5458
4978
5927
6785
4369
3988
5733
4586
3969
5761
3230
5303
4571
6208
4330
5281
3994
6243
5274
3814
4516
6938
6701
5289
6699
4346
3935
5778
5841
3847
6033
3870
5574
5352
4968
5702
5774
5474
5703
5167
4265
3531
6156
3156
4244
5584
3064
4343
3537
5337
5221
4239
5362
4345
4167
3163
3511
3293
3745
4216
4126
4407
5693
5163
6139
4375
4500
4476
6715
5586
3890
4538
3640
3177
3049
4801
4089
5101
4526
5147
4737
5248
3254
5875
6988
6120
6597
4552
4014
4641
6184
3180
3664
5868
5679
3079
4747
4631
3340
5237
6639
3447
3054
4178
5367
3671
6549
3548
5903
5566
4044
5560
3169
6756
3301
6073
4696
3671
6102
6630
6522
5558
3061
3204
4400
6655
4812
3805
5571
6085
6201
3461
3245
4323
5744
5110
3662
3480
4612
5183
4006
3652
5054
5223
5362
5708
5624
3722
6107
6513
5279
6662
6482
3963
4809
3198
3317
3697
3556
5143
4344
3529
3504
6268
6854
5193
3283
6250
5835
3175
3847
3763
6813
5604
6955
3379
6005
4719
5079
5712
4523
3094
3289
3557
3225
3145
6526
5591
4866
5389
3896
4180
6918
6977
3352
3801
6488
6053
6137
4313
3618
4024
6736
6475
3878
5938
5278
5850
4224
5880
5728
6639
3361
6615
6530
5031
6243
4084
5918
6833
4461
3413
6505
5539
3103
3647
5892
6164
4803
3603
6796
5694
4896
4719
3022
5885
4098
4714
5839
4529
6717
3703
4952
3926
3627
4101
4278
5007
6929
3088
4027
6970
3041
4875
3476
6716
6912
6624
5753
6376
3418
5988
6505
5339
6509
6588
5661
3004
5231
6112
5845
4080
3567
3395
3559
5579
4879
3666
5919
5843
6820
4808
3289
6824
5790
5797
6001
5798
5514
4471
3527
3147
4687
3337
4512
6855
5305
4876
5370
3458
6168
5998
3764
3267
3820
3822
4105
5891
5960
3516
3125
3090
6991
5614
3472
5395
3832
4786
5611
5364
5046
4730
5079
3711
6386
3231
3777
6315
6270
6377
6448
4685
3875
5527
6811
4775
4338
5263
5125
4771
6120
4211
5892
3044
5178
5873
5574
3083
6468
6494
4679
5562
3082
6997
3281
3549
4024
6346
3481
3766
3983
4151
5783
3889
6249
5711
3192
3140
3296
3429
3117
3154
3389
6002
5859
6594
3134
4830
6111
5413
3814
5978
3916
5937
6870
6506
5017
3414
5775
3957
6629
3998
5844
5288
4916
5296
4967
3604
6556
3418
3650
4275
5303
6938
3571
6951
4584
3697
3129
6567
4261
4711
5959
3490
6807
6530
6394
5452
5237
6451
4508
4527
5820
4570
4666
6551
6991
4165
6959
4411
5990
5991
6081
6628
5325
6303
3734
5803
3920
3316
3054
6424
6538
4886
6271
3955
4053
6293
5225
6292
4086
5783
6538
4941
6081
4322
6172
6637
5850
4317
6204
3485
4451
3131
5919
6979
6088
6958
6489
3551
6685
3559
3546
6252
5241
4271
5714
3546
3501
6590
4976
3182
3571
6775
6339
5368
6883
4922
4195
5835
6078
6519
5033
3124
5025
3227
5018
3096
6676
6413
4629
3555
6521
5073
3081
3009
4614
4742
5072
3533
3936
3670
3997
4382
5938
3341
3038
3608
3025
6637
6572
3104
5604
6483
6566
3281
3808
3677
3184
6609
4491
5734
6306
4938
4421
6755
6597
3753
6830
6818
4049
3069
4721
5539
6020
5422
4287
4225
5413
5678
5323
5891
3094
3797
5557
6582
4297
5508
5024
6751
3133
3080
5635
3584
3673
6960
3670
3062
6309
4161
4273
6580
5113
3994
6500
5990
4138
3873
4353
5987
6302
6807
5903
5713
6392
5140
6659
3069
4803
4859
4950
6746
3395
3797
5618
3841
6859
6710
6424
6430
4808
5752
6905
5788
3867
6544
4125
6538
5261
6410
3542
5080
4632
4994
6351
4030
5919
6418
4289
6623
3389
3539
6160
5891
3131
5582
5857
4787
6179
4783
6794
3588
3033
6179
6909
3595
6636
3729
4437
3468
3591
3343
3791
5394
5818
5487
6700
3789
5811
6244
4698
5356
5462
6570
3657
6536
5905
4119
3186
5184
5840
6250
4001
3988
4646
3536
4070
4027
4796
5648
5261
4966
6910
4293
3581
6252
3312
6891
4733
5941
6847
4579
4332
5129
5447
6360
4448
5004
3490
5503
3163
6515
4657
6111
4439
6474
5588
5834
5599
6949
4941
5885
6524
4134
4194
6605
3774
3881
4197
6933
6070
5770
6219
5660
4299
5018
6706
6611
5727
3878
6041
3815
6076
3183
4847
3817
5231
6260
5719
6633
5143
6213
4479
5437
6281
6397
4708
6356
6471
3568
4851
4495
6723
4866
6588
6106
3621
5648
3588
3267
3231
5717
4545
5964
3851
5823
3459
6084
5643
3483
5866
5295
5752
4630
4150
5518
3177
5259
6873
5018
4603
3326
5273
5336
4400
3612
6036
5788
5478
3075
5197
3093
3318
5086
3845
3787
4138
3873
4008
3736
4404
4341
6147
6305
3113
5925
5513
3024
5375
6806
6830
6796
5211
5516
4623
5152
6304
3540
3097
3598
3328
4420
5819
3162
4317
5876
6142
6701
6744
3149
6170
5063
3507
6292
6469
6034
3201
4081
5995
3080
6123
5374
6876
6327
5261
6609
6445
6456
6348
5997
3941
5076
3053
3404
5263
4007
4197
3004
6694
4535
4769
3560
4980
4620
3244
4726
6612
4795
5277
5844
6789
3300
5090
3216
5820
6165
4161
6477
5351
5984
6652
3721
3981
3344
5875
4558
3109
6788
5131
5103
3547
5152
4377
6599
5359
4935
4424
4991
5476
6751
3969
5616
6271
5706
6371
3274
5946
5578
3462
6151
3701
