128
3418
7927
7390
6419
4870
7015
9460
3111
2439
8143
6678
2985
9084
5405
2346
1552
9741
4007
4972
2900
2461
4258
6311
1549
3278
9022
4810
1161
6307
7555
2381
2974
4365
2244
9883
4592
1969
5706
5536
3378
7647
7271
8599
4111
4384
4983
3942
8191
2484
6270
8310
9313
4075
5275
4569
1862
8324
5498
8417
5969
1145
4299
5547
4405
9597
1764
6500
6084
4643
7982
8420
7156
5271
8918
4382
4946
5658
4606
2843
8312
2913
1594
1328
8626
5350
6426
1386
2114
7653
3130
5923
1470
2902
9105
7569
5530
5368
7235
1862
5250
2567
1753
9949
9274
9410
1741
1385
5642
3534
6159
1830
4276
8138
3785
6638
6356
9221
8617
9772
7675
4113
3918
5793
6214
1678
4090
7936
4074
