128
9989
2714
7743
7357
1326
5173
7037
4087
6268
8118
4624
4165
7800
8753
8880
1213
4187
6070
3923
1769
3919
6766
5062
3472
9157
8902
8569
3120
7087
4874
8299
3204
7314
3778
1330
9962
4764
3377
8327
7950
4546
5986
7969
7848
7970
4952
8486
1740
2717
6727
6464
4051
8166
8439
3869
4202
4806
5539
2411
4509
4933
4513
1855
9250
8213
4114
3176
5526
6795
2627
8763
1668
3433
2528
3100
6206
9133
4137
6024
3040
9778
3737
9706
7394
6180
5812
4890
9852
6386
9710
5628
9800
4897
1359
2288
4125
9839
3874
6188
4196
8137
1754
6710
6743
7824
7452
3541
5681
6137
8980
4479
3106
8294
1628
5622
3466
1476
7364
9621
1179
7535
3770
3877
6414
6760
4492
7217
7148
