128
1745
8566
3899
4221
9675
2217
1647
7355
6113
6693
5685
6557
8559
5344
1198
3377
7901
2340
8556
1448
5127
1932
4874
4721
3726
6544
7300
8903
6109
8000
7934
9725
9579
4753
4932
7909
6443
7074
2520
4508
8214
7499
6953
2666
5264
2556
7035
9180
9717
8221
1979
2624
8773
4514
1471
2500
3063
9423
1105
2187
8163
5794
5909
8778
5965
2722
8997
3080
3278
2283
7374
4049
3615
3798
1332
6326
5296
5677
1402
5002
2356
5075
8271
4840
5017
4432
7285
4487
2253
6366
6991
5121
3411
2048
1819
5876
9260
6300
8758
8926
6456
9465
8754
3218
2994
5058
8512
1971
6214
3377
7186
2654
4006
4445
9345
5335
5536
3654
4961
4321
8257
3278
7989
2052
2758
5197
1973
3860
