128
4036
4383
7006
1722
8244
1321
5786
8191
3726
6735
7306
1984
7361
9400
6528
7778
8330
9376
3792
6000
6648
1888
6719
4411
6962
7724
4998
2731
7261
3023
4685
3006
7768
2866
3902
7140
4432
4867
6852
4484
3281
1116
2627
7533
2981
5245
5107
4565
2143
9691
3490
7284
6111
5553
1799
7078
5676
2734
4464
7078
3039
9811
2002
5519
6805
1539
1748
6580
4206
1437
7908
1962
7583
1162
4966
5142
6596
4514
3067
1397
8408
4619
8280
9080
5013
8827
8514
8693
8499
7173
3073
6641
9210
9536
8215
4463
4379
8088
3635
7884
7471
2014
7788
7022
4464
6770
8006
3218
3127
7475
7498
6297
6135
4621
4041
2383
1597
5913
8983
8589
2693
9915
2414
4465
6186
6575
4401
9920
