128
4967
3216
6319
4360
5417
3769
5717
1828
8131
7088
7634
3898
2693
3924
6374
6150
4239
6115
9746
1688
2708
3861
4199
8819
4969
1834
6444
2234
2861
4782
3969
9008
2300
3075
5217
8367
3960
6907
2798
1466
2376
4711
6564
6411
8891
1737
1786
2030
1628
4900
4725
1958
4427
9679
1460
4381
5505
2961
6391
3520
5240
4222
8273
5110
5280
5494
6079
6154
8307
6026
6038
9481
8469
2180
9763
8094
5264
2702
9448
2961
4144
5291
2938
9180
8513
7546
1400
8750
6560
4076
5585
2658
8111
2636
1336
4332
1404
4438
5831
1665
4446
7036
4525
8837
9111
4013
5102
5731
2691
6071
8700
1426
1463
2733
2834
5969
4252
1125
2402
2884
2983
2054
9889
4801
1480
3954
1577
4936
