128
6565
3790
2973
6819
2021
3876
9934
8918
6382
5169
3581
6027
1881
3467
1343
4095
1898
9543
4834
5505
2478
1323
3686
5362
4747
5716
5159
2265
4900
3210
9156
5419
7112
1915
2340
6476
2573
5970
2440
3944
1676
1153
3076
1640
9445
2874
6044
3293
2765
8572
3204
5092
4724
1802
6936
6827
6252
1019
9069
5870
6587
8740
5534
6655
7252
6976
7044
1961
6670
3767
2296
9338
2628
3918
2721
5826
1177
2341
8511
3013
1505
3217
6437
5982
7128
5015
4027
5007
2806
1880
1126
7471
2177
8071
2534
2075
5854
2007
4224
4349
3817
5758
2247
5791
4076
5942
8955
8133
1876
9834
9583
7888
4299
5977
5932
2258
7326
9055
9366
4841
4402
9432
6881
6406
2540
1708
7753
3346
