128
4790
6626
7692
3932
3498
7201
5583
3197
2649
6447
2352
6780
4748
6498
1727
3263
3843
4278
6754
6658
1658
1837
1016
4859
2813
6683
7787
3557
6361
3638
1526
7228
6712
7287
5245
2608
1696
9628
5816
6690
2470
1394
5882
9165
1275
1663
2155
4455
5240
9096
2191
3299
8177
3463
9345
3089
7148
2548
7232
1754
5114
1114
4031
4856
8881
6798
2038
1269
6578
6512
1788
1241
3170
4836
4318
2275
9406
7967
4661
1518
5395
6941
2977
5616
9160
4814
3230
6000
2659
3844
4756
7308
1782
3495
4322
1463
2662
3413
2644
6302
4246
6734
7136
3140
5032
1771
5245
2500
1461
6524
7919
6398
1687
7671
5410
3281
5154
7162
2721
1231
8573
7442
7923
2284
7302
4993
1909
1244
