128
1056
6170
5518
2083
2675
6534
8959
5592
6497
2276
2009
1730
8393
3657
7561
1076
5079
1057
2712
5307
2712
4268
5921
9975
6708
3099
8726
1617
4271
4160
7897
8268
2125
9199
9930
9216
3250
3833
9139
5044
2263
5812
5308
5555
4729
5071
2167
7055
9417
7643
7832
8409
3026
9090
9014
4482
9301
4286
9393
6197
5399
1526
1635
7842
1352
9808
8051
6864
8081
5867
4714
3104
1552
2724
9582
1100
9719
9973
1766
2710
2158
5999
4092
8543
8860
5246
3163
4841
1543
6522
2118
6478
5401
4524
2831
5831
6731
1954
9524
2016
6181
5356
4456
9041
4144
4906
1792
3986
5765
1126
8871
8661
4177
3270
6365
1149
6996
8404
5914
1306
2274
8316
8040
1162
5446
4945
3234
5623
