128
3593
2161
5663
5228
1717
5532
4883
4268
2712
8067
8537
8010
9693
5911
3421
8969
9416
4248
3263
1180
7890
2469
2893
2325
7009
6440
3832
9221
6255
4308
6619
8122
8502
6030
3447
1012
5156
3476
4284
8080
9409
1835
3450
9440
3152
4623
6723
7660
2178
7549
3423
7059
8276
3134
2819
7776
8951
1327
5381
2959
2336
6319
4479
6346
3757
7564
5967
7973
9069
1823
7829
5688
1488
1145
3508
4059
8014
3215
3527
9089
9208
7514
5630
5003
9225
9630
7077
2744
3300
3630
3329
5361
2280
4933
6022
8639
2387
8911
7556
3837
9921
1009
6067
4604
8734
4900
3593
4551
5278
4402
9689
4496
6283
5580
2141
8218
8026
1921
4876
3555
6972
3313
1749
7486
3219
1474
9325
2190
