128
7353
8290
8384
6708
6028
7887
9818
1543
3956
1701
2208
2367
2238
3564
8292
5286
3868
3061
7488
7253
3676
6219
6141
5632
4624
4400
1865
4385
2565
5827
2615
7039
6006
9468
6601
9244
3057
5278
6113
3179
7726
2055
4771
9445
5748
2476
7268
9849
4205
6627
1608
7082
7276
7802
1186
6558
7616
6030
3874
5714
3143
9327
7124
6417
4199
9705
5804
8560
8442
6878
1375
5056
7140
4941
5358
9793
4929
9892
3158
5663
4239
5672
6136
9962
4204
5073
6390
7683
4973
6069
5237
8950
6837
4445
3436
2484
1534
3765
9554
9894
3417
1567
7155
3738
6312
5644
5131
4813
6753
9422
8341
3323
3238
5116
3926
5502
8944
2945
8546
2854
1903
7881
4716
3923
2667
4859
1276
3406
