3418
7927
7390
6419
4870
7015
9460
3111
2439
8143
6678
2985
9084
5405
2346
1552
9741
4007
4972
2900
2461
4258
6311
1549
3278
9022
4810
1161
6307
7555
2381
2974
4365
2244
9883
4592
1969
5706
5536
3378
7647
7271
8599
4111
4384
4983
3942
8191
2484
6270
8310
9313
4075
5275
4569
1862
8324
5498
8417
5969
1145
4299
5547
4405
9597
1764
6500
6084
4643
7982
8420
7156
5271
8918
4382
4946
5658
4606
2843
8312
2913
1594
1328
8626
5350
6426
1386
2114
7653
3130
5923
1470
2902
9105
7569
5530
5368
7235
1862
5250
2567
1753
9949
9274
9410
1741
1385
5642
3534
6159
1830
4276
8138
3785
6638
6356
9221
8617
9772
7675
4113
3918
5793
6214
1678
4090
7936
4074
3593
2161
5663
5228
1717
5532
4883
4268
2712
8067
8537
8010
9693
5911
3421
8969
9416
4248
3263
1180
7890
2469
2893
2325
7009
6440
3832
9221
6255
4308
6619
8122
8502
6030
3447
1012
5156
3476
4284
8080
9409
1835
3450
9440
3152
4623
6723
7660
2178
7549
3423
7059
8276
3134
2819
7776
8951
1327
5381
2959
2336
6319
4479
6346
3757
7564
5967
7973
9069
1823
7829
5688
1488
1145
3508
4059
8014
3215
3527
9089
9208
7514
5630
5003
9225
9630
7077
2744
3300
3630
3329
5361
2280
4933
6022
8639
2387
8911
7556
3837
9921
1009
6067
4604
8734
4900
3593
4551
5278
4402
9689
4496
6283
5580
2141
8218
8026
1921
4876
3555
6972
3313
1749
7486
3219
1474
9325
2190
6565
3790
2973
6819
2021
3876
9934
8918
6382
5169
3581
6027
1881
3467
1343
4095
1898
9543
4834
5505
2478
1323
3686
5362
4747
5716
5159
2265
4900
3210
9156
5419
7112
1915
2340
6476
2573
5970
2440
3944
1676
1153
3076
1640
9445
2874
6044
3293
2765
8572
3204
5092
4724
1802
6936
6827
6252
1019
9069
5870
6587
8740
5534
6655
7252
6976
7044
1961
6670
3767
2296
9338
2628
3918
2721
5826
1177
2341
8511
3013
1505
3217
6437
5982
7128
5015
4027
5007
2806
1880
1126
7471
2177
8071
2534
2075
5854
2007
4224
4349
3817
5758
2247
5791
4076
5942
8955
8133
1876
9834
9583
7888
4299
5977
5932
2258
7326
9055
9366
4841
4402
9432
6881
6406
2540
1708
7753
3346
1745
8566
3899
4221
9675
2217
1647
7355
6113
6693
5685
6557
8559
5344
1198
3377
7901
2340
8556
1448
5127
1932
4874
4721
3726
6544
7300
8903
6109
8000
7934
9725
9579
4753
4932
7909
6443
7074
2520
4508
8214
7499
6953
2666
5264
2556
7035
9180
9717
8221
1979
2624
8773
4514
1471
2500
3063
9423
1105
2187
8163
5794
5909
8778
5965
2722
8997
3080
3278
2283
7374
4049
3615
3798
1332
6326
5296
5677
1402
5002
2356
5075
8271
4840
5017
4432
7285
4487
2253
6366
6991
5121
3411
2048
1819
5876
9260
6300
8758
8926
6456
9465
8754
3218
2994
5058
8512
1971
6214
3377
7186
2654
4006
4445
9345
5335
5536
3654
4961
4321
8257
3278
7989
2052
2758
5197
1973
3860
4790
6626
7692
3932
3498
7201
5583
3197
2649
6447
2352
6780
4748
6498
1727
3263
3843
4278
6754
6658
1658
1837
1016
4859
2813
6683
7787
3557
6361
3638
1526
7228
6712
7287
5245
2608
1696
9628
5816
6690
2470
1394
5882
9165
1275
1663
2155
4455
5240
9096
2191
3299
8177
3463
9345
3089
7148
2548
7232
1754
5114
1114
4031
4856
8881
6798
2038
1269
6578
6512
1788
1241
3170
4836
4318
2275
9406
7967
4661
1518
5395
6941
2977
5616
9160
4814
3230
6000
2659
3844
4756
7308
1782
3495
4322
1463
2662
3413
2644
6302
4246
6734
7136
3140
5032
1771
5245
2500
1461
6524
7919
6398
1687
7671
5410
3281
5154
7162
2721
1231
8573
7442
7923
2284
7302
4993
1909
1244
1056
6170
5518
2083
2675
6534
8959
5592
6497
2276
2009
1730
8393
3657
7561
1076
5079
1057
2712
5307
2712
4268
5921
9975
6708
3099
8726
1617
4271
4160
7897
8268
2125
9199
9930
9216
3250
3833
9139
5044
2263
5812
5308
5555
4729
5071
2167
7055
9417
7643
7832
8409
3026
9090
9014
4482
9301
4286
9393
6197
5399
1526
1635
7842
1352
9808
8051
6864
8081
5867
4714
3104
1552
2724
9582
1100
9719
9973
1766
2710
2158
5999
4092
8543
8860
5246
3163
4841
1543
6522
2118
6478
5401
4524
2831
5831
6731
1954
9524
2016
6181
5356
4456
9041
4144
4906
1792
3986
5765
1126
8871
8661
4177
3270
6365
1149
6996
8404
5914
1306
2274
8316
8040
1162
5446
4945
3234
5623
4967
3216
6319
4360
5417
3769
5717
1828
8131
7088
7634
3898
2693
3924
6374
6150
4239
6115
9746
1688
2708
3861
4199
8819
4969
1834
6444
2234
2861
4782
3969
9008
2300
3075
5217
8367
3960
6907
2798
1466
2376
4711
6564
6411
8891
1737
1786
2030
1628
4900
4725
1958
4427
9679
1460
4381
5505
2961
6391
3520
5240
4222
8273
5110
5280
5494
6079
6154
8307
6026
6038
9481
8469
2180
9763
8094
5264
2702
9448
2961
4144
5291
2938
9180
8513
7546
1400
8750
6560
4076
5585
2658
8111
2636
1336
4332
1404
4438
5831
1665
4446
7036
4525
8837
9111
4013
5102
5731
2691
6071
8700
1426
1463
2733
2834
5969
4252
1125
2402
2884
2983
2054
9889
4801
1480
3954
1577
4936
7353
8290
8384
6708
6028
7887
9818
1543
3956
1701
2208
2367
2238
3564
8292
5286
3868
3061
7488
7253
3676
6219
6141
5632
4624
4400
1865
4385
2565
5827
2615
7039
6006
9468
6601
9244
3057
5278
6113
3179
7726
2055
4771
9445
5748
2476
7268
9849
4205
6627
1608
7082
7276
7802
1186
6558
7616
6030
3874
5714
3143
9327
7124
6417
4199
9705
5804
8560
8442
6878
1375
5056
7140
4941
5358
9793
4929
9892
3158
5663
4239
5672
6136
9962
4204
5073
6390
7683
4973
6069
5237
8950
6837
4445
3436
2484
1534
3765
9554
9894
3417
1567
7155
3738
6312
5644
5131
4813
6753
9422
8341
3323
3238
5116
3926
5502
8944
2945
8546
2854
1903
7881
4716
3923
2667
4859
1276
3406
4036
4383
7006
1722
8244
1321
5786
8191
3726
6735
7306
1984
7361
9400
6528
7778
8330
9376
3792
6000
6648
1888
6719
4411
6962
7724
4998
2731
7261
3023
4685
3006
7768
2866
3902
7140
4432
4867
6852
4484
3281
1116
2627
7533
2981
5245
5107
4565
2143
9691
3490
7284
6111
5553
1799
7078
5676
2734
4464
7078
3039
9811
2002
5519
6805
1539
1748
6580
4206
1437
7908
1962
7583
1162
4966
5142
6596
4514
3067
1397
8408
4619
8280
9080
5013
8827
8514
8693
8499
7173
3073
6641
9210
9536
8215
4463
4379
8088
3635
7884
7471
2014
7788
7022
4464
6770
8006
3218
3127
7475
7498
6297
6135
4621
4041
2383
1597
5913
8983
8589
2693
9915
2414
4465
6186
6575
4401
9920
9989
2714
7743
7357
1326
5173
7037
4087
6268
8118
4624
4165
7800
8753
8880
1213
4187
6070
3923
1769
3919
6766
5062
3472
9157
8902
8569
3120
7087
4874
8299
3204
7314
3778
1330
9962
4764
3377
8327
7950
4546
5986
7969
7848
7970
4952
8486
1740
2717
6727
6464
4051
8166
8439
3869
4202
4806
5539
2411
4509
4933
4513
1855
9250
8213
4114
3176
5526
6795
2627
8763
1668
3433
2528
3100
6206
9133
4137
6024
3040
9778
3737
9706
7394
6180
5812
4890
9852
6386
9710
5628
9800
4897
1359
2288
4125
9839
3874
6188
4196
8137
1754
6710
6743
7824
7452
3541
5681
6137
8980
4479
3106
8294
1628
5622
3466
1476
7364
9621
1179
7535
3770
3877
6414
6760
4492
7217
7148
