4500
4736
4646
4537
5426
5274
5824
5325
5644
4564
4204
5146
5447
5006
4319
5670
4085
5193
4106
4582
5314
5637
5880
4350
5445
4509
5574
5295
4995
5604
4808
5834
4168
4143
5217
4159
5923
5676
4338
4096
4908
5713
5044
5617
4511
4075
5275
5647
5973
4492
4552
5677
4548
4991
5484
4955
5677
4186
4032
5073
4067
5050
5293
4070
4736
5649
5022
4565
4147
4598
5731
4658
5787
4334
5158
4497
4059
5406
5883
4039
5566
4448
5286
5651
4508
4027
5639
4140
4728
5814
4006
4300
5679
4902
4027
4775
5926
4533
4633
4261
5530
4748
5965
4135
5391
4527
4438
4795
5246
5400
4925
5305
4186
5218
5984
5031
4711
5289
4104
5024
5400
5197
5647
5232
5052
5127
4432
4969
5930
4945
5235
4317
5552
4004
4732
5957
4587
5827
5821
5320
4406
5247
4979
5349
5811
4633
4663
4667
4877
5255
4568
5859
5223
4233
4726
4540
5455
4142
5395
5136
5919
5673
5268
4510
5659
4494
5403
5789
4138
4807
5020
4563
4136
4343
4259
4618
4260
4467
5495
4963
5739
5437
4580
4744
5019
5957
5116
4464
5255
5866
5127
4598
4410
4705
5213
4230
4435
4397
5285
5080
4342
4895
4670
5327
4634
4483
4420
5280
4397
4607
4814
4367
5715
4167
4110
4402
5318
5514
4731
5412
4561
4695
4778
4920
4313
5741
4517
5463
5163
4696
4521
4325
4196
5772
5102
4120
4019
5088
5324
5317
5835
5646
4031
5294
5709
4130
5043
5736
4566
5778
5859
5958
5196
4713
4397
4557
5048
5667
5025
5103
4465
5669
5843
5470
4710
5080
5761
4715
4212
4150
4804
5971
5224
5695
4035
5186
5217
4702
4524
5715
4623
5143
4118
4174
4405
4964
5379
5490
5065
5201
5317
4679
5807
4307
5131
4903
5113
5799
5670
5257
5857
4986
5858
5261
5964
4428
4682
4955
5768
5402
4091
4152
5600
4256
4187
4123
5135
4334
4755
4665
4530
5644
5327
5532
4884
4665
5398
4210
4518
5343
5164
5797
5950
5036
4424
4861
5870
5083
4952
4294
4818
5375
4146
4495
4246
5014
4806
5953
4519
5471
4505
4524
5327
5720
5621
4475
4752
5546
5006
4071
5222
5499
5159
4194
5325
5196
4406
5214
4026
4884
5444
4611
5334
5568
4910
4406
4867
5748
5327
5240
4636
4304
4215
5250
4132
5984
5327
4885
5459
5804
4716
4040
5470
4926
5991
5718
4268
4737
5470
4101
4384
4646
4101
5363
5993
4218
4036
5784
4909
5936
5197
4875
5324
5586
4488
5596
4900
5318
4988
5541
4402
4488
4572
5213
5357
4514
5340
5143
5593
5957
5605
4959
4512
5449
5862
5999
5472
4296
4169
4546
5311
5576
5583
5344
5500
5556
4629
5716
4804
5089
4399
4681
5711
4711
4340
5473
5629
4027
4332
4262
5815
4753
5346
5906
4167
5753
5932
5384
4374
5617
4721
4983
4461
5859
5171
4140
4009
5736
5441
5830
5294
4250
5226
5536
4905
4107
4852
4571
4487
5826
5011
5570
4983
4861
5757
4809
5044
5691
4271
5125
5056
4559
5725
4719
4984
5240
5629
4461
5513
5810
5622
4859
4165
4736
4595
5489
4359
5024
4218
4721
4759
5218
4699
4895
5252
5765
5592
5586
4437
4073
5018
4810
5336
4448
5388
5479
5357
4520
5040
5065
4967
4897
4890
5215
4925
5314
5754
5671
4522
4243
4047
4916
5813
5298
5978
5166
5226
5531
4694
5674
4922
4407
5655
4221
5385
4880
5155
5106
4780
4055
5254
5671
4218
4040
5759
4864
5265
4347
5916
5933
5962
4014
5367
4062
4394
5511
4408
5679
4393
5496
4466
4794
5727
4137
4540
5385
5443
4740
4491
4770
5475
4010
5956
4180
4818
5758
5941
5290
4327
5700
4026
5444
5533
5959
5856
5837
5982
5290
5428
4487
5595
4095
5051
5710
5147
4093
4600
5195
5783
5106
4995
5445
4008
5519
5226
4675
5943
5633
4654
5961
4161
5465
5558
5726
4366
4044
4590
5412
4346
4697
5747
4801
4828
4512
4719
4529
4434
4777
5319
4480
4768
4204
4237
4394
4488
5472
5157
4086
5139
4209
5094
4748
4884
5133
4915
5718
4509
4335
4474
5694
5766
4795
5400
4898
5545
4036
5634
4188
5908
4691
4649
5944
4768
5049
4377
4020
5011
4855
5063
5841
4957
4683
4643
5820
5488
5790
4296
5887
5230
4254
5557
5324
4388
5070
4767
5685
5997
5019
4200
4290
4568
5886
4472
4124
4322
4169
5393
4542
5871
4638
5125
4644
4063
4184
4099
5582
5840
5253
4928
5871
4637
5654
4860
4082
4231
5238
4327
4524
4432
5786
4978
4506
5302
4392
4345
4160
4959
4311
5089
4114
4234
4229
5430
5322
4332
4304
4775
5410
5012
4129
4371
5283
4130
5899
4290
5808
4273
4709
4678
4644
4202
4481
4454
5557
5740
5077
4219
5056
4145
5827
4517
4802
4752
5816
4559
5998
4000
4128
5414
4127
5370
5411
5391
5246
5729
5539
5919
5774
5494
4473
5628
4994
5625
4979
5076
4248
4352
5006
5030
5712
5617
5079
5190
4468
5103
4262
4654
4544
5673
4035
4313
4762
4244
4587
5890
4435
5878
5687
5313
4145
4311
5309
4759
4534
4541
4927
4717
5709
4055
4109
5148
5803
4274
4734
5419
5059
4607
5973
5908
5113
4322
4986
4479
5457
4533
5979
4244
5358
4967
5284
5372
4652
4420
5998
4412
5125
5270
4671
5771
4535
5842
4952
4233
5253
4143
4934
4058
5470
4457
5945
4531
5208
4296
5363
4530
4794
5067
4947
5285
5056
4798
4083
4922
5928
5952
4864
5087
5172
5545
4066
4337
4207
4127
5784
5097
4991
4681
4968
5021
4843
5017
4345
5818
5253
4964
5859
5335
4677
5484
5844
5410
5661
4188
5558
4771
4190
5494
5283
4569
4247
5778
4637
4040
4633
5147
4735
5425
4255
4890
5720
4906
4246
5439
4070
5932
4911
5557
5938
4766
4173
5475
5250
4190
5536
4754
4603
4236
5698
5408
4754
5450
4159
4014
5218
4813
5561
5141
4643
4842
5958
5716
4842
4415
5910
4481
5040
5759
5807
4582
4209
5707
4948
5881
5497
5585
4686
4555
5988
4754
5144
4763
4956
5487
5411
4925
5285
5575
5428
4417
4198
4360
5817
5671
5965
5383
5394
4954
4208
5859
4268
4311
4857
5638
4923
5706
5566
4306
5382
4760
4728
4769
5486
4470
4166
5966
5133
4597
4761
4327
4210
4479
5275
4224
4614
5152
4813
5053
5633
5520
5958
4819
5408
4584
5135
4252
4916
4080
5587
5009
4188
4789
5204
4706
4458
4845
4935
5096
5823
5036
5188
5180
5614
4406
4692
5543
4924
5307
4423
4114
5145
4138
5643
5352
4012
5304
5872
4492
5735
4524
5197
5663
5627
5024
5405
5391
5117
5784
4355
4862
4278
4832
4603
4193
5237
5089
5342
4988
4303
5172
5554
5623
5245
5311
4178
4243
5003
4611
4976
5963
5435
4265
4936
5691
5122
4322
5926
4111
5244
4125
5322
4794
5380
5545
5017
5773
4777
4485
5942
4206
4493
4841
4189
5103
4594
5540
4141
5383
5555
5800
4276
4277
5966
5806
4779
4821
4763
5370
5580
5569
4676
4941
4024
5625
4415
4992
4701
4554
4680
4775
5196
5487
4223
4641
5281
4608
5425
4798
4453
4752
4368
4192
4329
4169
5562
4518
4815
5895
4318
5491
5595
5039
5698
4734
5985
5128
5888
4652
4775
5000
5511
4195
4656
4845
5893
5846
4123
4452
5659
5900
5280
4179
5771
5311
5958
4191
5032
5287
5343
4133
5158
4273
5866
4763
5301
4417
5118
5283
5524
5365
5339
5332
4751
5444
4613
4639
4431
5184
4534
5487
5542
5264
4956
5821
5236
5468
4418
5719
5216
5835
5861
4781
5030
5510
5191
5929
4819
5784
5280
5625
5785
5789
4304
5491
4610
5858
5946
4950
5234
4330
5853
4526
5925
4782
4124
4914
5711
5539
4912
4878
5460
5233
4272
5030
4986
4844
5299
5183
5577
4431
5560
5148
4087
5536
4879
4126
4241
5606
5551
5757
4917
5264
5045
4750
4770
4938
4348
5871
5299
5187
5560
4067
4436
5453
5233
4963
5279
5951
5786
4865
5480
4535
4481
4866
4051
5728
5468
5282
5695
4722
4561
5522
4043
4509
4647
5020
5633
4664
5297
4350
4994
4550
4800
4566
4343
5580
5158
5360
5331
5064
4344
4428
5544
5317
5857
4775
5574
4188
5291
5941
4217
5043
5078
5811
4672
5516
4806
4144
5984
4322
5022
5338
4281
4395
5839
4076
4661
4143
5641
5856
4425
5576
4794
5290
4741
4544
4503
5029
4749
5832
4161
5619
5917
4559
5209
4921
5334
4476
5814
4401
5162
4284
5615
4774
5669
5352
5355
4509
5944
5786
4209
4387
5089
5301
4320
5264
5549
5186
4126
5024
5244
5063
5160
4560
4516
4461
5327
5899
4144
5543
4778
4175
5309
5016
4168
4008
4115
4584
5733
4532
4186
4063
4322
5487
5414
5114
5693
5512
4947
4688
4049
5673
5871
5737
5405
4026
5263
5310
4859
4642
4745
5625
4750
5702
4072
5674
5033
5351
5364
4633
4644
5485
4929
4484
5524
4451
4323
4058
4927
5837
4201
4320
4106
4263
4274
4464
4324
5278
4505
4018
5893
5835
4516
5291
4940
4288
5492
5278
5045
4071
4189
4041
5483
4500
5164
4296
5882
4637
4365
4276
4072
4040
4644
4562
5752
5205
4909
4651
5558
4686
4628
5865
4164
4243
4413
4657
5140
4845
4848
4533
4024
5519
4532
5679
5427
4290
4396
5969
4928
4827
4767
4166
5075
5137
4325
5710
5361
4113
4170
5974
5335
4337
5295
5479
4294
5029
4703
4731
5810
5826
5133
5169
4917
4094
4061
5618
5969
4404
4877
4860
4196
5547
4576
4055
4161
5574
4805
5393
5157
4091
5455
4054
5325
5883
4630
5548
4643
4843
4082
4878
5274
5823
4774
5812
5917
5168
4580
5681
5864
4575
4051
4118
5042
5666
5644
5249
5926
5155
4278
4058
4387
5435
4873
4672
4857
4886
4480
5781
4291
4448
4968
4453
5587
4877
5515
5169
4469
5939
5888
5069
5450
5886
4434
4416
4253
5962
5526
5907
5307
4514
5687
5388
5429
5475
4404
4982
4301
4217
5773
4277
4713
4169
4771
4650
4764
4195
5360
5962
4360
5619
4199
5248
4569
4995
4584
4232
5644
5119
4118
4974
4964
5906
4742
4889
4058
5986
4375
5034
5613
4003
4556
5793
4514
4282
4244
5850
5388
4382
5813
5826
4356
4672
5307
5098
4063
4662
5177
5602
4257
4684
4596
4934
5746
4474
5979
5275
4218
5816
5451
4804
4081
5024
4363
5610
5829
5269
4695
5157
5202
5887
4530
5622
4242
5595
4419
5280
5640
4771
5875
4117
5256
5975
4823
5661
5947
5365
5098
5880
5600
4813
5289
4697
5626
4037
5677
5795
5268
5242
5212
4095
5180
5034
4935
5610
4831
4660
5959
5582
4345
5004
4370
5681
5246
4720
4242
4469
4691
5184
5611
4753
4362
5172
5393
5648
5499
4850
5921
4663
5915
4386
5136
5342
4392
4137
4625
4119
5426
5980
4599
5861
5748
5745
5238
5216
4831
5731
4391
5709
4401
4921
4406
4024
5744
5655
4135
5812
5723
4159
4568
5999
4032
5361
4249
5142
5393
4367
5041
4055
4846
5930
4176
5252
4921
5587
5007
4857
5887
5790
4557
4936
5073
5363
4084
5039
4556
4220
5856
5996
4595
5729
4155
5690
5089
4216
5970
4128
5450
4906
5624
4059
5441
4474
4664
5373
4118
4321
4394
5543
4087
5460
4909
5879
5967
4001
5037
5249
5340
4652
4831
4355
4351
4389
5305
5056
5007
4939
4387
5989
5248
5960
5498
5747
5700
5619
4722
4736
4148
5160
5747
4231
4331
5768
4649
4533
5020
4120
5171
5857
4294
4603
4529
4016
4221
4064
5264
4887
5499
5745
5409
4000
5226
4359
4323
4981
4213
4620
5891
4751
5188
4069
4176
5298
5679
4845
4711
5597
4529
4601
5639
5635
4976
4062
5469
5771
5631
4627
4797
5931
5658
4156
5812
5710
4774
5581
5132
5833
5455
4653
4160
5386
5168
5410
5774
5599
5334
5493
5096
5113
5135
4791
4701
5556
4716
4680
4140
4925
4025
4397
5785
5941
4148
4366
5607
4969
5820
5654
5226
5437
5015
5368
5053
4639
4052
5586
4058
4706
4931
4079
5064
4000
4507
4811
4344
4723
4125
4820
4763
4552
5958
4069
5359
4917
5754
5311
4557
5390
4261
4439
5808
5161
4346
4460
4290
5009
5806
4440
5827
4709
5835
4232
4151
5015
5332
5300
5880
4623
5887
5446
4700
5824
5591
5215
4995
4019
5552
5843
5511
5230
5263
5007
5656
5158
5575
5573
5030
5038
5749
5141
4032
5331
4778
4738
4559
4028
5592
4598
4433
5611
5846
4543
4826
5633
4062
5696
5450
5447
5093
5560
4908
5766
5618
4277
4473
4007
4730
4459
5090
4166
5345
5515
5786
4282
5610
5644
4332
4637
4235
5108
4488
4623
5545
4145
5683
4849
4298
4291
4788
5080
5264
4132
4689
5349
5289
5343
4443
4392
5039
4087
4832
5116
5130
4196
5237
5443
4182
4183
5490
5295
5103
5000
4378
5390
5087
4259
4851
4187
5610
4615
4593
4324
5670
4126
5543
4339
5699
5794
4616
4135
5132
4551
4294
5952
4587
5818
4647
4863
5946
5681
4832
4999
4880
4667
4667
4428
4961
4760
5614
5631
4418
4445
5875
5245
4886
4184
4066
5248
5309
5606
4240
5847
5356
5517
4420
5402
5068
5047
4311
4681
4946
4015
5122
4837
5237
5322
4163
5212
5018
5705
4887
5961
5532
5709
4349
4163
5422
4075
4654
5950
4716
5913
4158
5424
4354
5604
4471
5084
4047
4231
5106
5071
4109
4464
5527
5683
5987
5661
4365
4316
4118
5195
5978
5256
5918
4948
4660
4454
5580
5516
5298
5596
4594
4809
4136
4416
5846
5880
5183
5559
5576
4273
5451
4642
4320
4227
5618
4196
4992
4123
4501
5318
4411
5096
4369
5748
5002
5334
5439
4020
4636
5288
4082
4061
4810
5708
5973
4663
4191
4802
5291
4138
5778
4056
5543
5007
5074
4669
5436
4094
4431
4334
5906
4155
4564
5604
5707
4645
5528
4582
5106
4440
4114
4728
4024
5681
5184
5463
4993
4946
5810
4830
5132
5836
4836
4433
5822
4494
4078
5773
5016
4143
4573
4749
4908
4169
5437
5733
4518
4082
5938
4066
4300
5425
4940
5926
5814
4228
5012
4613
4588
5734
5126
5861
4171
4482
4566
5924
4264
4629
4153
5843
5537
4555
5354
5425
5991
5595
4525
5373
5047
4588
5774
4372
5914
5676
4589
5927
4958
5748
5350
5079
5325
4614
4730
4567
4729
4785
5421
4019
4205
5528
5407
4354
5971
4187
5668
4739
4399
5994
4014
4481
4889
4196
4663
5884
5164
4726
5846
5479
4868
5737
5014
5023
4750
4947
4999
4353
5200
5270
5978
4389
5975
5626
4194
4108
5630
4122
4196
5692
5340
4341
5809
5226
4168
4644
5676
5088
4205
4475
4832
4033
5172
5205
4424
4709
4944
4019
4145
4017
5185
4930
5831
4493
5126
5407
4380
5355
5540
5872
5281
5437
5577
4520
4331
5555
4820
5003
5666
5296
5255
4696
4362
4311
4689
5349
5907
4510
5164
5726
4346
4673
5893
4291
4151
5144
5710
4421
5197
4933
4191
5098
5929
4087
5900
4763
4716
4257
5956
5671
5390
4777
4219
5100
4031
4274
5980
5692
4114
5472
4559
4258
5544
5520
5701
5017
5534
5168
5991
4375
4164
5234
5583
5573
5232
4962
5905
4970
5799
5709
4077
4276
5567
5410
4009
4331
4420
4366
5251
4655
5453
5430
4172
5200
4637
4936
5074
4287
5651
5955
4615
4675
5825
5798
4303
5590
5159
5025
5194
4975
4198
5250
5727
5595
5704
5139
5286
5225
4185
4405
4580
5670
4405
4043
5184
5768
4239
5594
4573
4978
5389
5575
5248
5493
4433
5220
5024
5286
5476
4344
4411
5204
5358
4481
4460
5874
4861
5512
4968
5929
5685
5163
5495
4482
5347
5739
4574
4504
4413
4582
5454
5301
4300
5629
4881
4734
4294
5400
5504
5546
4582
5608
4767
4937
5516
4044
4757
5026
4754
4501
5973
5925
4503
4657
4911
5978
5666
4073
5354
4352
4216
4405
4217
5309
5066
4302
4395
5375
4983
5271
5457
4413
5376
4144
4323
5022
5972
4737
4950
4420
4857
4250
4440
5482
4475
4620
4116
4666
4525
5016
5211
5723
4330
5250
4572
4064
4798
5568
4781
5472
5947
5314
4260
5912
5368
5447
4323
4930
4835
5319
4665
5549
5268
4618
4160
4478
5521
5681
4214
4732
5256
5997
5847
5792
4539
5977
4763
4244
5573
4891
5577
4722
5361
4273
4354
5153
4569
4031
4378
5402
5469
4393
4266
5076
5242
4317
4773
5793
5654
5032
5999
4240
5465
5166
5553
4192
4382
4414
5756
5989
4466
5351
4193
4427
4656
5051
4712
5009
5207
5734
4213
4804
4107
4637
4291
5477
4034
4344
5862
5834
4785
5393
5964
4984
5379
4638
4885
4006
5206
4502
5611
4297
5695
5144
5876
4860
5926
5844
4976
5561
4061
4492
5578
5388
5080
4369
4849
5332
5057
5635
5253
4236
4543
5705
4493
4730
5405
5958
4347
4610
5379
5875
4265
5522
4868
5309
4758
5087
5914
4709
4184
4192
5962
5536
5613
5246
4374
5329
5454
5749
4029
4225
5509
5494
5696
5978
4734
4679
4783
4361
4737
5803
5101
5242
5856
5992
5174
5092
5169
4771
5159
5435
5568
4667
4065
5763
4819
4603
5345
5117
5920
4718
4958
5421
5613
4836
5752
4957
5682
5567
4639
5574
4990
5664
5016
5936
4848
5813
5654
4914
4171
4795
4984
4114
5209
4311
5620
5040
5629
5974
4135
5998
5370
4068
4622
4938
4515
5337
5801
4936
4142
5847
4923
4335
5836
4304
5888
4374
4945
4249
5911
5372
4441
4755
4630
5410
4572
4453
4414
4285
5480
4589
4331
4519
4532
5215
4410
4684
4099
4963
5757
5415
5456
4892
5702
4211
5139
5652
5196
5857
4868
4427
4389
4415
5154
4225
4971
5697
4793
5971
4075
4228
5569
5947
4171
5133
4526
4954
5167
4997
5929
5714
4283
5886
4266
5561
5977
4578
4246
5872
5303
5100
4432
5157
4219
4250
5431
4638
4378
5672
5711
4650
5864
4282
4287
5496
5839
5369
4535
5596
4931
5152
4802
4605
4989
4841
5999
4450
4059
5071
4923
4942
4154
4980
5712
4877
4271
5308
4731
5591
4780
5566
4035
5459
5946
4657
4007
5295
5489
4743
4309
4566
5762
4773
5313
4964
4412
5566
4675
5615
4812
5653
4149
5178
5968
4531
5434
4843
5337
5278
5765
4120
5619
5184
4821
4505
5295
5024
4585
4746
4062
4490
5948
5923
4806
4987
5975
5293
5814
4328
4004
5015
4089
5479
4394
5346
4848
5636
4127
5680
5111
4524
5410
5458
4505
5176
5259
5626
4292
5702
5960
4406
4988
4232
5156
5630
5161
4805
5123
5006
5208
4331
4522
4391
5690
4854
5581
5613
5058
5279
5831
4228
5820
5976
4120
4832
4248
5889
4755
5376
4077
5798
4865
4049
5265
4022
5422
5543
4558
5670
4620
4535
4983
4053
5962
4696
5436
4638
4985
4147
5131
5118
4821
5296
4509
5600
5356
5781
5428
5543
5380
4715
4519
4559
5197
5315
4980
5756
5112
4903
4062
5918
4587
4415
5973
4338
5392
4673
5624
4552
4609
4373
5832
5721
4444
5786
4802
4288
5829
5086
5535
4039
4558
5191
5989
4638
4561
5375
4073
5152
4310
5405
4487
5809
5494
4255
5873
4542
4066
4370
5988
4239
5262
4105
5831
4628
5929
5782
4526
5730
4979
5499
4648
4337
5403
4464
5209
5896
5115
5793
5177
5777
4496
5715
5690
5686
5590
5304
4932
5370
5529
4972
4052
5986
4530
5768
5407
4005
5530
4533
5396
4276
4693
4628
5625
5622
4914
4522
4119
4186
4572
4300
5760
5239
4250
5914
4113
5433
4393
4678
4869
5333
5549
4903
5172
4282
4452
4436
5651
4203
4319
4551
5137
4963
4572
4539
4377
4114
5374
4603
5965
4949
4261
5714
4223
5783
4148
5788
5756
4479
5096
5114
5406
5039
5327
5791
5789
4506
4174
5028
4155
4818
5822
5297
5049
4768
5788
5777
4132
5085
5645
4814
4487
4053
5512
5857
4693
5831
5174
5109
4103
4536
5297
5032
5985
4065
4878
5539
4566
5436
5999
5224
5669
4848
4067
4202
4004
4823
5854
5581
4259
4318
5193
5533
4159
5634
4416
5577
5814
5373
4776
4408
5185
4171
5351
4076
5057
5815
4055
5181
5154
5088
5138
5437
5800
4630
4375
5503
5792
4031
4001
4538
5757
5249
5714
4241
4128
4231
4343
4576
4491
5470
5784
4754
4861
4972
4495
4529
5708
4535
5895
4403
4006
5957
4279
5606
5950
5675
4031
5046
4149
4451
4152
5780
5328
4947
4884
5950
5917
4237
4720
4042
4737
5995
4813
4776
4033
4481
4982
5142
5710
5774
5165
4929
5006
5978
4805
4220
5924
5673
4838
5016
4840
4940
5220
5173
4844
4021
4426
5673
4721
4466
5565
5238
5771
5204
4915
4285
5107
4909
5604
5993
5449
5249
5116
4030
5425
5553
5442
4837
5315
5065
4726
4120
5353
5451
5150
4030
5577
5591
4757
5543
4057
4454
4579
4946
4572
5716
4034
5115
4228
4690
5537
4182
5424
5967
4467
4792
4661
4208
5410
4704
4335
4974
5734
5297
5975
5818
4920
4575
4626
5210
5816
5696
4975
4298
5007
5541
4806
4037
5789
5203
5099
4171
5354
5853
5112
5942
5790
5982
4222
4394
4434
4509
5137
5067
4766
4251
5280
4740
4536
4159
5402
5029
5596
5641
4973
4215
4194
5286
5063
5568
4153
5563
4397
4608
5211
4640
4017
4277
4975
5664
5423
5145
5008
5338
4410
4917
4633
5994
5339
4333
4091
5582
4646
4939
5806
4219
5373
4572
4600
4621
5661
4322
5647
5183
4511
4638
5966
5717
5417
4411
4218
4788
4858
4809
5951
4019
4892
4904
5525
5919
4422
5564
4818
5788
5501
5581
5387
5927
5246
4674
4920
5134
4369
5907
5536
5172
4438
4958
5777
4507
4397
5407
5238
5258
5790
4022
5824
4405
5625
5520
4010
4978
4318
5366
5534
5676
4000
5478
5147
5922
4776
5630
5484
5098
4166
5291
5078
5257
4055
5742
4793
5498
5257
4656
5844
4171
5484
4739
4295
4768
4812
4630
5084
5749
5598
5449
4944
5760
4333
5929
5571
4859
4330
4034
4870
4921
4656
4527
5463
5995
4457
5303
5245
5218
5515
5737
4384
5538
4597
4776
5201
4515
5354
4202
4663
5914
5262
5286
5900
4907
5302
5668
5423
4177
4555
5767
4260
5954
4117
4802
5487
4411
5863
5990
4835
4807
4759
5156
4199
5597
5470
4069
5981
4977
5858
4071
4606
5118
5207
5381
5380
5520
5215
5586
5530
4058
5205
5861
4370
4539
5497
4772
5589
5299
5151
4996
5498
5163
5772
5235
4039
4847
5048
4302
5012
5210
5423
5504
4956
4028
5158
5775
5822
5838
5532
4192
5982
4326
4194
4299
5243
4761
5606
4958
4287
5003
5215
4437
4269
5942
5645
5133
5404
4343
5790
5734
5470
5187
4959
4374
5827
4869
4471
4009
4549
5383
5480
5138
4866
4655
4955
5964
4488
5839
4315
5999
5664
5250
5277
5739
4902
4216
4910
4349
5042
4759
4375
5192
5318
5917
4058
5532
5444
5225
5815
4068
5047
4980
5931
4661
4926
4446
5362
4652
5501
5277
4468
4821
5569
4708
5880
4295
5919
4357
4432
4010
4840
4213
5441
4793
4461
5266
4020
4830
5052
5230
4914
4552
5391
5147
5316
4788
4960
5588
4790
5731
5868
5837
4482
4767
5733
5250
5231
5334
4702
5426
4505
5526
5685
4653
5431
4401
4917
5229
5814
5130
4958
4214
4824
5021
4118
5552
5509
5763
4241
5470
4916
5519
4448
5534
4244
5674
5343
4769
4570
5642
5574
5834
5927
5395
5687
4499
4477
5452
4177
4640
5669
4623
5866
5754
5357
5931
4917
4673
5710
5621
4738
4884
5839
4917
4473
4494
5763
4648
5531
4410
5077
4675
5322
4016
5541
5997
5702
5574
4601
4210
4699
5461
5470
5568
4661
4682
5009
5110
5131
5537
5059
5613
5877
5414
4242
5006
4628
4415
5366
5184
5233
4564
5159
4945
5796
5912
5352
5348
4639
4579
4649
4171
5287
5463
4164
4709
4541
5175
4685
4387
5397
4953
5496
4526
5645
5454
4635
4078
4628
4418
4139
5372
5959
4206
5595
5536
5673
5050
4000
5909
5248
5860
4023
4333
4149
4848
5583
4583
4084
5498
4663
4998
5025
5682
4367
5447
5475
4645
4946
4240
4559
5766
4466
5061
4279
4900
5834
5471
5105
5442
4589
5525
4044
5870
5784
5106
5710
5195
4179
5781
4459
4833
5553
5121
5549
5590
5353
4676
5116
4232
4371
5018
5970
4016
5942
4794
4362
5343
4713
5263
5444
5764
4846
4017
4673
5853
4316
5303
5091
5459
4820
5577
4749
5497
4453
5525
4154
4417
4289
5467
4600
4725
5500
5931
4017
4030
4384
5314
5445
4828
5622
5689
5310
5664
4473
5696
4122
4574
4408
5577
5480
5113
5309
5631
4344
4769
5989
5147
5607
4521
5485
4673
4866
5167
4256
4193
4140
5748
5413
4645
5415
5073
4291
5188
4535
4892
5125
4215
5572
5305
5731
4582
4208
4653
4482
5081
5892
5765
5046
4440
4745
4662
4710
5051
5644
4420
4414
5430
5357
4141
4000
5802
5826
4481
5308
4541
5814
5608
4968
4127
5955
4784
4425
4013
4913
5246
5019
5442
5281
4228
5898
4785
4741
5688
4207
5952
4356
4489
4883
4089
5076
4252
5825
4057
4391
5213
5456
5083
5144
4877
4901
5569
5472
5784
5096
4156
4896
4269
4801
4979
4245
4171
5222
4283
4591
4859
5476
4814
5542
5363
4457
5657
4320
5754
4342
4622
5244
4983
5088
4177
4135
5731
4430
4541
4364
4774
5371
5854
4389
5314
4674
5368
5242
4824
5174
5725
5403
5295
5593
4742
5004
5481
5827
4227
5469
4729
5152
4895
5946
5940
4537
5860
4574
5553
4552
5880
4901
5598
4806
5320
4944
4649
5723
5693
4780
5479
4852
4837
5935
4280
4024
4146
4630
5659
5257
4682
4517
4835
5544
5964
5612
4034
4516
5748
5096
4115
5180
5529
4054
5390
5996
5469
4954
4636
4924
4064
4653
4739
5047
4573
5016
5580
4264
5476
5959
5839
5563
5555
5037
4013
5977
5839
4913
5772
4455
5925
4880
4019
4941
5568
5223
4724
4737
4825
5059
4215
4751
5724
4669
5720
5338
4840
5760
5796
4141
4243
4636
4772
5183
5701
4204
4628
5054
5909
4977
4972
5627
5202
4818
4060
5874
5067
4569
5433
4610
5230
4559
4996
4486
5819
5661
5997
5416
5244
5547
5723
5696
5424
4923
4331
4264
5323
4469
4575
5621
5858
4819
5872
5290
4210
5337
4633
5734
4387
5163
5842
4390
4497
5035
4874
5616
5376
5771
4324
4343
4321
5080
4744
4360
5761
5914
5054
5231
5519
4349
4878
4217
5669
4176
4196
5017
4468
4309
5188
5833
5145
5909
4812
4095
5665
4444
5422
4324
5101
4766
4567
5226
4305
5703
5442
4909
4114
5348
5274
4780
5575
4435
5533
5812
4340
5110
5983
5195
4256
4971
5761
5382
5397
4691
5636
4480
5128
4518
5204
4872
5941
5952
4719
4681
4960
5454
4506
5281
4070
4767
5304
4306
4367
4944
4437
5296
4367
4645
4178
5356
4305
5253
4429
5148
4204
5722
5890
5030
4487
4105
5978
4416
5834
4923
5881
4185
5512
5257
5788
5044
5155
4358
4000
4973
5294
4739
5043
5284
4324
5329
4337
4846
4276
4732
4082
5651
4443
4547
5258
5043
4553
4607
5810
5036
5607
4813
5537
4571
5811
4113
5646
4131
4655
5055
4951
4533
5798
5332
5332
5954
4172
5793
4330
4031
5363
4379
4426
5250
5042
4125
5470
