4500
5178
5020
4806
5355
5791
5930
4314
4140
4297
4503
4361
4338
5927
5421
5798
5675
5801
5505
4978
4688
5126
5823
4505
5586
5544
4220
5547
5517
5087
4429
4109
5495
5905
4346
4308
4580
4184
4097
4873
4464
4787
4594
4707
4284
5839
4640
4894
4597
5678
5659
4366
4349
4328
5561
5311
5421
4477
4386
4587
4235
4484
4360
5682
5216
5252
5290
5993
4953
4347
4116
5360
5759
4557
4533
4029
4462
4885
4637
5191
4972
4229
4332
4118
4026
4563
4589
5762
5928
4169
5245
5195
5159
4070
5113
4225
4701
4140
5511
4602
5318
5149
5510
4289
4678
5091
4166
5390
4499
4834
4653
4138
4328
4158
4322
4798
4687
4250
4631
4012
5262
4567
5672
4785
5149
5515
5462
4529
5640
4898
5284
5329
5568
5735
4901
4308
5036
5340
4188
5408
5187
5032
5898
4733
5873
5819
4809
4054
5768
4725
4773
4175
4069
4845
5894
5379
4890
5508
5525
4961
4900
4366
5921
4753
5181
5454
4735
4529
5313
4831
4806
5547
4314
4140
5335
4317
5742
5770
4865
4196
4226
5284
5634
4512
5846
4425
4758
5890
5621
5502
4956
4444
5469
4974
4130
5599
4755
4679
5808
5559
5132
4368
4608
4111
5919
4618
4232
4899
4870
5459
5544
4907
4769
5194
5668
4767
5757
5904
4826
4445
5458
5105
4712
4528
5983
4138
5561
4131
5239
4564
4458
4738
5421
4375
5071
5001
5353
4568
5602
5935
4291
5117
5515
4223
4002
4455
5738
5369
5442
4678
5847
4435
4069
5532
4412
4342
4975
4868
4870
4924
4615
4089
5007
4842
5232
5710
4672
4599
5830
4033
5181
5486
5476
5487
5691
5472
5158
5472
5524
5555
4813
5179
5424
4449
4486
5538
4849
5486
4773
5726
5773
4989
5079
4974
4800
5962
4200
4177
4945
5738
4052
5369
4798
5038
4755
4536
5264
5672
5346
4824
5965
4334
5979
5660
4359
5661
5676
4285
4173
5136
4088
4138
4732
4523
4100
4262
5571
5650
5073
5763
5116
5449
5693
5488
4990
5538
5274
5249
4840
5517
4696
4580
4660
4350
4330
4864
4352
4419
5956
5528
5850
5155
4712
5650
5016
5371
4387
5158
5542
4695
4209
5147
5098
5835
4572
4042
4456
5500
4603
4029
4277
5165
5377
5993
4614
5804
5769
5460
5461
4935
5447
5873
4009
4905
4963
5691
5798
5212
5051
4285
5281
4174
5077
4986
4776
5285
5139
4102
4182
5685
4637
5066
4403
5170
4892
4444
4593
4311
5943
4937
5347
4487
5081
4056
4247
4719
5486
4292
5386
4595
5889
4706
5553
5419
5409
5280
4979
5486
5089
5792
5958
5381
5290
4313
4503
4066
5956
4324
4948
5438
5532
4693
5276
5464
5849
5451
4215
4289
4116
5177
4414
4920
4787
5972
4594
5352
5200
4040
5859
4958
4996
5781
5516
5493
5473
4235
4393
5479
5654
5374
5451
5135
5176
4054
4847
4567
5587
4850
5678
4060
5291
5533
4777
5645
4829
4725
5305
4257
4741
4155
5307
4282
4628
5750
5694
4473
4690
5084
5821
4378
4029
5320
5603
5055
4481
5462
4608
5455
4411
5847
5873
4677
4530
5750
5184
5426
4040
5245
4006
4104
4965
5413
4390
5175
4194
5552
5595
5719
5002
4028
5438
5357
5762
4192
4506
4344
4359
4212
5169
5611
5965
4647
4609
4990
5002
5191
5816
4761
4679
4108
5698
5598
4017
4540
5286
5155
4186
4023
4297
4259
4367
5077
4963
5895
4918
5723
4664
4182
5621
5765
5574
4719
4882
5309
5774
4871
5530
5881
4340
5711
5349
5773
5292
4003
5876
4900
4580
4769
5969
5839
5992
5476
5677
5108
4262
4297
5625
4340
5463
4064
5933
4021
5531
5532
5959
4797
4482
4164
4449
5288
5532
5944
4049
4267
5713
5949
5063
4559
5156
4987
5832
5966
4477
5136
4322
5625
5729
5457
5833
4280
5597
4000
4533
4910
5978
4066
4003
4631
5496
4555
4622
4732
5673
4182
5684
5677
4961
5463
5889
4387
5183
5239
5665
4010
4103
4645
5258
4344
4171
5092
4562
5762
5040
5134
5716
5336
4783
5476
5820
4801
4512
5332
4723
4640
4354
5227
5379
4567
4960
5383
5810
5443
4763
5663
4149
5545
4474
5272
5460
5068
4086
4509
4949
4790
4245
5205
5298
4121
5532
4517
4016
5891
4056
5287
4122
4564
5834
4100
5894
4368
5626
5044
5631
4818
4352
5195
5696
4956
4057
4567
4498
4873
4391
4597
4148
4714
5736
5585
5445
4446
4288
5835
5408
5521
4382
4165
4151
4524
5759
4689
5220
4734
4673
5749
5180
4408
5986
4359
4018
5347
4476
5529
4312
4684
4307
5715
4615
4649
5918
4041
4141
5598
4751
5587
4900
5870
5432
4719
5462
4215
5009
4781
4657
5455
4573
4496
4614
4380
4978
4554
4044
4093
4923
4579
4270
5582
5698
5617
5860
4641
4511
4424
5313
5831
5996
4361
4260
4128
5791
4654
5304
4038
5576
5817
4214
4995
5783
5061
5331
5295
5984
4411
5873
5040
4026
4059
4870
5256
5409
4769
4284
4768
4393
5345
5803
5985
5573
5272
4634
4076
5871
5501
5852
5009
4097
4778
4452
5202
5885
5135
4756
5405
5875
5742
5266
5678
4186
4783
4095
5153
4826
4294
4823
5268
4138
5686
4050
4308
4609
5655
4762
5342
5442
4851
4252
5089
4860
5739
4374
4322
4320
5303
4720
5766
4738
5598
5510
5353
4776
5934
4588
4424
5053
5134
5954
5357
5173
4974
5314
5539
4890
5222
4393
5141
5341
5972
4176
5983
4070
4247
5984
4458
5248
5842
5409
4944
5810
4726
4018
4002
5017
4285
5437
4554
4889
4204
4085
5888
4529
5668
4541
4076
4547
5225
4483
4565
5625
4197
5342
5395
4773
4736
5977
4229
4495
5225
5740
4713
5273
4767
4246
5355
5338
5223
5352
5058
5882
4655
4296
5727
5037
5114
5458
4514
5473
4692
5396
4919
5551
5304
4641
4131
5419
4773
5559
4124
5359
4220
4052
5043
5153
5239
5878
5709
4416
5509
4921
4019
5614
5732
5715
4938
4437
4517
5386
4448
4431
4981
5116
4054
4272
4043
5372
5252
4501
4854
5296
4255
4834
5143
5470
4643
4121
4118
4331
5451
5410
4180
4120
4680
4641
4038
4969
5546
4344
4263
4299
5741
5486
4086
4938
4065
4239
5262
5249
4872
4697
5313
4335
5538
4474
4236
5864
4793
5220
4813
5840
4196
5450
4575
4003
4861
5508
4281
4811
4313
5880
4813
4609
4974
4771
5733
4041
5239
5630
4716
5630
4574
4315
5258
4818
5490
4565
4071
4588
4587
4295
4228
4510
5198
4631
5549
4100
5149
4093
4560
4037
5307
4390
4093
4965
4817
5146
5762
4430
4612
4649
4692
4882
4745
4976
4342
4166
4778
5059
4363
5187
5538
4293
5032
4646
5740
5342
4236
5944
4549
5204
5530
4334
5616
4611
4713
4979
5456
4104
4759
4775
4033
5740
4147
4213
5213
4171
5602
4238
5007
4233
4509
5120
4259
4326
5061
4117
5862
5661
4114
5359
4210
5406
4988
5558
4273
4169
5140
5187
4277
4997
4537
5374
5355
4534
4282
4354
4859
4995
5439
5505
5926
4828
4988
4395
5152
4863
5596
4856
4716
4987
4793
5802
5317
5604
5857
5982
4918
5320
4500
5577
5502
4674
5449
5212
4364
4449
4413
4844
5360
4381
4494
5753
4743
5317
4449
4446
4236
4349
4602
5220
4550
5929
5500
4442
4077
5981
5798
4492
4604
4973
5430
5738
5007
5135
5426
4025
4612
5208
4254
4167
5526
5807
5526
5591
5852
5291
5319
4771
5552
4021
5443
4940
5729
4407
5640
5892
4047
4906
4154
4171
4926
5723
4033
5368
5463
4355
4177
4520
4989
4233
4600
4231
5908
4055
5454
5984
4248
4522
4671
4211
4989
4753
4410
4878
4936
5850
4873
4399
5561
5758
5423
4636
5480
4617
4293
5525
5800
5322
4872
4741
4504
4363
4124
5466
4225
4478
5411
4781
4111
5518
4194
5446
5807
4310
5082
5241
5453
5055
5099
4512
5994
5026
4522
5445
5771
4386
4903
4652
5599
4015
4915
5306
4879
4251
5902
4108
5426
4258
4272
5640
5248
5436
4404
4431
5207
4659
5510
4885
5858
4344
5894
4023
5242
5534
4419
5267
4743
4534
5579
5334
5465
5944
5936
5628
5872
4619
5221
4817
4644
5428
4205
4663
5688
5748
5649
5181
5615
5559
5537
4444
4810
4349
5179
4412
5580
5020
5743
4434
5443
5739
4767
4522
4036
4833
5463
5017
5397
4411
4143
5703
5364
4331
4976
4068
5060
4808
4788
4758
5199
4610
5860
5207
4664
4189
5056
4412
5018
5932
4937
5308
5607
5629
4737
5120
5028
5416
4682
4507
4040
4105
5707
5901
5352
5796
5969
5923
4657
5749
5339
4323
5507
4081
4843
5042
5662
4496
4403
4456
4906
5430
4670
5285
5120
5494
5967
5458
4520
4479
4283
5287
4892
5654
4193
5906
5603
4623
4716
4706
5156
5726
4473
5621
5897
4363
4294
5470
5861
5998
5898
5106
4253
4053
5453
4883
5219
4811
5974
4008
4350
4816
4102
4481
5637
4861
4730
5313
4353
4790
5838
4759
5726
4266
4903
4662
4815
4535
5077
5149
4095
4211
4653
4209
4761
5163
4026
5749
4250
5771
4510
4117
5668
5429
5299
5085
4301
4649
5151
5486
4564
4388
4650
4627
5640
5159
5878
5531
5649
4611
4941
5329
4837
4099
4259
4597
4272
4839
5128
5270
5314
4080
5495
4850
5614
4663
5510
5070
4020
5859
4229
5212
5017
5551
5596
4908
5681
5863
4381
5898
4608
4949
4885
5117
4002
4704
4523
5259
4557
4446
5448
5466
5039
5287
4250
4724
5439
5425
4052
5979
4041
4786
4747
4114
5061
5987
5898
5244
5591
4368
4003
5286
5729
4194
5057
5520
4854
5662
4618
5458
4891
5775
4917
5966
5582
5663
5410
4439
5765
4818
4325
5270
4893
4956
5974
5059
5554
4858
5657
5367
4109
5252
5661
4356
4868
4573
4730
5237
4965
4251
5917
5703
5244
5851
4869
4560
4194
5739
5900
5422
5283
4712
4588
4639
4447
4208
5869
4188
4313
5516
4460
4443
4113
5523
5550
5246
4100
5727
5820
4429
4873
4528
5986
5751
4940
4008
5279
5592
4639
5276
4560
5032
4865
4962
4125
4185
4672
4654
5739
5685
5108
4242
4738
4824
5709
5609
5166
4757
5647
4748
4042
5794
5338
5406
4923
4218
4840
4447
5325
5834
5882
4940
4477
5189
4417
5683
4252
4405
5695
4861
4574
4431
5040
5349
5234
4908
4068
5511
5264
4693
5840
4511
4334
4923
4602
4227
5769
4288
5585
4839
5593
4669
5489
5415
4178
4454
5782
4735
5557
4590
5043
4859
5560
4263
5576
5926
4499
5864
5581
5897
4567
4336
4014
4487
4099
5090
4148
5446
5376
4547
5991
5033
5758
5252
5923
4142
4175
5856
5658
4060
4730
5977
5098
4732
5209
4635
4359
4632
4898
4460
4641
5444
4557
4098
5759
4130
4600
5920
4736
5464
4066
4171
5005
5812
4154
4784
5491
4358
5630
5329
4049
4096
5154
5492
4308
4316
4000
4485
4881
5349
4958
4911
5950
4757
5802
5932
4162
4289
4720
4608
5235
4289
4841
5268
4744
5656
5153
5983
4226
5145
4218
4364
4337
5755
5895
5605
5933
5684
4576
4335
5747
5260
4850
4921
4001
5481
4701
4038
5168
4179
4884
5972
4806
4708
5833
4298
5363
5501
4800
5146
5984
4971
5865
4427
5513
4344
5476
5985
4034
5501
5261
5998
4446
4045
4938
4220
5948
5174
4183
4248
4589
4856
5103
4643
4405
4229
5666
5462
4993
5985
4921
5726
5884
5965
4966
5345
5315
4591
4644
4370
5669
4419
4440
5734
4066
4192
4581
5089
5235
4699
5305
5893
4153
4786
4512
4402
5782
4316
4145
5258
5842
4575
4574
5476
4100
5674
4073
4875
5015
5492
4633
5196
4883
4456
4826
4328
5386
5233
5860
4022
4862
4464
5099
4103
5973
5897
4822
4281
5283
4886
4166
4153
4271
5039
5355
4250
4523
4339
5152
4854
4160
5785
4038
5917
5028
4836
4611
5058
4829
5198
5998
4440
5509
4360
4796
4609
4338
5440
5240
5922
5410
4734
5105
5203
5325
4741
4437
4457
5079
5222
5249
4859
5729
4777
4417
5981
5358
5187
5443
4693
4412
4120
5364
5852
5731
4099
4874
5821
4570
4089
4655
5222
5827
5689
5081
5823
4102
5120
5559
5903
5179
4229
4047
5580
4379
4203
5721
5122
5193
5003
5131
5420
4839
5724
5246
4803
5729
5857
5080
4492
4144
4573
5182
4142
5110
4432
5938
4465
4831
5088
4909
5392
4321
4646
5144
5545
5668
5121
4403
4588
5868
4130
4592
4686
5222
4225
4798
5822
5958
5859
5914
4144
4703
4832
5416
5265
4337
5684
5890
5704
4921
4396
5617
4300
4201
5985
5587
4342
5272
5140
5885
4298
4711
5991
5206
5149
4889
5531
5477
4650
5513
4286
4819
5548
5337
5588
5103
4677
4333
5035
5774
4871
5709
5538
4058
4221
4681
5522
4707
4872
5296
5556
5446
5224
4800
4424
5872
4335
4897
4588
4369
4623
4172
4171
5455
5632
4722
4098
5368
5535
5730
5491
5650
5901
5790
5449
4834
5693
4742
5735
4352
5905
4133
4868
4939
5565
5549
5675
5869
5421
5519
5634
5470
4249
5969
4596
5519
4318
5599
4823
4773
4501
5794
5692
4408
5286
5629
4701
4134
4146
5470
4101
5975
5877
5467
5876
4540
5257
4730
5711
5060
5095
4246
4995
5145
5704
4561
4418
4062
5434
5890
5123
5246
4278
5836
4753
5368
4748
4941
4187
4032
4646
4718
4422
4464
5288
4838
4081
4532
4450
5668
4122
4423
5482
4938
5907
4694
4154
4152
4901
4555
5459
5854
5414
4635
4165
4326
5600
4043
5019
4533
4433
4327
4485
4128
4433
5203
4599
4181
4801
4853
5874
4122
5861
4426
4504
4665
4330
5229
4471
5339
5129
5228
4988
4082
4868
5709
5730
4464
5081
5634
4373
4798
4256
4630
5271
5407
4266
5380
4097
5190
5979
5414
4359
4897
5074
4598
5532
5398
5320
4700
5725
4879
4741
4843
4174
4395
5480
5101
4816
4646
5576
5552
5849
4761
4523
5729
4816
4895
5733
5379
4319
5478
4150
5787
5163
4445
4110
5154
5329
4792
4225
4781
4739
4290
4190
5445
5707
4315
4969
5139
5462
5996
5849
4584
4907
4640
4174
4696
5644
4206
4544
5535
4817
4065
5687
4990
5196
4378
4586
4754
5239
4262
5525
5960
4149
5870
4208
5733
4220
4987
5178
4012
4383
5956
4192
4415
5925
4504
5480
4428
5609
5319
5214
4973
4467
5809
4221
4010
4050
4775
5957
5963
5472
4648
5997
4152
5175
4088
4067
4464
4172
4811
4830
5161
5822
4568
4232
5683
5507
4707
4868
4078
4785
5859
5259
4502
4454
5066
4332
5453
5304
4318
4454
5142
5072
4696
5883
4828
4650
5567
4658
4217
5898
4005
4944
5239
5118
5104
5874
4823
5465
4778
5304
4685
4373
4753
5494
4245
4270
4702
5597
4411
4278
5533
5056
4973
5583
4832
4610
4685
5655
5944
5867
5934
4202
5187
4442
4470
5986
4709
5313
4190
5728
4009
4356
5968
4273
4724
4312
5112
5741
5916
5097
4974
4012
5312
5922
5015
4551
4081
5090
4898
5895
5676
5690
4292
4541
4543
4609
5740
5374
4394
4729
4573
4528
5850
4935
4514
4748
5367
4242
5129
5193
5382
4801
5198
5264
5194
4304
5342
4803
4124
5594
4657
4035
5012
4629
4921
5554
5682
5710
5516
5885
5933
4215
4330
5448
5806
4524
4401
5918
5011
4279
4736
4896
5839
4425
5398
4084
5678
4576
4106
5210
5316
5550
4446
5724
4801
4239
5504
5239
5651
5848
5991
4805
4710
4112
4489
5458
4885
4803
4818
5712
4617
4909
5619
4209
5250
4900
5860
4531
5454
5577
5920
4316
5756
5623
5494
4140
5447
4493
5573
4699
5007
5953
5390
4959
4490
4884
5236
5390
4002
4050
4413
4333
5352
5014
5502
4995
4423
5289
4234
5756
5025
5678
5743
5411
5410
4982
5483
4568
4464
4567
4584
5681
5620
4205
4394
5335
4018
5080
4523
5069
5235
4689
5351
4277
4108
5306
5259
4741
5261
4772
5484
4581
5858
4934
4282
5292
4304
4578
5290
4732
4682
5120
4770
5162
5232
4029
4026
5731
4915
4101
5454
5557
4390
5970
4040
4849
4162
5404
5510
4641
5132
5776
5044
4308
5078
5730
5922
4164
5736
4505
5605
4211
4562
4968
4826
4228
5498
5083
5337
4741
5137
4754
5163
4727
4584
4713
5226
4737
4466
4921
4236
4401
4398
4786
5112
5219
4910
4635
4404
5923
4366
4481
5099
5503
4571
5239
5035
5338
4902
4413
5356
4752
5543
5525
5763
5547
4700
5692
5571
5756
5509
4655
5355
5820
5796
5749
4646
4840
5970
5421
5110
5963
5457
4355
4128
5951
5189
5878
5465
4039
4676
4735
4217
5958
5954
4906
4714
4252
5662
5415
4122
5661
5106
5003
4294
4091
4204
5450
5159
4994
5325
4005
5020
4085
4657
4018
5059
4985
5147
5981
4809
5864
4068
4261
5363
5567
4449
5568
5784
5644
4051
5294
4136
4534
4840
5656
4068
5579
4082
5618
5899
5080
4110
4676
5566
5398
5006
4900
4611
5245
5986
5043
4872
5695
5063
5364
4076
4794
5406
5721
4745
5872
5306
5058
4452
5974
5145
4041
5713
5989
4144
4433
4914
4854
5191
5022
4246
5527
4691
5695
5506
4681
4887
4699
4751
5439
4216
5850
5339
5017
4544
4620
4976
4735
4456
5641
5002
4617
4215
4448
5520
4955
4812
5289
4166
5810
5580
5384
5036
5790
4416
4974
5720
4564
4185
4724
4430
4131
5784
4465
5302
4716
4069
4736
5976
4441
5134
5446
5895
4473
5089
5954
4328
5631
5265
4597
5168
4789
5797
4325
4257
4263
5215
5927
5034
5643
5045
5734
4709
5051
4833
4201
4843
5054
4738
5261
5192
5796
5979
4555
5086
4394
5139
4393
5834
4657
4243
4705
5120
4924
5246
4300
4210
4998
4574
4163
5610
4796
4540
5888
4969
5229
5451
5435
4978
5144
5747
4605
4750
5757
4022
5724
5417
5580
4329
4993
5644
4029
4444
5019
5085
4871
4330
5678
5077
4568
4115
4502
4820
4314
5047
4704
5267
4594
4994
5391
5146
5323
5735
4546
4965
5434
5457
5407
5963
4114
5761
5762
5709
4132
5656
4154
5412
5959
5363
4459
4755
4288
4207
5633
5314
4042
5648
4641
5101
4831
5518
5064
5857
5963
4925
4558
5179
4714
5043
4823
4361
4085
4063
4165
4512
4383
5541
4644
5102
5326
5428
5383
5519
5091
5665
4673
5666
4209
5361
5537
4059
4496
4871
4186
4468
4483
4078
5155
4829
5477
4795
5677
4120
5109
4930
4660
5198
4655
5543
5452
5192
4541
5009
5369
4406
5270
5834
5169
5885
4435
4634
5629
5273
4364
5314
4547
5967
4863
4920
4578
5893
4557
5749
4765
5827
5111
4377
4189
5833
5411
5761
4713
4753
5892
5933
4711
5113
4587
4952
5681
4846
5272
5314
4151
4658
4019
4341
5890
4728
4607
4316
4412
4891
4425
5950
5575
4417
5615
4972
5113
4600
5016
5178
4828
4817
4710
5604
4353
4670
4233
4614
4565
4110
5168
4545
4238
5097
5408
5042
4680
4578
4036
5416
4492
4719
5687
4248
5458
4160
4665
4541
5168
4526
5045
5666
5731
4935
5452
4365
4304
5243
5374
5485
5539
5696
4596
5621
4932
4994
4447
5803
5919
4076
5731
5452
4113
4655
5314
4061
5450
5642
5577
5512
4859
5299
4287
5079
4748
4788
5472
5448
4068
4344
5199
4839
5714
5683
4367
4424
4745
5972
4842
5276
4761
5636
5777
4758
5115
4315
5845
5475
4229
5321
5958
4711
4892
4944
4892
4350
4292
5256
5307
5028
4255
5731
5013
4452
4355
4441
4189
4687
5814
4331
4318
5587
4640
4237
5873
5599
5950
5228
5645
5286
5248
5675
5129
4409
4103
5555
5685
4439
4345
4462
5462
4132
5283
5831
4269
4782
5351
5415
4647
4371
5521
5488
5435
5566
5967
5301
4129
4666
5450
5001
4447
4321
4994
5732
5828
5792
4847
4326
4017
5911
5958
4569
5699
4285
4146
5614
5869
4238
4349
4187
4680
4766
4221
5313
4289
4500
5516
5245
5388
4373
4022
4340
4720
5386
4244
4917
4597
4873
4375
4921
4775
5282
4444
5648
5113
4352
4560
5751
4915
5324
5784
4548
4119
5975
5125
4710
4140
5483
5298
4523
4296
4871
5776
5804
4644
4558
4858
4672
5089
4414
5301
4029
4998
5124
4674
4001
4180
5220
5145
5199
4918
5713
5327
4223
5141
4942
4926
5448
4440
4958
4116
4791
5826
4151
4536
4817
5047
5353
5809
4669
5027
5589
5368
4632
4138
5364
4763
4665
5808
4124
5084
5417
5347
4463
5657
4151
4409
4811
4056
5191
5540
5914
4082
4251
4463
4476
4704
5884
5679
4917
4218
4478
4203
4925
4271
4277
5640
4469
5364
5962
4153
4291
4711
5294
5862
5864
4872
4524
5849
5419
5222
5294
4719
4732
4848
5496
4874
4340
5193
5264
4389
4592
4550
5124
5487
5787
4524
5603
4716
4741
5490
5449
5354
5398
5631
4612
4840
5700
4362
4707
5553
4296
4522
4022
5182
4702
4169
5647
4627
5689
4303
4783
5066
4357
5297
4591
4313
4238
4897
4222
5624
5938
5589
5802
5107
4156
4104
5846
4136
5694
4686
4638
4617
5134
5032
4642
4998
5054
5083
5345
4668
5088
5951
5962
5233
5018
5120
5957
4913
5866
5787
4160
5736
4419
5103
5708
5445
4084
4707
5132
5795
4064
5016
5189
5462
4292
5742
5618
5124
5193
4559
4461
5015
4688
5325
4920
5840
5859
4951
5305
5083
5347
4144
5533
5900
5270
4955
4181
5046
4623
5178
5957
4233
4236
4422
4171
5144
5533
4499
5061
5483
4660
5946
4009
5312
4338
5605
5835
4350
4577
5758
4555
5838
5264
5735
5116
4552
5541
4217
5341
5347
4973
5416
5261
5809
5310
5162
4874
4696
4454
5296
5862
4200
4372
5723
4254
4724
5750
5752
4181
5553
4901
5730
4553
4828
4154
4323
5488
5327
5518
4579
5823
4906
5562
5244
5131
4897
4064
5834
4117
5087
5701
5594
5930
5735
5867
5494
5105
4920
4751
4290
5529
5294
5301
5426
4063
5275
5667
5586
5234
4719
4085
5969
4605
5277
4695
4760
4595
4370
4357
5323
5178
5236
4336
4021
5722
4993
5716
4357
5038
5373
5664
5862
5343
4366
5341
5910
4023
4144
4159
5741
5247
5200
4861
5934
5529
5038
4871
4721
4771
5848
5815
5862
4532
4509
5956
5176
4093
4271
5853
4808
4377
4661
5876
5318
5334
5302
4238
4540
4644
4923
5665
5457
4108
4740
4589
5632
4627
4584
5877
4597
4507
4484
5898
5839
5746
5121
5038
5732
4190
4700
4973
4490
5375
5962
4227
4706
5235
4003
5930
4547
4816
5711
4887
4274
5304
5771
4857
4395
5224
5633
4043
4115
5654
4309
5425
5138
4985
4830
5200
4691
5228
4102
4890
4737
5641
4220
5559
5284
4404
5946
5915
5422
5096
5467
4853
5319
4015
4533
4686
4530
5831
4658
5549
5477
4982
5531
5113
4803
5965
4439
4068
4977
5927
5139
4620
5516
4586
4794
4833
4795
5653
5085
5224
5936
5208
5020
5887
5530
4828
5579
4666
4891
5305
5944
5783
5127
5709
5239
4489
4336
4238
4889
4298
4032
5575
5524
5323
4831
5254
4332
4691
4478
4219
4096
5924
4102
4986
4723
4037
4164
4847
4027
4087
4747
4347
4610
5700
5908
5069
5848
5664
5270
4186
4493
4891
4037
4993
5355
5004
4591
5339
4228
4516
5281
5315
4294
4212
4498
4798
4505
5383
4984
4563
4778
4957
5225
4113
5755
4200
5886
5384
5073
5191
4435
4958
5655
4562
4164
4937
5656
5650
4193
4137
4659
4825
5023
4306
5160
4270
4437
4372
4665
4838
4395
5784
4157
4789
4949
5899
4915
5968
4624
4230
4059
4293
5729
5874
5610
5281
4779
4560
5583
4569
5616
5751
5336
4488
5553
5655
5011
4917
5624
4483
4203
5874
4180
4258
4528
4138
5289
5570
4898
4255
5751
4048
5151
4416
4864
5947
5438
4943
5880
4741
5207
5734
4448
5011
4748
5873
5389
5382
4799
4104
5778
4555
5862
5061
4322
5726
5879
4729
4939
5195
5095
4124
5043
5843
4829
4003
4038
4791
4438
4377
4723
4715
4001
5106
4605
5517
4794
4716
4528
5824
5593
4066
4436
4681
5266
5230
4972
5792
4516
5876
4715
4525
5217
5982
4127
5551
4999
4493
5178
4320
4132
5976
4360
4916
5454
4171
4794
5478
4887
4730
5006
4062
5526
5044
5741
4383
5847
4188
4177
5766
4682
5671
4291
4437
4097
4495
4051
5419
5037
5510
5840
4206
4788
4535
5715
4452
4157
5552
5253
4663
5538
4893
5081
5936
5807
4627
4343
5659
4344
5283
4479
5117
5527
5395
4649
5965
5794
4883
4457
5571
4241
5108
4788
4306
4437
5462
5624
4360
5568
4901
4455
4958
4022
4774
4183
4861
5974
4589
4032
4730
5377
5396
4973
5610
4629
5052
5590
4275
5404
5537
4124
4872
5311
5963
4616
4155
4067
5712
4629
5271
5191
5534
5618
5515
5259
4541
5495
5081
5816
5677
4070
5886
4919
4486
5848
4581
4061
5238
4418
4277
4846
5704
4256
5205
4866
5542
4607
5924
4339
4541
5522
4017
5666
4442
4196
4372
4512
4825
5283
5227
5048
4213
5686
5565
4197
4306
5851
4064
4093
4111
4030
5533
5713
5689
5980
4064
4845
4259
4437
5811
4546
5361
4483
5071
4104
4500
5001
5756
4294
4443
5031
4978
4557
4820
4641
4946
4955
4732
5563
4312
5714
5529
4945
5280
5039
4077
5499
5794
5264
4067
5574
5200
4649
4664
4426
4231
4528
4015
5544
4933
4796
4366
4106
5612
4338
4427
5406
4719
5698
5929
4264
4587
5649
4352
5708
5929
4811
5899
5269
4381
5149
5201
4553
4142
5902
5510
4121
4113
5927
5911
5588
4136
5209
4743
5518
4108
4527
5891
4059
5867
5048
4541
5007
5023
4530
4893
5476
4800
5228
4678
5134
5597
5035
5533
4930
4267
5200
5656
5784
4170
4458
5153
4695
4004
4685
4692
4874
4856
4379
5739
4634
4598
5183
4633
5969
4134
4139
4333
4558
5633
4965
4430
5410
5501
4475
5952
4627
5389
5614
5095
5995
4278
5005
5096
4344
5979
4763
5299
5584
5856
5822
4164
4464
4779
4710
4975
4358
5932
5779
4780
4188
4074
5653
4582
5249
5665
4724
5209
5338
4769
5927
4402
5604
5982
5354
5584
5037
5137
5619
4624
5445
4122
5710
4332
5636
4853
5030
4501
5392
4251
4426
5787
4973
5412
4590
4822
5963
5936
5892
4669
4551
4352
5660
5621
5217
4395
4734
5640
4557
4732
4272
5129
4037
5375
4817
4377
5699
5618
5119
4574
5421
5412
4684
4826
4114
4472
4960
5677
4379
5876
4134
5557
4809
5421
4111
4979
5832
4057
4748
5204
5090
5199
4764
5559
4499
4195
5483
5415
4482
4339
5285
4116
5930
5178
5564
5432
5630
5155
4692
4570
4042
4522
5849
4612
5029
5963
4395
4532
5852
4221
4212
4133
4579
5148
4308
5630
5879
5092
4614
4652
4900
4333
5591
4549
5258
5793
4457
5940
4050
5411
5612
4152
5884
4368
4500
5044
4423
5686
4400
5681
4053
4633
5507
4506
4860
5421
4798
5431
4585
4769
5754
4071
5461
5899
5760
4665
5763
5109
4149
5896
5511
4512
4017
4546
4838
5712
4817
5407
4879
5152
4219
5911
4387
4204
5849
4538
5931
4224
5179
4518
5034
4617
4416
4393
5324
4683
5789
4401
4628
5321
4213
4617
4441
5749
4630
4107
4924
4810
4211
5386
4293
5486
4708
4886
4713
4354
4342
5868
5956
4317
5118
4104
4252
5672
5698
5453
5594
5299
5158
