4500
5040
4297
5885
5952
5340
5587
5384
4041
4112
5915
4709
4714
5005
4235
5229
4030
5653
5057
4207
5917
5299
5040
4023
4428
4131
5302
5650
4860
5314
4899
4321
4041
5645
4868
4368
5885
5953
5832
5659
5136
4858
4563
4351
5283
4687
5973
5629
4640
4249
4424
4344
5775
4411
5695
4445
4090
4897
4003
4915
5520
4678
5612
4637
5578
4840
4213
4457
4315
4557
5747
5774
5315
4395
4440
4770
4971
5687
5263
5640
4131
4283
4560
4878
5139
5605
4720
4232
5755
5302
5515
5579
5072
5741
4487
4728
5089
4268
5055
5006
5404
5342
4546
5167
4198
5682
5810
4335
5391
5149
4512
4146
4927
4318
4326
5092
5738
5922
5117
4209
5241
4446
4084
5420
5564
5266
5040
4245
4631
4699
4858
5972
5412
5219
4793
4973
4140
4140
4153
4945
5033
5368
5654
5581
5499
5378
4914
4011
5944
4396
4407
5758
4207
4080
5443
4060
5188
5182
4690
5060
5233
4819
4746
5891
5510
5548
5154
5662
4802
5371
4450
4770
4055
5851
4063
5890
5346
4457
5260
4153
5153
5587
4221
5517
4831
4200
5024
5158
4064
4333
4623
5883
4165
4620
5636
5843
5364
4090
4058
4229
4636
4558
5730
5390
4380
5953
4512
4576
4271
4337
5871
4832
4199
5942
5248
5806
5010
5706
5610
4527
4162
5270
4587
5791
4144
5348
5549
5601
4017
4050
5558
4773
4671
5806
5402
5970
5102
4185
5223
5631
5323
4014
5009
5380
5547
5966
5609
5881
5502
4956
4314
5020
5253
4969
5357
5805
4620
4670
4895
5094
4668
4723
5587
4407
4970
4456
5404
5689
4327
4979
4906
5587
5805
5898
4754
5979
5173
5272
4137
4281
5366
5073
5679
5762
4675
5165
5090
5259
5148
4689
4006
4673
5917
4916
4384
5634
5255
5120
5999
4548
5852
4230
4157
5407
4377
4760
4730
5246
4703
5633
5309
5076
4847
5540
4564
5531
4540
4994
4219
4507
5477
5356
4783
5106
5598
5637
4282
4340
4420
4382
5439
5274
5869
4239
4143
4183
5619
5552
4328
5656
5376
4271
4995
5064
4674
5282
5999
4523
4943
4656
4396
5367
5879
4575
5668
5790
4212
5743
4783
5298
4797
4611
4564
4792
5637
5818
4874
5645
4471
5466
4391
4742
5196
4837
5403
4718
5055
5024
4325
4135
4555
4618
4577
4912
4742
5762
5420
4599
5807
4073
4653
5517
5980
5476
5385
4526
5315
5139
5149
4098
5084
4510
4836
4057
5144
4608
5349
5903
4917
4169
5408
5809
4098
5408
4633
4698
4802
4929
4286
4330
5777
5627
5262
4133
4430
5272
4089
4041
5026
4805
5704
5644
4906
4479
5663
5728
5343
4961
4451
5942
4089
4691
5329
5547
4323
5878
4096
4688
4010
4915
4257
4076
5258
5797
4902
5077
5730
5286
5822
4359
4137
5989
4546
5494
4875
4431
4161
4504
5089
5556
4044
5410
5714
5093
5858
4893
4023
4858
4799
5904
5804
5513
4030
4523
5382
4016
4975
4803
4097
4210
5304
5831
4470
5591
5338
4279
5831
4276
4892
5545
4152
4084
5802
4598
5691
4313
5449
4351
4126
4519
4520
4169
4614
4951
4776
5771
4684
5406
4022
5752
4228
4247
4376
4822
4563
5492
5945
4285
5393
4991
4679
4810
4408
4773
4745
5189
5654
4933
4042
5212
5212
4381
5847
5328
4492
5332
5088
5345
5180
4303
4104
4321
4946
4698
5784
5848
5652
5876
4189
5292
5531
5064
4316
5581
4218
5496
5923
4654
5893
5141
5743
4817
5177
5980
5057
4140
4459
5478
5451
4388
5286
5434
4781
5934
4518
5375
5511
4907
5392
4675
4153
5422
5678
4910
4338
4362
5859
4161
4337
5875
4092
4265
4463
5490
5174
5822
4332
5748
4542
4879
5928
4370
4869
5349
5409
5964
4338
4941
5839
4678
5401
4681
5329
5757
5583
5625
5842
5424
5464
4598
4818
4048
5072
4058
5200
5820
5013
5837
4137
4774
4422
4268
5877
4658
5965
4717
5716
5255
5240
5407
5691
5824
5005
4554
5033
5489
5232
4765
4943
5418
5522
4308
4415
4986
4486
4636
5984
5164
4843
4032
5419
4288
5009
4955
5873
5299
5419
5580
4733
4980
5835
4233
5695
4565
4307
5507
4684
5675
5411
4904
5049
5193
4966
4243
5251
5750
4620
4568
4705
5669
4723
4212
4648
4510
4048
5953
4143
5076
4801
4733
4295
4784
4909
4544
5414
5852
5429
5198
4078
5393
5885
5406
4579
4396
5186
4261
4478
5045
4798
4645
4654
4595
5923
4359
4032
4514
5301
4922
5706
5048
4055
5509
4818
5114
4567
5203
5118
4440
4721
4272
4684
4434
5336
4818
4749
5348
5458
4924
4493
5558
5017
5611
4804
4820
5159
4469
4238
5716
4950
5776
5438
5121
4444
4874
4846
4919
5664
4877
5812
4371
4226
5632
5589
5727
4274
5392
5333
4585
5990
5538
5360
5559
4969
5879
5989
4246
5764
5250
4620
4522
4914
4694
5546
4899
4387
5456
5860
4028
5805
4973
4915
5689
4089
5353
4576
4752
4761
5746
4798
4927
4572
5758
5517
4153
4945
5166
4749
4584
5975
4043
5365
5958
5848
5939
4658
4754
4064
4268
4705
5359
4785
5745
5777
5580
5958
4633
4389
4993
4047
5428
4093
5001
5152
4373
5069
5733
5599
5431
5377
5173
5711
5710
4366
4267
4667
4967
5609
4492
4535
4341
5948
4651
5899
5468
5027
5037
5473
4780
5278
4296
4624
5933
5023
5393
4646
5093
5814
5503
5165
5323
4134
4233
4458
5166
5454
5604
4334
5034
5794
5979
4134
4912
5126
4886
4298
4233
4593
5679
4456
4462
5354
4861
4646
4890
4589
5105
5351
4408
5729
4884
4199
5522
5187
4517
5767
4162
5612
4058
5797
4501
4131
5028
5511
5476
5407
4204
4921
4659
4915
5926
4396
5239
5622
5350
5780
4023
4099
5834
5978
5475
5702
4990
4657
5675
4074
5092
5632
5309
4234
4729
4396
5146
4357
5954
4656
4215
4396
5047
5350
4377
5600
5690
5845
5274
5506
5019
5345
5302
4631
4399
4696
4076
4586
5569
5695
5846
5174
5448
4421
4191
4569
4399
4611
4489
4918
4079
4581
4343
4843
5084
5929
5574
4408
5973
5782
4736
5128
4098
5551
5349
4381
5297
5063
4103
4990
5397
5988
4292
5781
5593
5082
4728
5927
4910
4478
5341
5908
4053
5154
5214
4669
4650
5518
4396
4589
5050
5684
5309
5214
5239
4190
4330
4613
5464
4156
4966
4294
5876
5223
5464
4713
5473
5375
4782
5556
4768
4893
4614
5709
4500
4846
4864
5986
4846
5005
4208
4675
4632
5533
5415
4801
5112
5648
5934
4376
5615
4661
5458
4753
4121
5745
5246
4863
4659
4722
4557
4380
5824
4078
4904
4799
5300
5801
5792
4851
4787
5675
5425
4311
4255
5678
5774
4432
4490
5565
4757
5987
4168
5027
5768
4560
4325
4606
5802
4485
5086
4504
4463
4122
5400
4371
5119
5947
4560
5823
4093
5243
5393
5653
4471
4214
4515
4567
5719
4875
4459
5028
5845
5809
4995
4648
5185
4096
5826
5406
4169
5928
4969
4788
4615
4427
4988
4352
5757
5648
4518
5463
5878
4446
5923
4587
4197
5930
5944
5607
4146
5950
4516
4527
5394
4153
4036
5501
4320
4734
4638
5065
4413
4320
4975
4708
5921
5948
5577
5797
4401
5040
5342
4202
4087
4734
4175
5575
4302
5259
5075
5264
4041
5819
4209
4304
5678
5470
5026
4014
4760
5037
5141
5466
4668
4305
4195
5827
4082
4441
4712
4494
4537
5062
4189
5207
4910
5401
4197
5678
4394
5958
4702
4489
4822
5687
5855
4145
5302
5708
5708
4894
4351
5826
5884
5727
5016
5644
4481
4292
5471
4169
4080
4226
4398
4824
5968
5177
5699
4008
4776
4653
5285
4464
5379
4053
4596
4116
5294
5892
5354
4400
4729
5302
4083
5434
5915
5059
5745
5738
5682
4708
5355
4573
4170
4259
4938
5111
5087
4177
4577
4678
5023
5284
5072
5638
4725
5906
5290
4242
4834
5037
4011
4090
4198
4801
4120
4012
4462
5754
5348
4317
4582
5842
5325
5623
4144
4974
5385
4711
5511
4447
5838
5270
4766
5202
5156
5099
5213
5872
5445
5469
5576
4272
5766
4763
4829
4249
4394
4198
4116
4701
5293
4693
4660
5304
4384
5069
4566
5131
5466
4381
4743
5083
4833
5333
4143
4319
4713
5562
4841
4833
5451
4490
4186
5115
5625
4495
4579
4538
5628
5648
5009
4899
4498
4982
5579
4277
5356
5400
4358
4256
4557
5652
4931
5267
4468
5070
4688
5192
5268
5624
4862
5345
5272
4808
4837
4073
4552
4053
5454
4782
5518
5801
5845
4181
4893
4768
4418
5217
5333
4548
4779
5638
5114
5620
5079
4071
5802
5273
4551
4689
5376
5356
5762
4013
4701
5647
4954
5339
5718
5242
5036
4596
5172
5876
5749
5694
5578
4607
4539
4320
4056
4854
4436
4644
4291
4468
5883
5347
5165
4396
5952
4867
5610
5686
5072
4644
5677
5652
4250
5984
5663
5184
5244
4953
4769
4887
4948
4104
5766
5245
4889
5631
5745
4323
4849
5547
4069
5260
5475
4413
4176
5761
5093
4666
4309
4383
5836
4472
4007
5081
4147
5848
5656
5970
5165
4941
5617
4524
5368
4210
4149
5767
5298
4663
4742
4344
4352
4608
4818
4231
4590
5588
5349
4210
4502
4399
5638
4027
4169
5023
5766
4060
5713
5058
4824
5737
4448
4916
5038
4475
5946
5483
4932
4795
5281
4595
5551
5519
5357
5469
5108
4694
4449
5144
5826
5987
5226
4731
4889
4821
4343
5935
4428
4614
4254
4257
5421
5985
4620
4042
4681
5153
4337
4851
5920
5138
5825
4170
4587
5184
4324
4082
4628
4487
4887
5273
5831
5615
5942
4628
4711
4008
5843
5394
4030
4871
5919
5012
4193
4661
5604
5643
4237
5415
4689
5827
4805
5827
4709
4435
5212
5792
5836
5028
5063
4099
4638
5013
5733
5936
4752
5117
4569
5432
4282
4537
4310
4088
4922
4147
4603
5065
4598
5833
4115
4207
5877
5221
5478
5682
5077
4282
4727
5529
5205
4921
5047
4744
4166
4118
4214
4818
4050
4754
4958
4837
5959
4520
4146
5230
4066
4008
5164
5715
5915
5227
5543
4258
5221
4624
4870
4355
5610
4990
4670
5833
4096
4682
4527
4230
4488
5843
5965
4583
4225
5146
5297
4102
5508
4150
4617
4454
4148
5455
5499
4317
5174
4727
5180
4496
5183
4590
4047
5690
5964
5544
5322
4508
4882
5023
4203
5539
4806
4146
4363
5430
5402
5601
4616
5485
4661
5043
5175
4066
5545
4064
5013
5411
5864
4669
5319
5066
5164
5812
4110
5067
5353
4890
5545
4801
5600
5459
4311
4207
5138
5792
5809
5362
4344
4596
5556
4062
4711
4897
5986
4479
4023
5649
4207
4992
5953
4985
5044
4604
4669
5957
4317
5939
4769
4848
4429
4330
5723
5444
4051
5495
5178
4679
5252
4025
4702
4625
4799
5201
4350
5104
5993
4286
4880
5286
5360
5378
5191
5466
5644
4757
4914
5435
5168
5180
5082
5084
4411
4354
4698
5199
4979
4869
4180
5842
5279
4040
5679
5770
5662
5378
5043
5798
4443
4276
5013
4693
4181
5742
4129
5003
5041
5577
5851
4537
4188
5371
4794
4542
4804
4455
5052
5171
4650
5930
5687
4160
5640
4175
5626
5452
5756
4358
5403
5498
4756
4196
5985
4140
5659
5571
5935
4614
4997
4328
4448
4971
5830
5875
5474
5131
5072
4509
5851
5143
5946
5716
4923
5062
5389
4222
4391
4115
5807
5569
4977
5687
5537
4531
4829
4085
5745
5268
5363
4995
5121
5169
4495
4761
5141
4325
4693
4403
5097
4490
5357
5856
5603
5837
4499
4268
5009
4910
4763
5568
4795
5384
5331
4679
5094
4339
4141
4311
4343
4376
5091
4830
4434
4165
5398
4188
5223
5850
5572
5377
4563
4815
4491
5891
5368
4559
4255
4551
4502
4073
4703
5080
5376
5641
4344
5037
5674
4079
5989
4110
5690
4004
5615
4973
4554
5929
4082
4819
4124
4864
4355
4262
5679
4321
4869
5536
4105
4078
5359
5226
5135
5972
5738
4429
4575
5912
4402
4021
5802
5822
4051
4479
4954
5014
4893
5213
4867
4099
5541
5855
4079
4243
4977
4992
5415
5118
4888
4129
5449
5651
4279
5740
4581
4695
5794
5636
4053
5445
5173
4048
4878
5550
4270
4062
5412
4346
4409
5205
4867
4279
4298
4624
4903
5984
5085
5470
4078
5197
5382
5381
4727
4563
5305
5330
4590
4083
5617
5122
5986
4246
4034
5521
4011
5448
5168
4386
4627
4475
4281
4654
4508
4436
5884
5348
5146
5265
4924
4550
5155
5364
5598
5582
4350
4223
5256
4371
4399
4277
5217
5135
5585
4492
4470
5420
4239
4488
4083
4965
4783
5359
5511
5364
5905
4688
4820
4741
5301
5073
5090
4503
4694
4338
4185
4233
5693
5026
4011
4249
5756
5966
4047
4700
4614
5201
5793
5282
4150
5767
4103
4351
5160
5827
5518
5442
4698
4591
5973
5265
4802
5313
5407
5004
5983
5010
5159
4583
5626
4791
4497
5589
5613
5279
5677
5449
4880
4410
5750
4123
4260
4178
4298
5113
4717
5683
5934
5415
5287
4207
5279
4480
5099
5227
5966
5072
4072
4331
5881
4624
4613
4885
5727
4556
5213
5466
4891
4825
5891
5049
5729
4180
5013
4135
4771
5329
5956
5936
5169
4748
4875
4230
4435
5155
5400
5337
4553
5081
5732
4787
5712
4963
5842
5418
4572
5916
4860
4162
4946
4435
4234
4185
4437
4819
4940
4785
5088
4732
4947
4818
4286
4475
4971
5088
4775
4437
4061
5699
4228
4026
4291
4012
5511
4404
4389
4321
4103
5895
5597
5668
4886
4340
5760
5914
4251
4629
4716
5990
4704
4612
5899
5241
5010
4145
5744
4329
5615
5436
4049
5786
4834
5274
4261
4991
4612
5869
5239
5851
4039
4041
4425
5786
4619
5079
4241
4873
5016
5357
4844
5061
4101
4769
5840
5247
4279
5077
4868
4159
5937
5181
4055
5662
4208
4325
5933
4488
4699
4036
4740
5466
4164
4013
5003
4589
5920
4000
4734
5502
4726
4802
5242
5220
4861
4663
5085
4508
4673
4285
4601
5525
4026
5692
4470
5574
5779
5127
4313
5843
5696
5000
4152
5583
5025
4732
5560
4215
5905
5147
4846
4642
4880
4285
5132
4087
5873
4558
4663
5759
5037
4535
4685
4048
4118
5317
5032
4760
5202
5157
5540
5003
5424
4999
5170
5281
4092
5177
5474
4395
4361
5561
5964
4444
4597
5246
5880
4688
4431
4114
4793
4256
5541
5679
4393
5492
5371
5069
5468
4392
5847
4974
4422
5255
4724
5010
5232
4233
5743
5727
5814
4555
4390
4393
4796
4879
4859
5822
5567
5766
5614
5120
4402
5332
4891
4265
4548
5774
4921
4486
5736
5893
4486
5753
5052
4973
4334
4816
5343
4128
4625
5417
5323
5852
5897
4926
4530
5776
5760
4920
4738
4912
5684
4198
4936
4217
4229
5616
4935
4520
5673
4538
5654
4192
5558
5801
4657
4429
5213
5391
4070
5742
5634
4564
4080
5732
5070
5922
5688
4135
5209
5222
5281
4344
5937
4584
4411
4986
4485
4301
4883
4280
4389
4630
5091
5833
4543
4418
5302
5676
4625
5121
4270
5353
4253
4979
5044
4100
4833
5866
4137
5005
5867
5330
4695
4288
4121
4241
5764
5869
5958
5216
4256
5607
5101
5449
4531
4389
5363
4137
4484
4306
5975
4714
5573
4798
4614
4705
4435
5742
5046
5899
4273
5035
5439
4260
5710
5607
4197
4561
5026
4656
5835
5447
4104
4388
4678
5065
4465
4869
4631
4055
4138
4357
4179
4051
4077
4448
5904
4729
4726
5471
5641
4295
5909
5658
5900
5292
5973
4171
5063
4762
5629
5432
4813
4080
4438
5309
4158
5226
4408
5515
5125
4085
5151
4718
5898
5389
5137
5264
4622
4735
4171
4149
4637
5850
4273
5805
4306
4205
4043
5831
4158
5953
4323
4713
4796
5153
5604
5574
4319
4207
5083
5617
4669
5011
5183
5372
4905
5259
5986
4541
4230
4016
4106
5797
5273
5647
5316
5572
4459
5588
5014
4415
5743
4805
5601
5740
4011
5374
4563
4926
5882
4688
5715
5033
4015
4076
4627
5873
5505
5964
4645
5330
5677
5648
5814
4592
5814
5783
4793
5686
4255
4984
4939
4542
4664
4441
4469
5700
5678
5928
5601
5240
5551
4903
4622
5691
4148
4416
4186
5268
5991
4504
4057
4194
4674
5369
5875
5369
4864
5624
4556
5816
5715
5250
4229
4920
5250
5802
5095
5878
5313
4820
4650
4936
4111
4985
4864
5190
5739
4976
5556
5925
4611
5268
5445
4325
5169
5167
5907
4405
4958
5452
4274
4296
4695
4529
5546
4306
5638
5421
5528
4616
4785
5953
5175
5057
5876
5678
5300
4155
4023
5017
5416
5828
4528
4164
5045
4494
4710
4866
4490
5513
5697
4586
4974
4349
4952
5646
4646
4553
4405
4725
5708
4916
5141
4139
5645
4290
5823
4028
4454
4019
4034
5603
4786
4063
5719
4380
5900
4229
5573
4047
4919
4439
5805
4762
4538
5022
4324
4542
4027
5229
5309
5560
5221
5459
4769
4331
5751
4473
4493
5167
5030
4138
4153
4983
5373
4750
4320
5347
4519
4463
4392
4725
4424
4469
4539
5028
4433
4768
5872
4372
4254
4103
5749
4275
4955
4691
4975
5954
5960
5179
5126
5157
4562
5780
5293
4005
4343
4093
4594
4244
5593
4975
4255
5224
5734
4509
5688
5424
4986
4148
5623
5730
5117
4203
5600
5859
5863
5545
4806
4964
5545
5141
5167
4070
5186
4093
4700
5234
4904
5383
4305
4511
4097
4111
5902
4349
5608
4438
5635
4171
5005
5898
5161
5854
4530
5689
4225
5118
4336
4408
5228
5966
4952
4773
5925
4984
4479
4533
4460
4217
4178
4496
4027
5920
4140
4394
4089
4468
5602
5728
4957
4763
4585
4406
4578
5655
4667
5081
4668
5103
4881
5879
4217
4834
4396
5749
5563
4051
4289
4864
4414
4606
4445
5711
4811
5316
4514
4859
4952
5224
4863
4236
5436
4320
5662
5455
4163
4181
4511
5524
5825
5674
4914
4632
5425
4078
4102
5011
5279
4552
4487
5315
5845
4624
4620
4496
4705
4177
5277
5451
5017
4573
5090
5334
4154
4580
5342
5551
5173
5544
4966
5937
5859
4782
5140
5587
4147
4009
5711
4138
4628
4114
5028
4277
4445
4611
4077
5672
4497
4514
4059
4720
4795
4363
4772
5093
4848
5317
4023
5046
4762
4173
4756
4545
4468
4895
5449
4623
5892
5554
4655
4172
4493
5466
4911
4831
4195
5118
5231
5629
4179
5445
5201
4839
5757
5991
4757
4832
4283
4157
4809
4358
5338
5487
4019
5936
5680
4508
5487
4358
4712
4185
5710
4208
4033
4437
5214
5349
5405
5779
4215
4111
5474
5441
4865
4871
4875
4902
4015
4420
4575
5461
4025
4649
4982
5885
4671
4370
5773
4318
4469
5699
4308
5675
5048
4809
4821
4209
5777
4142
4199
5191
5054
4594
4408
5084
5933
4809
4311
4838
5888
4050
4573
4327
5049
5022
4461
5661
5693
4020
5266
4396
4435
4462
4805
4480
4510
5140
4339
4365
4949
5795
4345
5199
4706
4480
4965
4867
4189
5228
5113
5835
5448
5281
4768
4270
4132
4142
4672
5170
4254
5028
5836
4314
4661
4486
4624
4703
5553
4034
5899
4230
4663
5214
5490
4291
4349
4886
4559
4758
4643
5117
4221
5487
4291
5314
4166
4859
5381
5068
4676
5079
4059
4090
5969
5774
5011
4872
4483
5849
4230
5314
4047
5658
4325
5687
5060
4320
5164
4658
5448
4589
5096
5855
4304
4314
4240
5490
4853
4864
5544
5712
5712
4976
4865
5991
4504
4495
5426
5290
4748
5147
5243
4760
4717
4139
5758
4361
5475
4655
5625
4863
5155
5176
4439
4691
4322
4754
5001
5171
5369
5647
4130
4504
5120
5012
4816
5637
5684
4125
4738
5387
5468
5050
4237
4051
4955
5927
5150
4119
4449
4434
5392
4664
4388
4383
4548
5318
5881
4599
5720
4061
5617
4395
4617
5983
4156
4673
4318
5339
4664
4883
5690
4204
4699
4185
5374
5180
4221
4741
5784
4262
4109
5901
4467
5634
5163
5691
5282
4155
5697
5138
5409
5078
4465
4986
5746
4535
5681
5831
5167
4173
4540
4306
4320
5560
5023
4618
5301
5693
4699
4833
5683
5823
5272
4138
4917
4002
5014
4000
4226
4624
5806
5706
4005
4173
5574
5271
5606
5117
5241
4844
4162
5586
4962
5507
4089
4255
5387
5809
5812
5617
4849
5690
4314
5423
4068
5067
4367
5150
5616
4368
4707
5171
4269
4566
4454
5474
5086
4200
4849
5591
5209
5387
4012
5359
5182
4003
4457
5264
5664
4348
4447
4184
4044
5144
4265
4639
4846
5550
5608
5292
4067
5263
5563
4369
5990
5684
4826
4541
4951
4542
4753
4103
4985
4762
5929
4010
4964
5669
5042
5144
4563
4970
5858
4369
4973
5514
5434
5951
5884
5770
4187
4445
5318
4968
4014
5012
4584
5974
4339
4083
4955
4537
4706
5515
4475
5088
4307
5665
4098
4675
5259
4090
5682
5990
5029
4063
5454
4497
4475
4434
5878
4135
5802
4373
5359
5301
4442
5111
5689
5657
4820
4211
4864
4225
4140
4692
5931
4452
4532
5715
4106
4926
4236
5647
4978
5695
4519
4746
5874
5472
4740
4928
5223
5072
5879
5145
5258
4843
5717
5040
4371
5148
5910
4302
4751
5725
4656
4751
5733
4700
5047
4592
5704
4214
4971
5736
5516
4429
5621
5796
5850
5391
4995
4810
5532
4215
4087
5631
4153
4707
4572
4094
4310
4664
4475
5491
4154
4172
4037
5273
4465
4209
4203
5502
4656
4052
5300
5668
5075
5281
5064
4843
4182
4387
4947
4081
4037
4507
5262
5843
4076
5728
4421
5512
5384
4797
5623
4937
4758
5393
4758
5118
5465
4513
4221
5127
4879
5109
5598
4695
4986
5195
4079
5923
4208
5721
4798
5693
4104
4761
4852
5997
5514
4108
5973
5209
5226
4876
5543
4451
5754
4695
4824
4660
4842
4203
5542
4300
4297
5008
4794
4715
4928
5246
5272
5848
5391
4331
5751
5851
4428
4199
5131
5231
5874
4275
5878
4796
4563
5644
4562
4565
4841
5049
5280
5100
4887
4821
4945
4124
4366
4422
5118
4849
4470
4659
5011
5146
4768
5316
4148
4236
4081
4465
5300
5962
4477
5222
4039
5981
4097
5036
5221
5490
5876
5865
4422
5006
5298
5487
4928
5875
5058
4451
5916
5425
4982
4658
4370
4404
5802
5464
4061
5685
4505
5736
5111
5494
4493
5127
5668
5992
5390
4444
5918
4826
5837
4797
4872
5810
5489
4793
5547
5360
5159
4477
4802
5846
4814
4815
5391
5165
4336
4606
5322
4437
4007
5919
4220
4345
4559
4794
5053
5531
5963
4849
5517
5396
4372
4829
5132
4283
5189
5478
4744
5930
5296
4845
5241
4083
4363
4029
4210
4085
5667
4901
4704
4712
5274
4375
5297
4594
4887
5761
5712
4454
5911
5951
5840
5800
5876
4007
5303
5904
4832
4167
4602
4280
5629
4439
4951
4758
4916
4155
5042
4530
4616
4628
4848
4086
4560
4860
4895
4081
4583
5948
5209
5076
4563
4089
4492
5515
5044
5847
5543
4203
5483
4557
4374
4018
5542
5984
4086
4966
5684
4439
5289
4854
4567
5845
5835
5122
4745
4207
5865
4225
5819
5531
5612
4598
5435
4343
5934
4368
5580
5516
5451
5245
4282
5003
4848
4422
4255
5389
4538
5873
4357
4895
4632
5941
4229
4420
5648
5471
5423
4366
4283
4964
4862
5282
4530
5164
5595
5907
5490
5615
4161
4336
4970
5616
5610
5811
5969
4494
4366
4707
5035
5745
4772
5379
5301
4798
4213
5680
4971
5424
5155
5410
5689
4663
4814
5206
4877
4796
4292
4772
5896
5228
5862
4942
5582
4648
5725
4736
5256
4991
4155
4429
4059
5741
5367
5426
5757
4385
5064
4354
5303
5020
5959
4469
4287
4549
5088
5392
5020
5391
4984
4347
4481
5980
4581
4747
5283
4027
4924
5322
5684
5197
5620
5807
4909
4901
4453
5127
4436
4477
4783
5902
4432
4488
4315
5835
5249
5362
5698
4412
4043
5103
4247
5115
4879
4127
5396
5129
4342
5605
5716
4519
5971
5788
4870
4765
4951
4131
5635
5773
5600
4308
5981
4481
5563
4385
4022
5472
5217
4049
4186
4858
4072
5073
4076
5152
5921
5130
4974
5002
5517
4604
4849
4571
4826
4478
5630
5777
5911
4799
5277
5800
5127
4989
4203
5601
4203
4311
4152
4965
4096
5184
5648
5085
5001
4190
4051
5250
4714
5499
4276
4250
4166
5772
4878
5720
4251
4867
5463
5282
5976
4755
4943
5009
5844
4383
4226
4842
5052
5116
4008
5435
5874
5983
5094
5755
5016
5534
5330
5966
5624
5517
5016
4882
5963
4364
4097
5759
4807
4295
5698
4037
4679
5425
4991
5074
5038
5063
5542
5036
5363
5095
4042
4268
5422
5133
5510
5721
4926
5361
5245
4001
4998
4057
4605
4298
4922
5294
5295
4983
4884
4757
4197
4781
4833
4690
4865
5413
5225
4677
5219
5501
4237
5688
5807
4228
4660
5488
4862
5707
4362
4174
5126
5470
5954
5895
4477
5872
5033
5504
4899
5182
4624
5941
5763
4697
5646
5794
5921
5748
4973
5621
4265
5575
4930
4331
4172
5075
5004
4750
5434
4015
4575
4788
4816
4179
5757
4624
5661
4349
4528
5266
4309
4823
4182
5962
4592
4854
4163
5280
5959
5513
4991
4492
4240
4598
5977
4297
4645
4202
5607
4925
4455
5065
5879
4962
4671
4929
4664
5999
4820
4555
4954
5267
5877
4631
4184
4413
4552
5871
5579
5295
4451
4507
4844
4277
5324
5889
5344
4240
4290
4770
5268
4476
5621
4207
5318
4511
5730
5435
4176
5670
5848
5865
5467
5765
5083
5796
4423
4558
4155
4509
5355
5830
4291
4358
5982
5013
5444
5337
5214
5542
4235
4004
4594
4507
4718
5632
5975
5450
5325
4669
4029
5596
4522
5574
5770
4660
4063
4945
4135
4164
4570
4723
4723
5626
4747
4320
4013
4695
4428
4714
4131
5682
5765
5904
4399
4166
5824
5801
4449
5935
5393
4266
4395
5985
5691
5938
5221
4370
5741
5394
5594
5770
4897
4984
4283
4087
5249
4949
5270
4818
4638
4178
5385
4702
5410
4635
5347
5845
5688
5204
5778
4204
5939
4962
4424
4338
5383
5505
4709
5727
4115
4277
4301
5549
5573
4083
4969
5483
4475
5480
5801
5868
4119
4110
4322
5856
4323
5423
5677
5553
4051
5230
5737
5802
4546
4557
5211
4068
5977
5418
4127
4096
4450
5558
5853
5112
5332
4427
4094
4156
5577
5592
4234
4371
5332
5005
5978
5091
5552
5694
5934
5208
4303
5091
4973
4353
4876
4312
4299
4603
5030
4570
4974
4199
5922
5292
5124
5672
4753
5416
5630
4701
4698
4679
4430
4971
5398
5080
4274
5118
4377
5220
4310
5920
4707
4636
5408
5902
4627
5006
4990
4656
4557
4613
4367
5721
4549
5130
4714
4500
4650
4969
4919
5883
4800
5872
5389
5297
5563
5218
5338
5566
4337
4183
5396
4095
4870
4862
4709
4230
5232
4895
5266
4045
5552
4748
4252
5453
5178
4975
4414
5155
4121
5916
4864
4536
4552
5724
4567
5839
5626
5538
5726
5331
5591
5816
4411
4585
4017
4235
4888
5391
4544
4394
5256
4359
5018
4842
5648
5527
5417
4021
5096
4159
5881
4145
5426
4227
4002
4201
4249
5038
4354
4814
4881
4350
5845
5767
4446
4010
5025
5307
5314
4773
5730
4705
4108
5492
4014
5383
5177
4507
5663
5206
5228
4453
5410
5253
5864
5196
5417
5139
4645
5232
4582
4110
4644
4084
5010
4720
5550
4224
5685
5676
4771
5896
4202
5190
5994
5605
4798
4834
5759
5955
4082
4415
5872
5797
4345
4009
5414
4735
5380
5760
