4500
4303
4392
4714
4111
5483
5421
4904
5218
5871
4940
5659
4905
5606
5033
4097
4434
5991
4367
5150
4933
5153
4967
5993
4133
4137
5078
4003
5918
5817
4807
5733
4389
5992
4517
4493
5729
5112
5308
5857
5875
5801
4676
5342
5959
5155
5092
4779
5672
5688
4221
4323
5486
4667
5152
4634
5912
5457
5776
4788
5939
4680
4856
5678
5523
5876
4047
4890
5164
5604
5299
4342
4722
4855
5482
5056
4282
4152
4993
4059
5193
5868
5791
5037
5317
5366
4010
4993
5849
5651
5017
4135
5637
5889
5872
4635
5450
4454
5607
4301
4545
5060
4740
5285
4687
4864
4986
5190
4975
4713
5753
4139
4193
4542
4545
4581
5849
5141
5253
4928
4330
4532
5447
5190
4509
4764
5764
5088
4441
4507
5220
4639
4687
5973
4863
5710
4677
5531
5840
4964
5566
5989
4081
5324
4521
5709
5737
4451
4563
5908
5221
4994
5092
5747
5134
4145
5306
4825
4655
4954
4073
5144
4239
5722
4455
4312
4371
5451
4691
5161
5589
4440
4601
4608
5817
5263
5526
5890
5358
5229
5209
5316
5814
5787
4460
5085
4751
4079
5283
4962
4080
5563
5357
4777
5510
4790
4097
5161
5204
4549
5909
4764
5719
5127
5908
4240
5387
5615
4375
4728
5769
5589
4829
4870
4867
4907
5962
4081
5226
4008
4213
4745
4709
5862
5213
5493
5193
4727
4467
4725
4819
4751
4316
5473
5228
5097
5058
4795
5310
5156
4615
5791
4187
5309
4890
5098
4761
5364
4136
4377
5208
4105
5704
5166
4132
5816
4345
4813
4215
4049
5314
4761
5843
5551
4933
5938
4625
4484
5911
4212
4957
4978
5826
5601
4990
4891
4669
5455
4316
5859
4661
4932
4429
4731
4235
4732
5801
5358
5985
4095
4037
4866
5987
5962
5281
5910
4495
4250
5571
4771
4351
5961
5102
4782
4089
5809
4161
4838
5679
5505
5940
5731
4017
5232
5471
5584
4067
4853
4202
4380
5465
5007
4869
4451
5850
5837
5364
5779
5103
4736
4941
5370
4425
4493
4799
4488
5760
4212
4948
5874
5993
4851
4115
4014
5339
4793
5213
5882
5911
5106
5332
4423
4036
5968
4313
5833
4546
5308
4220
4682
4488
5987
4447
4122
5595
5364
5207
4212
4077
4634
5228
4172
5964
5282
5193
5260
5195
5550
4606
5260
5876
4133
5742
4513
4550
4679
4562
4814
4215
4126
4868
4402
5380
4177
4198
4369
4594
4786
5900
5682
5818
5423
4659
4629
4527
4419
4128
4904
4909
4133
5189
4559
5435
4032
5751
4074
5618
5867
4304
5617
5225
4302
4106
5322
5817
5618
5606
5593
5831
5483
4357
4125
5978
5047
4774
4013
4673
4821
4150
4783
4652
4988
5248
4145
5320
5141
4385
4140
5109
5806
4460
5904
4473
5091
5702
4025
5321
5156
4760
5900
4849
5818
5724
5990
4129
4941
5597
5187
5003
5685
4541
5788
4434
4551
5425
5860
5941
4769
5404
5526
5664
4801
5231
5011
4425
5532
5979
4304
5155
5452
4861
4101
4834
4187
4782
5777
4346
4319
4408
4305
4535
4853
4909
4751
4243
5807
5963
4401
5094
5433
4970
4029
5924
4568
4806
4653
4408
5175
4417
5560
5505
4181
5810
5093
5266
4946
5317
5649
4138
4023
5460
4917
4800
4673
5641
5570
4148
5580
4467
4237
4437
4388
4096
4346
4737
4213
4285
5781
4614
4799
5600
4981
4817
4015
4158
4700
4053
5947
4424
5083
4833
5514
5881
5715
5742
4219
4554
4003
4064
5375
4233
4411
5114
4957
5211
4148
5647
5732
4550
4833
4953
5933
5085
5545
4141
5677
5222
5621
4009
5783
4942
4658
4817
5012
5191
4444
4354
4867
4965
5591
4109
5901
5820
4461
4339
5260
4915
5090
4011
4668
4779
4549
4160
5929
4522
5506
4967
5099
4029
4433
4059
4257
5308
5575
4124
4130
5740
4307
4836
5676
4346
5958
4193
4264
5410
5092
4247
4310
5662
5397
4874
4044
5506
5696
4281
4654
4947
4714
4119
4173
5120
5334
4570
4857
4756
5656
5205
4105
4535
4388
4844
5315
4005
5885
5401
4182
5900
5427
4816
5336
5230
5805
5872
4970
5373
5581
4780
5748
4979
4203
5462
5114
4251
5342
5858
4381
5803
4611
4513
5167
5426
4870
4602
4539
4911
4252
5080
5218
4548
5834
5103
4377
5466
4050
4209
5002
4902
5716
5791
4118
5836
5215
4676
4655
5529
4308
5049
5476
4988
5196
5337
5326
4671
4873
4721
5891
4547
5098
4966
4600
4061
4068
5568
5458
5490
4590
4771
4605
5465
4061
5004
5718
4757
4790
4626
5405
5645
5362
4564
4293
4386
4270
4253
4259
4650
5064
5274
5949
5224
5310
4330
4068
5929
4224
5902
4545
5399
4174
5974
5925
5751
4337
4147
5134
5216
4523
4379
4089
5733
5974
5246
5267
4675
4928
4640
4377
5390
5686
4089
5329
5515
4191
4374
4948
4149
5486
4565
4695
4055
4298
4202
4741
4527
5395
5094
5415
5179
4488
5286
5543
5898
5771
4446
4850
4336
5455
5703
4772
4651
5196
4002
5444
5457
4842
4909
5965
4137
4955
4568
5503
5792
5777
5688
5656
5745
4658
4982
4001
5785
4342
5881
4178
4330
4696
4700
5679
5357
4355
4763
4239
5939
4143
5052
5829
4698
5840
4951
4717
5209
4911
4228
5542
4405
5707
5586
4720
5453
5280
5886
5329
4544
5407
4076
5412
5477
4997
5048
4330
4206
5063
5006
4111
4675
4349
4254
5433
4827
4159
4524
4426
5323
5081
5372
4415
5526
5972
5280
4438
4828
4264
5169
4353
4065
4372
5922
5671
5255
5408
5718
5767
4306
5127
4317
5591
5892
5234
5221
4865
4547
4366
4392
5076
4443
5232
5956
5080
4973
4792
4019
5499
5028
4016
5892
4358
5827
5884
4268
5329
4986
5205
5432
5032
5679
5192
5842
5295
5326
5915
4304
4710
5230
5736
4057
5861
5622
5054
4234
5010
5801
5830
5898
5978
4562
4427
5379
4479
4773
4652
4927
5535
5934
4445
5163
5907
5397
5419
4986
4369
5251
4532
4430
4748
4331
5365
4630
4900
5747
5905
4087
4034
5285
5098
5946
4389
4277
4251
5602
4064
5990
5897
4531
4257
5745
5146
5064
4169
5899
5768
4093
5153
4239
4064
4325
5658
4730
5497
5800
5526
4547
4673
4469
4539
5990
5461
5578
5252
4426
4321
4909
5498
4251
5818
5776
4737
4551
5722
4935
4856
4215
4417
5349
5018
4342
4796
4333
4008
4497
4234
4982
4623
4728
5966
4018
5208
4808
4609
4126
4685
5743
5396
4549
5320
5919
5913
5385
4669
4628
4478
5744
5395
5193
5311
5174
4004
4496
5073
5059
4811
4334
4491
4083
4562
4438
4813
5513
5975
4817
4495
5662
5261
5100
4064
4584
5010
5151
4612
4935
4165
5206
4048
4513
5615
5330
5039
5242
4961
4497
4662
5146
5650
5281
4864
4217
4783
5682
5505
5811
5453
5618
4113
5772
5120
5944
5734
4999
5084
4363
4983
4252
4126
4821
4631
4673
4988
4685
4276
5558
4426
5647
4240
4999
5971
4699
5544
5770
4079
4572
4491
5484
5042
5495
5435
4644
4637
5761
5916
4028
4175
5246
4363
4120
5112
4405
5562
4421
5275
4282
4490
4275
4055
4954
4366
4260
5493
5149
5401
4235
4922
4209
5075
5506
4671
4694
5781
4341
4464
4120
5591
5641
4692
4482
5454
5387
4415
4029
5734
4255
5657
4942
5566
4403
5428
4697
5774
4529
4558
5656
4615
4568
5009
4306
4049
5086
4874
4241
5978
4449
5417
5362
4219
5172
4444
4398
5785
5431
4943
5063
4466
5971
4100
5393
4639
5090
5077
4503
4314
5933
4992
4972
5868
5134
5142
5724
5972
5432
4700
5534
5352
5565
4351
4460
5070
5656
4178
4738
5363
5622
5062
5542
4644
4184
4517
4189
4380
4853
4671
4899
4929
5536
4040
4498
5923
4138
4716
5018
5927
4354
4707
5815
4519
4158
5970
5364
4707
5805
4533
5978
4280
5895
4223
5273
4655
5945
5204
4937
4485
4954
4638
4562
5749
4193
5875
5600
4501
4425
4547
5968
5860
5105
4270
5851
4559
5965
4211
5797
4670
4133
4851
5575
5496
4057
5593
5664
4593
4656
5142
5480
4945
5221
4261
4666
4852
5368
5340
5911
5277
4560
4893
5322
4609
4321
5899
4335
5805
5637
4796
4453
5031
4859
4082
5010
5334
5142
5766
4819
4243
4679
5599
4208
5307
5694
5335
5437
5562
4986
4184
5116
4103
5621
4562
4159
4753
5304
5771
4427
5242
5194
5925
5163
4131
5891
5672
4816
4669
4520
4159
5613
5775
5518
5152
5965
4798
5334
4880
4464
5675
4941
4272
4530
5884
4064
4442
5142
4028
4088
4899
5295
5598
4270
4836
4814
5456
5490
5790
5890
5092
4044
5485
5898
5344
5319
5557
5485
5469
5117
4009
4451
4164
5148
5059
5251
4059
5687
4650
4267
5122
4270
4018
5384
5833
4587
4420
5023
5305
5896
4210
5355
4245
5447
4492
5841
5721
4628
4234
4079
5463
4429
5766
5219
5863
5965
5249
5090
4350
4668
4222
5063
4316
5701
5517
5134
5588
4799
5974
5566
4021
4427
5894
4187
4027
4057
5956
4438
5945
4967
4571
4611
5557
4679
4068
5964
5024
4989
5186
4237
5485
5696
5199
4798
4826
5047
5073
4617
5998
4550
4302
4500
4430
4194
5556
5940
4731
5669
5917
4112
5141
5094
5573
5930
4177
5033
4598
5597
5944
5874
4848
5944
4430
5279
5011
5899
5991
4580
4744
4100
5777
5966
5378
4534
4679
4328
4882
5567
4846
5838
4732
4397
4788
4964
5348
4553
5840
4525
5588
4708
5925
5003
5580
4256
5867
5786
5693
4405
5768
5750
5644
4670
4913
5827
5447
4042
5411
5128
5597
5321
4292
4540
4529
5034
5294
5884
5170
5794
5516
4494
4629
4718
5802
5654
4630
5198
4959
5408
4843
4674
5703
4095
5959
4238
4484
5644
4529
5839
5751
5683
4097
4622
5891
4077
5175
4930
4878
5121
5980
4901
4999
5406
4868
4946
5831
4118
4094
4276
5596
5598
5998
4267
4172
5812
5291
4071
4505
4063
5600
4056
5901
5112
5372
5100
4496
4028
5277
4689
5684
4086
4766
5020
5229
4415
5814
5980
5038
4303
4269
4547
4485
4050
4669
4503
4275
4225
5420
5105
4476
4781
4044
4693
5704
5711
4040
4456
4747
5345
4105
5908
5198
5247
5041
4222
4182
4751
5436
4672
4460
4357
5831
5090
4564
5129
5280
4979
4700
5049
5272
4454
4950
5619
4406
5767
5765
5267
5097
4840
4142
4726
4482
5692
5338
4506
4673
4454
4436
5016
5298
5633
5403
5700
5609
4523
4414
4577
4011
5016
5349
5127
5590
4832
4853
5538
5074
4573
5084
4420
4412
4569
4505
4241
4028
5494
4931
5383
5487
5014
5530
4177
5885
5286
4928
4368
4803
5184
4287
4519
4829
5136
5802
4571
4495
5986
4624
4030
5983
4114
4691
5805
4365
5994
4079
5093
4500
4799
4504
4706
4326
4600
5789
4458
4598
5510
4537
4472
4365
4556
5172
5500
4425
5018
4420
5801
5188
4053
5069
5635
5074
5201
5732
4355
4639
4880
5111
5031
4549
5718
4139
4308
4890
5830
5600
4229
5559
4214
4306
4847
5075
4385
5562
5573
4558
5811
5670
5006
5783
5758
5777
4448
5653
5872
4136
5831
5538
5516
5506
5409
4752
4423
4972
5568
5160
4697
5209
4916
5964
5159
4077
5056
5930
4963
5416
4725
4041
4961
4545
4515
4935
5611
5909
4489
4472
4014
4078
5355
4725
5617
4952
5742
4149
5107
4352
5836
5551
5922
4472
4831
4444
4128
4581
4603
4877
4042
4126
5925
4194
5794
5906
5183
4155
4095
4419
5275
5009
5839
5658
4034
5359
5326
5207
5256
4260
4488
4285
5047
4451
4599
5730
4199
5135
5046
4360
4196
5800
5349
4709
5448
5612
4811
4009
4495
5397
5858
4205
4341
4551
4765
4943
5243
4037
4909
4833
5850
5391
4644
5801
5955
4694
4543
5443
5838
5527
4927
5214
4412
4120
5053
5092
4702
4642
5699
4280
5093
4598
4795
4656
5575
5228
5948
4072
5513
5896
5307
4107
4988
5317
4310
5048
4659
5244
4455
4109
4533
5371
4154
5591
4631
5124
5690
5451
4973
5895
5062
4786
4172
4478
5753
5230
5192
5083
5556
5768
4609
4152
5377
5044
5434
4854
4136
5772
4211
5947
5756
5563
5883
5255
4828
4536
4768
4663
4612
5868
4984
5571
5497
5737
4884
4520
4240
5906
5886
5618
4249
5519
4451
5270
5509
5780
4409
4303
5726
4986
4269
5157
5536
4656
4674
4489
5156
4547
5936
4796
4670
5825
4669
4680
4254
4136
5494
4551
5139
5152
4018
5522
4208
4334
5189
4133
5638
4514
5857
4287
5735
4221
5022
4574
4448
5126
5224
5544
5381
4370
5036
4660
5963
5559
5573
5245
5897
5757
4017
4491
4533
4294
4023
4923
5111
5678
4936
5996
5439
5046
4999
4241
5112
4700
5408
4738
4393
5871
5697
5523
5297
5819
5972
5512
5858
5492
5308
4434
4741
4342
4945
4544
5328
4970
5542
4672
5093
4958
4426
4408
4475
5251
5318
5416
5922
4137
4938
5291
5487
5756
5715
5515
5619
5653
4435
5322
5123
5704
4182
4011
4097
5806
5634
5314
4236
4699
5330
5626
5887
5137
4852
4797
5234
5748
4763
4002
5320
5572
4156
4611
4148
4913
5043
5856
5988
4300
5569
5298
4672
4275
5802
4362
5287
5854
5458
4358
4074
4176
4674
5305
5428
4673
5668
4316
4686
5933
4464
5235
4272
4628
5147
4141
5424
5854
4093
5288
4593
4813
5745
4734
5697
5745
4699
4667
4841
5890
5404
5833
5079
4723
5466
4425
5661
5941
4517
5481
5808
5358
4100
5577
5695
4254
5945
5623
5043
4074
5447
5077
4505
5060
4352
4394
4904
5349
4478
5136
4416
5287
5065
4290
4302
4777
5371
5530
5648
5910
4773
4674
4126
5378
5218
4801
5531
4099
5006
4767
4519
4361
4177
4191
5856
4194
5372
4344
5302
4524
5935
5755
4126
5524
5811
5993
5021
4980
4633
5739
5942
4081
5932
5022
4131
5528
5885
5299
5376
4744
4190
4837
4800
4100
4338
4050
5666
4293
5359
5125
4114
4592
4942
4251
4467
5237
4624
4774
5522
5397
5655
4296
5107
5188
5484
5395
5540
5635
5153
5208
4249
5199
4644
5027
5702
4966
4911
4234
5935
5081
4713
4388
4013
5700
5470
4723
5633
4515
5112
5297
4953
5427
4347
4041
5857
5504
5635
4227
4305
5957
5384
5608
5317
4486
4879
4618
5289
4997
4916
5384
4485
5841
4884
5568
5576
5702
4602
5000
4560
4917
5734
4314
4313
4516
4554
5848
5891
5912
5926
5420
5115
5368
4698
4206
5283
5899
4658
5485
4965
4018
5960
5890
4958
4456
4662
5098
4561
4513
5818
4519
5441
4506
4492
5286
5982
5744
4804
4671
5535
4481
5853
4355
5930
4402
4917
4493
5013
4016
5993
4898
5208
5140
5160
5218
4490
5021
5448
5039
5772
4924
5043
5494
5847
4703
4346
4824
4538
5760
4610
5480
5005
4498
4658
5380
5251
5081
4750
4805
5725
5827
5724
4171
5761
5649
5959
4743
4418
5477
5790
4496
4307
4852
4424
5948
4035
5282
5922
5238
4504
4590
5792
4474
5078
4889
5024
5912
4813
5958
4163
4072
4711
4048
4252
4120
5340
4837
4433
4380
4660
4402
4007
5660
5723
5111
4669
4437
5426
4593
4721
5099
4113
4961
4845
4434
4345
5063
5774
4080
5771
4233
5890
5469
4528
4696
4735
5752
4328
5312
4905
4938
4143
5662
4690
4760
4200
4040
5341
5773
4561
4766
5653
5150
4997
4881
4258
4043
4147
5300
4615
5234
5712
4040
4781
5978
4707
4712
4489
5803
4877
5501
4658
5656
4727
5733
4184
4279
4567
4409
4083
4359
4774
5132
5221
4398
4772
5044
5401
4861
5268
4503
4113
4294
4315
4365
5490
5109
4459
5136
4448
4661
4259
4997
4942
5063
4623
5081
5442
4657
4334
5394
4913
4485
4819
5417
4462
4812
5820
5586
5822
4756
4195
5952
5227
4971
5306
5218
4852
5234
4176
5253
5012
5028
5521
5089
5745
5558
5311
4749
4472
4049
5170
4728
5699
4321
4613
4842
4964
4524
5778
5044
5032
4943
4692
5373
5637
5762
4976
5422
5176
5704
4184
5447
4984
5896
4022
4026
4929
4622
4516
5699
5637
5952
5406
5316
4880
4042
5998
5647
5795
4674
4207
4719
4799
4976
4449
4747
4675
5814
5041
4941
4330
4120
4516
5233
5843
4028
4134
5335
4905
5578
5931
4914
4074
5610
4414
4401
5610
4989
4078
4476
4536
5453
5439
5250
5247
4668
4133
4094
5762
5160
4750
5289
4665
5164
4265
4444
5185
5147
5629
4656
4053
5546
4496
5119
4599
5694
4220
5163
4364
4847
4174
4112
4909
4698
5246
4296
4842
4253
4555
5753
5160
5956
5664
4345
5710
4915
5494
5475
4111
5699
4485
5718
5347
4211
4737
5409
5977
5346
5499
5779
4903
5320
4409
5711
5226
4907
4046
5030
5173
5941
5883
4793
5863
5475
4895
5934
4758
5540
5676
4212
5199
5157
5256
5695
5851
4587
4372
5518
4249
5648
4896
4665
4946
4994
4382
4901
4453
5861
4822
4322
4893
4169
5177
5924
5247
5038
4681
5609
4340
5062
4261
4901
4403
4950
5079
5040
5207
5879
5237
4724
5625
4137
5088
5466
4810
4912
5638
5588
5293
4223
5637
5604
5973
5077
5553
4256
5837
4918
4230
5168
4214
5993
4479
4757
4068
4768
4314
5559
4302
4010
5304
5322
4798
5563
5619
5277
4093
4970
4523
5092
4085
4648
5760
5826
4426
4538
4225
5613
4573
4039
4928
5875
4484
4858
5285
4581
5448
5109
4111
4577
4139
4300
5155
4621
5295
4551
4151
5179
4035
5794
4172
4405
5853
4197
4744
5504
5327
5971
4965
5278
4944
4981
5815
4411
4614
5152
4330
5936
4038
5214
4905
5574
4676
5101
4318
4815
4566
4208
5393
5282
5739
5657
4454
5182
4374
5964
4767
4380
4595
5410
4147
4854
4795
4824
5108
4179
5458
5076
4182
5137
5826
4440
5684
4647
5065
4040
4913
4657
4801
4860
5173
5568
4086
4601
5398
5877
5548
4984
4304
5833
4832
4270
4750
4143
4417
5851
5939
4603
4822
4102
4730
5283
5753
4643
5717
4723
4533
5331
4462
4345
4414
4522
5993
5321
5396
5143
5669
4760
5858
5178
5067
4731
4609
4074
4188
4280
4907
5094
4650
4545
5041
5643
4271
4388
5538
4984
5564
4377
4273
4049
5282
5040
4961
5518
5194
4186
4613
5905
5045
5342
4869
5823
4186
4380
5041
5755
4742
5461
5077
5936
5362
5148
4332
4323
4597
4817
4719
5974
5294
5732
4105
5163
5546
5520
5915
4173
5696
5701
5773
5589
4659
4756
4060
4905
5526
4279
4158
5842
5708
5370
5470
5670
4848
4132
4574
5155
4019
5011
4553
4898
4248
5712
5385
5269
4986
4758
4657
4770
4901
5497
4303
4982
5392
5356
5384
4411
5142
5934
5740
5512
4234
5948
5092
4581
5562
4155
4788
4610
5075
5711
5135
4685
4080
4869
5171
5334
4351
5454
5005
5543
5449
5343
5519
5064
5457
5804
5831
5246
4413
5567
5438
5820
5156
5770
5388
4992
4293
5827
5114
5697
4625
4031
5791
5512
4479
5534
4089
5824
5977
5386
4709
5068
5858
4042
4154
5949
5050
4370
5632
4096
4412
4778
4820
5369
4143
4354
5500
5808
4695
4474
4025
5810
4078
5422
4590
4739
5406
5755
5985
4714
4568
4599
5230
5782
4635
5465
4132
5290
4868
4267
5681
5981
4432
5137
4773
4380
5832
4400
4083
4375
5996
4471
4062
5613
4703
4109
4400
4065
4102
5111
4945
4567
4086
5841
5003
5504
4363
5974
5258
4218
5683
4623
5648
5605
4274
4247
5289
4700
4297
4175
4350
5031
5158
5483
5402
5120
5784
5616
5719
4495
5869
4163
5796
5122
5801
4726
4827
4103
5163
4720
5221
5574
5074
4770
5878
4559
5577
5247
4401
4622
4331
4916
4034
5550
4788
4010
5203
5030
4399
5696
4604
5476
5809
4142
4035
4976
4999
4915
5353
5482
5854
4784
5455
4208
5691
5892
4876
5204
5688
4563
4947
4116
4408
4465
5752
5351
4276
5018
5683
4345
4557
4725
4215
4729
5887
5415
5606
4225
4001
4516
4280
5903
4855
5604
4824
4525
4149
4100
4471
5324
5175
5814
5030
4678
5652
5561
4140
4247
5831
5920
4654
5737
5973
4455
5651
4961
5237
4642
4150
5508
5808
5604
5225
5530
5982
4845
4866
4239
5879
5906
5782
4175
4251
4390
5512
4469
4883
4942
5795
5991
4025
4410
4409
5157
4683
4483
4409
5802
5620
4861
5811
4397
5177
4249
4124
5032
4414
5936
4143
4345
5670
5199
5211
5070
5319
5442
4215
4184
5427
5899
4694
4449
4935
5658
4485
4779
4535
4962
4155
4648
4851
5255
5253
4742
5930
5258
5173
5710
5132
4485
4677
5707
4746
4400
5718
5899
5371
5470
4520
4648
5591
5148
5666
4959
5372
5623
4320
4775
4571
4815
4240
5220
4883
4951
5049
5209
5435
4495
4258
4637
5128
4757
5919
5732
5396
4544
4054
5854
4484
5991
5000
5890
5936
4895
4640
4395
4903
4872
5718
4316
4837
4169
5783
4081
4226
5697
4561
4111
4201
5665
4453
5679
4633
5024
4043
4773
4383
4143
4630
4732
5135
5582
4407
4929
4106
5171
5805
5846
4000
5419
4805
4700
4113
4376
5455
5583
5460
4082
5401
5854
5615
5897
5041
5162
4942
5001
4394
4529
5557
5419
5871
4750
5115
5646
4394
5044
5546
5303
4916
4026
4213
5793
5006
5305
5758
5360
5250
5723
5603
4688
4200
5568
4067
4749
4859
5366
4660
5505
4147
5560
4803
5980
4070
4717
5925
5234
4189
5143
4176
4775
4209
4463
4108
5126
5969
4743
5663
5250
5909
4057
4067
4720
5730
4135
4288
4948
5564
4812
5038
4045
5384
4075
5125
4851
4667
5279
4482
5254
5023
4699
4532
4953
5229
5540
4971
4562
5591
5223
5480
5712
4398
4743
4512
5194
5367
4758
5583
4132
5460
5985
4122
5992
4458
4232
5220
5493
4917
5648
5882
5612
4998
4503
4027
4755
4383
5715
4421
5053
5766
5505
4685
5425
4819
4543
5208
4968
5965
4167
4406
4582
5889
4191
5996
5114
5923
5336
4797
4661
4134
4100
4097
5080
5406
4730
4947
5903
5820
5301
5249
5339
4579
5095
5305
4943
5355
4165
5005
4316
4462
4726
5612
4398
5204
4009
4135
5980
4331
5387
4524
4846
4697
5827
5979
4664
4185
5432
4079
5176
5714
5238
4800
4922
4002
4333
5774
4409
5350
5726
5987
4960
4178
4184
4529
5820
5771
5761
5563
5725
4936
4627
4237
5776
4100
4261
5190
5392
5530
4005
4898
5587
5775
4331
4396
5767
5285
5830
4093
5967
5314
5329
5361
5439
5749
4385
4009
4288
5019
4621
5790
4369
4393
4843
5142
4341
5055
5012
4393
4100
5108
5974
5074
5906
4994
4758
5444
5521
4232
4895
4935
4294
5006
4425
5762
5265
4485
4610
4503
5237
5694
5327
4580
4638
5190
4379
4195
4114
4926
5950
5084
5487
4751
4878
5953
5261
5612
4711
5566
5028
5299
4346
5368
5573
4642
4092
5937
5271
4171
5067
5244
5197
5068
4623
5067
5166
4019
5422
4001
4844
5752
5941
5215
4509
4433
4845
5769
5882
5294
5700
4887
4573
4339
5251
4031
5621
4163
4466
5153
4421
5970
4487
5025
4987
4036
5072
5467
4575
4334
4739
4423
5415
5942
4184
4326
4715
5146
4090
5077
5592
4406
5262
5689
5981
4619
5698
4903
4152
5130
4931
4912
4658
4366
5970
4459
4954
4705
5510
5736
5883
5016
4184
5116
4825
4808
4823
4213
5623
5704
4489
4802
5137
4502
5568
5832
5101
4636
4437
5627
5852
4642
4891
4510
4228
5526
4820
5652
5382
5546
5453
5326
5784
5302
5116
4510
5618
4738
5874
4252
5113
4523
5174
5102
5888
4159
5735
4619
4317
5982
5896
5139
4886
5148
4890
4551
4387
5034
4972
4633
5050
4875
4091
4513
5784
4625
5196
5520
5833
4477
5105
4519
5712
5005
5912
4034
4095
5889
4064
5010
4296
5963
4996
5811
4449
4236
5566
5117
5186
5813
4692
4623
4334
4782
4452
5699
5947
5569
4512
4759
4458
5864
4537
4397
4650
4653
4187
4751
4643
5898
5705
4246
4825
5705
5915
4610
5068
4744
5901
4339
4740
5434
5911
5658
4985
5701
4142
5171
4666
5233
5740
4044
4486
5926
5445
4198
5725
4030
5481
4834
4164
4656
4546
4101
5254
4876
5613
4108
4309
4852
5388
4885
4778
4827
5812
4932
5062
5782
4839
5170
5736
5835
4176
4095
5207
4796
4995
4058
5309
4180
5047
5165
5837
4654
4245
5618
5170
4551
5564
5806
5808
5025
5899
4221
4554
5657
5169
5159
5512
5948
5906
4911
5330
4551
5849
4415
5989
5191
5372
5759
5378
4500
5480
5883
4078
5500
5003
5821
4688
5381
5876
4913
5292
5946
4619
5171
4583
5599
4108
5651
5162
5409
4742
4224
4650
5997
4012
5966
5560
5713
5018
5342
5165
4343
4885
5597
4643
4852
4618
5001
4266
4534
4899
5841
5953
4373
5446
5619
4376
4305
4251
5812
4899
5898
4331
4400
4656
5168
4311
4882
4209
4491
4095
4171
5609
4872
4259
4517
5182
4754
5266
4319
4213
5877
4027
4097
4224
4323
5180
4627
5736
5718
4375
5703
5911
4273
5973
4884
4072
5378
4234
5843
5783
4666
4062
5235
5547
4696
4850
4616
4885
5855
4803
5550
4196
4269
5549
5791
4403
4501
5843
4989
5574
5651
5942
4665
4934
5683
5099
4744
5956
4708
4899
4296
5639
5913
5232
5621
4991
5585
4961
4581
4505
5175
5360
4452
5234
4545
5281
5091
4710
5388
5845
4089
5891
4168
5421
5890
5023
5698
4019
4984
5456
4347
4845
4357
5177
5213
4075
5614
4485
5788
4296
5056
4906
4441
4406
5211
5914
4324
5412
5865
5562
5476
4792
5967
5010
4176
5589
5849
5699
4462
4158
5147
5628
4387
4231
5518
5370
4288
4672
5596
4160
4450
5075
4017
5147
4404
5618
5997
4079
4077
5085
5278
4744
5072
5741
5941
4715
5032
4128
4082
5364
4643
5643
5984
5529
5140
5254
4561
4383
4327
4242
4682
4115
4042
4239
4948
4913
4367
5340
4248
4120
4277
5651
4995
5873
5940
4853
5294
5660
4505
4317
4122
4103
5230
4319
5957
4197
5363
4252
4910
5194
4136
5191
4686
5731
5507
4888
5534
4240
5231
4882
4353
4910
4627
4424
5018
5018
5011
4041
4023
5448
5770
5573
5745
5269
4498
4814
5740
4200
5795
4815
4808
5794
5923
4320
5450
4050
4283
5928
4748
4832
4956
5057
5736
5756
5961
5721
4356
5497
4867
5666
4783
4505
5000
5289
4295
5940
5962
4562
4114
5835
4855
5814
4673
4812
4884
4021
5969
5490
4316
5618
5209
4011
5614
5577
4719
5625
4511
5908
5612
5522
4177
4709
4769
4611
4809
5373
4231
4872
4345
5194
5520
4312
4010
5060
4528
4747
4427
5943
4832
5768
4832
5159
4515
4293
5641
5299
4179
5112
5397
5697
5149
5174
4117
5595
4578
4203
4298
5052
5931
5119
5653
4016
5820
4628
4377
5112
5869
4970
4558
5551
5508
4911
4776
4766
4307
4105
5224
5567
4679
5956
5401
4740
4753
4170
5006
5875
5972
5751
4636
5296
5133
4514
5880
4288
4262
5608
4243
5233
5473
4641
4086
4952
4397
5168
5462
4732
4091
5384
5572
5173
5184
5894
4856
5125
5118
4474
4963
4092
5110
5985
5304
4726
4753
4085
5843
4061
5522
5967
5584
4345
4794
5673
5733
5732
5076
4751
4128
5221
4281
4260
5351
4819
4841
5191
4635
5930
4040
5126
5849
5655
4275
4765
4730
5497
5531
4094
5560
