4500
5431
5094
4015
5340
4868
4997
4270
5365
5184
4969
4366
4534
5913
4159
4241
5339
4083
5231
4771
5621
4186
5055
5656
4885
4437
4193
5568
4177
5737
4311
4320
4294
5744
4332
4296
4413
4078
4597
5070
4259
5240
5723
5181
5446
4924
5029
4777
4039
5260
5271
4282
4397
4109
5400
5417
4279
5165
4876
4239
5809
5649
4450
4396
4135
4776
5554
5098
5836
5603
5678
4251
4323
4897
5078
5165
5879
4811
4774
4685
5081
4501
5205
5893
4865
5404
5492
4388
5029
5149
5055
5264
4310
4726
4980
4422
5843
4725
5735
4876
4366
5361
4013
4796
5151
4544
4577
5135
4941
5809
5163
4395
4891
4628
5921
5656
4904
5917
4934
5946
4370
5181
4618
4445
4917
4554
5416
4078
4536
4994
5225
5702
4500
4129
5505
5803
4091
5515
4485
4879
4388
4118
5079
4376
5302
5239
5671
5453
5891
5092
5537
5096
5933
5016
5364
5102
5885
4689
5469
5488
4385
4136
5692
4753
5115
4513
5793
4133
4002
5248
4312
5276
5210
4043
4182
4511
4357
5331
5824
4404
4770
5329
4079
5594
4871
4378
5046
5701
5597
4391
4030
4564
4152
5385
5038
5790
5608
4975
4809
4274
4384
4364
4219
4720
5330
4698
5245
4374
4552
4694
4707
4954
5905
5029
5394
5477
5883
4312
5234
5139
4293
5660
5012
4173
4319
5882
5315
4667
4455
5915
5084
4305
4580
5729
5434
4918
5034
4454
4197
4519
4124
4216
5569
4755
5800
5296
4204
5169
4877
4159
5228
4698
5950
4830
5601
5835
5830
5542
4653
5930
4347
5896
4140
5793
5178
5850
4967
4424
5391
4438
5264
4262
5686
5081
5215
4950
5043
4361
5958
4897
5380
5339
5613
4240
5790
4945
4771
5474
4508
4468
5977
4373
4999
4289
4395
5114
5599
5167
5132
5007
5927
4759
4971
4505
4883
4323
4110
5493
4554
4694
4336
4632
4461
5697
5828
4204
4346
5853
4528
5961
4284
4856
4597
5138
5831
4461
4518
5317
4790
4170
5418
5091
5146
4810
4263
5737
4589
4944
4830
4463
4366
4702
5579
4988
4720
4192
4603
5832
4619
5618
5966
5544
4701
5617
4955
4996
4181
5585
4175
5264
5015
5482
4903
5919
4119
5649
5643
4291
4765
5798
5336
5124
4619
5107
5576
5952
4359
5771
5887
5379
4154
5653
4768
5006
5585
5695
5671
4965
5550
4132
4481
4048
4043
5188
5160
4640
4659
5764
5421
5993
5031
4776
5948
5061
5263
5582
5434
5847
5882
5191
4973
4599
4354
4933
5692
4340
4763
5945
5252
4376
5643
4557
5520
4989
5582
4475
4410
4115
4037
5878
4990
5641
4142
4712
5727
4679
4443
4808
4371
4899
5485
5779
4185
4596
4925
5993
5729
5795
4613
4915
5048
4054
5810
4329
4653
4025
4899
5185
5271
5199
5629
4337
5734
4947
4223
5669
4220
5132
5841
4481
5150
4292
5701
5205
5303
4158
5566
4970
4955
4578
5027
5031
5287
5381
5013
4317
4260
5041
4374
4319
5685
5473
4255
4351
4472
5720
4247
4628
4925
4248
5010
5075
4254
5352
5421
4286
4139
4650
5312
5825
4407
5356
4278
4842
5530
4631
5260
5700
4685
4155
4030
4759
4928
5468
4465
5368
4427
5836
4001
4144
5785
4598
4530
5663
5954
4750
4759
5340
4639
5650
4672
5078
5316
5508
4391
5369
4246
4874
5161
4730
5569
4728
4487
4632
4664
5821
4171
5520
5021
4324
5743
5515
4677
4604
5464
5043
4208
5942
4667
4001
5211
5435
4902
5452
5207
5333
4061
4656
5613
5249
5788
4831
5802
4034
5946
4152
5641
5633
5541
5648
5116
4914
5813
4207
5342
5564
5680
4527
5562
5540
5280
5958
5908
5761
5297
4573
4770
5379
5919
4104
5570
5662
5949
4880
5124
5718
4338
5194
4513
4944
4124
5110
4833
4111
4627
4224
5214
5895
5365
5118
4909
5019
5463
4421
4971
4375
4423
5949
5206
4231
5022
5696
5425
5813
5672
5419
4081
4624
4144
5482
5779
4929
5372
5848
5813
5488
5955
5281
5353
5063
5048
5609
4530
4756
4703
5525
5480
4500
4109
5021
5808
4685
5408
4475
5240
5747
5288
4799
4220
5482
5149
4639
4625
4784
5169
5070
5079
4616
4436
5131
5230
4133
4717
5008
5372
4755
4837
5682
5228
5663
5088
4444
5008
4543
5473
4227
4200
4294
4720
4093
4732
5108
4242
4430
5338
4360
4528
5026
5377
4797
4790
4237
4165
5749
5923
5080
5764
5170
5113
5218
4102
5869
4423
4149
5590
5563
4078
5982
4439
5627
4522
4109
5207
5843
5186
4682
5138
5250
5399
5690
5925
5472
5255
4027
4118
4773
4674
5574
4729
4001
5720
5921
5835
5972
4449
4202
4976
5227
5038
5668
4608
5183
4206
5552
5864
4955
4398
5094
4136
4729
5636
5681
4727
4320
5251
5926
4637
5097
4945
5623
5994
5840
4392
4022
4858
5797
5859
5679
5302
4375
5809
5738
5346
5982
5625
5366
5133
5650
5421
4619
4323
5426
5227
5081
5853
4883
4778
4551
5573
4695
4142
4781
4191
5165
4445
5632
5761
4055
4865
5245
5357
4742
4696
5998
4193
5891
4693
4321
5292
4394
5100
4398
4702
5890
4943
4673
5443
5957
5748
5733
4182
4294
4126
4058
4872
5783
4509
5817
5505
4726
5406
5040
4707
5163
5016
4473
5744
5334
4731
5179
4846
4021
4355
4844
4653
4624
5561
4655
4563
5362
5596
5392
4466
5598
4374
5631
5972
5585
5447
5064
4958
5447
5036
4546
5501
4133
5389
4778
5501
4763
5108
5369
5362
5966
4469
4048
5053
4913
5715
5184
4632
4462
5014
5727
4314
4273
5660
5475
4725
5002
5962
4108
5882
4381
4256
4125
4209
5054
4770
5817
4928
4013
4145
4729
5448
4025
5510
4542
4750
4467
5152
5084
5911
5124
5303
4157
4412
5586
5870
4093
5643
5973
4078
5586
5450
5918
5339
4428
5678
5361
5617
4118
4560
4323
5067
5507
5228
4158
4795
4332
5918
5733
4378
4714
4986
5459
5071
4808
5027
4617
5811
5265
5443
4565
4648
5644
4186
5118
5265
5683
4080
4684
4875
5435
4134
4039
4344
5237
4318
4505
5441
4407
5703
4521
4367
4321
5510
4300
5364
5378
4913
5987
5675
4208
4217
4430
5300
4123
5507
5141
5938
5305
4947
5290
4717
4402
5387
4133
5511
5418
4604
5505
5740
5476
5187
5951
4729
4673
4296
5093
5547
5840
5221
4559
4691
5080
5538
4480
5009
5525
4430
4171
5753
5788
5677
5144
5883
5576
5124
5171
4512
5014
4590
5466
5494
4755
4716
4845
4094
4985
4344
4537
4433
5028
4253
5923
4251
5685
5183
5053
5824
4684
5430
5138
5713
5143
4278
4907
5647
4057
4025
4590
4358
5030
4186
4270
5208
5596
5530
5042
5212
4077
5695
5936
5782
5458
5454
5157
5310
4320
4566
4525
5656
4364
4381
4685
4923
5357
5407
5052
4933
5143
4326
4608
4098
5058
4378
4486
5501
5927
5456
4318
4132
4802
4096
4862
4273
5078
4016
5486
5357
5640
5005
5227
5799
4561
5689
5280
4207
5684
5306
4183
4638
4919
4581
4175
4183
5271
4783
4307
4135
4621
5690
5854
5851
5465
4420
4938
4163
5534
4610
4949
5477
5371
4218
4361
5794
5136
4127
4252
5867
5412
5746
4017
5207
4559
4965
4443
5837
5863
4195
4866
4658
5643
5325
4055
4668
5764
4258
4146
4285
4506
5137
4851
4793
4751
5934
5915
4824
5772
5305
5086
4847
4548
4944
4711
5337
4132
5988
5264
5486
5425
5688
5431
5322
5938
4938
4223
4866
5176
5423
5108
4965
4242
5509
4176
4356
5944
5994
5020
4108
4247
5500
5948
4511
5743
4812
5481
4990
4124
4433
5477
5491
4791
5222
5958
4753
4378
5640
4945
4118
5277
5366
5291
4268
4953
4547
5780
5341
5845
5431
5741
5388
5011
5643
5773
5153
5623
5884
5244
5717
5576
5119
4685
5850
4422
4521
4733
4074
4402
5199
4585
5891
4988
5285
4399
4862
4860
4302
5107
4723
4758
4573
4080
5487
4872
4849
5996
4123
4067
4538
4001
4732
4464
5882
4429
5564
5715
4500
5755
4123
4626
5148
5925
5451
4354
4747
4462
5649
5658
4880
5559
4948
4652
4670
5163
5983
5504
5097
5529
5181
4585
4757
4481
5772
5238
5438
4195
5699
4102
4100
5540
4420
5159
5044
4882
5998
4024
4102
5764
5754
5725
5205
5403
4841
5641
5918
4045
4806
4789
4605
5445
4147
4385
4082
4849
5666
4571
4996
5207
4026
5867
4958
4051
5847
5032
4661
4875
5103
4287
5954
5600
4426
5417
5514
5768
5068
4220
4573
4325
4923
5967
4560
5539
5334
4229
5947
5515
4238
5976
4733
4200
4784
5257
4148
5676
5183
4432
5635
4425
5513
5880
4593
5532
5619
5488
4208
5644
5858
4737
4705
4622
5715
4603
4340
4680
5241
5855
4100
4310
4437
4316
5375
4664
5147
5819
4416
4931
4836
5322
5481
5956
5566
5868
5984
5948
4206
4057
5477
5988
4855
5425
4664
5170
4535
4832
5126
4197
4422
4302
5989
4279
5031
5445
5932
5372
5919
4443
5657
5364
5870
5696
5498
5051
5467
4725
5572
4143
5392
5723
4188
5345
4300
5142
4129
4081
4735
5534
5381
4719
4853
5972
5649
5141
4903
5370
5827
5907
5251
4058
5182
5737
5727
4339
5082
5950
4660
5888
4095
5602
4502
4903
4008
5051
4365
4683
4560
4173
5309
5943
5728
4714
5178
5702
5802
5351
4452
5750
5715
4776
5404
5436
4462
5722
5620
4294
4778
5037
4110
5848
5474
4833
4383
5786
5487
4758
5798
4454
4950
5505
5041
4259
4114
4530
4166
4575
5811
5974
5571
4646
5262
4203
5412
4605
4943
5018
4461
5466
4242
4553
4788
5438
5384
4672
5636
4925
4203
4323
5862
4499
4690
4263
5810
4887
4772
4612
5526
5783
4172
5331
4815
4370
5611
4614
4006
5155
5360
5023
4785
4622
4383
5934
4196
5522
4747
5625
4347
5723
5457
5718
5650
4636
4955
5694
4828
4686
4848
4185
5794
4311
4148
4644
5385
5045
4424
4020
4823
5908
5776
4279
5337
4333
5491
5973
5642
4765
4551
5327
4062
5689
5102
5918
5650
4154
4353
5394
5145
4679
4886
5158
4669
5067
5488
5664
4296
4168
4888
4746
4137
4003
4056
4410
4174
5269
4163
5432
5718
5740
4784
4140
5649
5208
5557
5813
5724
5515
4210
4814
5898
4244
4239
4927
4841
4881
5775
4237
4155
4135
4428
4684
4184
4072
4398
4329
4686
5421
4215
4362
4255
5741
4275
5395
5516
5295
4503
5647
5122
4293
4477
5667
4392
4061
4311
4778
4294
4330
4105
5104
5658
4559
4069
4907
5800
4398
4998
4649
5823
4748
4999
5178
4510
5043
4923
4142
5009
5898
4262
4622
5087
4393
5605
5960
4602
4240
5253
4592
4136
4389
4417
5508
4233
5795
5776
5155
4747
5607
5078
4092
4958
5673
5922
5873
5132
5005
4597
5629
4264
4193
5795
5817
5662
4161
5734
5628
5666
4629
4544
4048
5153
4517
5260
5850
4181
4966
4838
5337
5510
4821
4322
5158
4784
4825
5817
4026
5775
5352
5221
5395
4804
4245
4714
5857
4548
4637
5207
5753
5675
4844
4497
5076
5345
5654
5811
5526
5715
4841
5388
5997
4962
4393
5156
5453
4072
5312
4277
4245
4291
5347
5745
4092
5340
5589
5557
5797
5398
5261
4867
4932
4630
5424
5036
4811
4684
4584
5127
4871
4935
4737
5313
5117
5501
4304
4317
4987
5412
5914
5553
4744
5590
5846
4498
4646
4418
4463
4941
4471
5036
4675
5820
4897
4625
5476
5851
5979
5347
5809
5861
4344
5531
4802
4544
4885
5905
4366
4947
4361
4460
5292
4918
5342
5342
5855
5595
5068
4430
4858
5307
4254
4416
4015
5951
4652
4423
5351
5878
4552
4148
4070
4924
4140
5426
5857
5171
4849
5652
5656
5829
5875
4857
4493
4635
5727
5735
4680
5368
4425
5398
4906
5413
4161
4788
5932
4206
5007
5995
4289
5449
4418
4773
5516
5053
5221
4578
5960
4379
5804
5334
4964
5534
4072
4906
5101
4606
5123
4431
4592
5271
4926
4425
5058
5627
4422
5948
4141
4337
4520
4381
5576
4341
4940
4102
4916
5286
5210
5725
4650
4458
5214
4278
5169
5886
5347
4807
4776
5588
4601
4902
5848
4737
4914
5189
5237
4438
5716
5957
5625
5439
5713
4614
5453
4822
5228
5405
4886
4418
4155
5290
4839
5431
5783
4793
4724
4838
4366
4371
4248
4671
4101
4078
5533
5453
4028
4570
4872
4851
4018
4538
5102
5604
4337
4410
4311
4393
5151
5241
4096
5887
4193
4430
5793
4878
4671
5942
5260
4020
4181
4636
4625
5516
5677
4925
5868
4420
4211
4972
4666
4994
4364
4549
5425
4649
5140
5459
5002
4382
4824
4025
5531
4617
4595
5329
5128
5843
5445
5084
4573
4098
4791
5432
4936
4456
5001
4244
5357
5822
5278
5827
4341
5723
4754
4904
4398
5120
4798
4357
4628
4339
4553
4433
4129
4041
5496
4115
5036
5554
4128
4329
4438
4273
5732
4401
5410
5225
4977
4852
4282
4374
4154
4136
4697
5642
5735
4730
4301
4616
5591
4132
4321
5246
4929
4002
4132
4251
4918
4295
5649
4642
5738
4871
4480
5174
5889
5376
4693
5084
4173
4171
4838
5062
4256
4410
4108
5380
4668
4014
5466
5395
5692
4620
5974
5317
5718
4649
5668
4889
5045
5006
5363
5253
4192
4609
4927
4605
4868
5957
4803
5931
4654
5026
5581
5692
4088
5366
4248
5911
4601
5012
5974
5690
4826
5604
5606
5010
4187
5282
4311
4820
5834
5358
5696
5715
4437
4664
5468
4516
4223
5226
4630
4533
5569
4218
5468
5065
5827
5004
5408
4434
5982
5302
4198
4779
4984
5905
4075
4804
5801
5632
4022
4515
5295
4587
5419
5230
4572
4453
4473
5776
5491
4243
4292
4561
5306
5258
5884
4024
4455
5887
4433
4675
5928
5093
4870
4099
4500
4401
4350
4210
5467
5870
5079
4638
4954
4266
5849
5436
5010
5144
5422
5288
4347
4382
5551
5554
5573
4497
5340
5963
5662
5932
5554
5503
4345
4927
5900
4047
5041
5135
4586
4883
5849
5713
4959
4531
4204
5057
5121
4362
4586
4475
4026
4711
5148
5462
4548
5274
4290
4301
5547
4065
5582
5578
5801
5881
5804
4590
5333
5545
5022
4477
4988
4178
5870
5146
4617
4542
5559
5144
4379
5633
5558
4019
5482
5298
4785
5589
4269
5248
4504
5954
5941
5594
4973
4477
4167
4655
4176
5777
5286
5538
4723
5871
5327
4073
5398
5360
5077
5883
5957
5031
4325
5714
4048
5367
5494
5383
5340
5444
5172
5369
5157
5038
5100
5959
4748
4258
4117
4721
5628
4556
5980
4956
5186
4976
5572
4932
5219
4346
4846
4326
4028
4246
5833
4157
4169
4988
5669
4053
4569
4725
4797
5393
5741
4573
5188
4491
4636
5351
5338
4928
5008
4580
4186
4928
4822
4247
4395
4938
5303
5152
5870
5493
4183
4258
4294
5792
4011
5686
4129
5480
5309
4691
5608
4112
4561
5518
4849
5869
5542
5114
5248
5405
4730
5041
5163
5086
4177
4492
4674
4137
4076
4084
4113
5847
4980
5659
5234
4966
4807
5047
5459
4969
5024
4322
4736
5975
5967
4010
5057
4412
5534
5765
5744
4954
5233
4405
5237
5286
5254
4620
5303
5469
4492
5806
5424
5799
5311
5005
5738
4702
5677
4633
4090
4010
5379
5202
5449
5234
4404
5732
5210
5937
4041
5628
5496
5771
4995
4983
5496
4214
4326
5810
4162
5913
5459
5448
5559
4420
5871
4926
4832
5822
4905
5961
4896
4790
4595
5702
5856
4883
4237
4799
5857
4250
5790
4589
4653
4827
4098
5090
5531
5178
4831
5763
5845
4940
5494
4462
4290
5531
4416
4378
5734
5117
4195
4483
5229
5761
4320
5552
4358
5572
5152
5773
5181
5371
4697
4771
5326
5888
5365
5659
4210
4065
5319
5267
4082
5302
5525
5643
5482
5731
4223
4828
4152
4437
4894
4833
4079
4070
5787
5530
4105
5407
5263
4478
4196
4479
4127
4209
5231
5079
4763
4319
5529
5637
4364
5648
4876
4688
4108
4322
4604
4846
5269
4819
4772
4458
4490
4415
5115
4347
5956
4067
4303
5803
5607
5242
4323
4626
5273
5372
4896
4985
5001
4147
5143
4017
5138
5270
4579
4716
4582
4422
5206
5084
4286
5021
5385
5914
4628
4896
4174
4557
5462
4758
5572
5974
5945
4598
5609
4198
5329
4725
5503
4162
4333
4042
5590
5223
5283
5337
5297
5280
5120
4705
5869
4588
5236
4031
5481
5125
5154
4707
5860
4030
4045
5165
4867
5550
5826
5897
5324
4987
5350
5171
5437
4259
4478
4358
5976
4619
4033
5440
4119
5299
5454
4908
5695
5738
5954
4327
5844
4290
4667
4570
5550
4023
4012
4739
5457
4259
4622
5315
5564
4247
5065
5838
4359
4298
5183
5961
4766
4529
4659
4183
4609
5933
5850
4638
5093
5304
5635
4550
4849
4236
5579
5575
5944
5284
5840
4465
5552
4693
4225
4617
4221
5925
5797
4088
4267
4280
4724
5857
5978
4098
4293
4682
5348
5853
5459
4781
4524
4032
4933
4395
5901
5150
5519
5447
4474
4720
5117
5321
5454
5830
4391
4715
5545
5866
4599
5683
4895
5634
4237
4080
4922
5186
4416
4905
4895
4341
4974
4494
4432
4333
5892
4417
5602
5088
4274
5287
4581
5457
4963
5447
5521
5044
4583
5537
5597
4085
4312
5915
5177
4462
5243
4991
4447
5694
5172
4496
5570
4241
5406
5352
4865
5417
5839
5333
5221
4984
5688
5351
5988
4806
5078
4460
4322
4325
5632
5653
4927
4954
4434
5772
4014
5031
5411
4243
4741
4184
4578
4965
4986
4024
4191
4626
5480
4454
4789
4895
5157
5879
5477
5513
4956
4301
4614
5553
4425
4161
5697
5793
4356
4835
4755
5315
4257
4742
5453
4872
4172
5864
4148
5443
5018
4761
5807
5736
4094
5385
5906
4226
4774
5738
4829
5315
4037
5972
5886
5352
5218
5190
5630
4701
5299
4190
5956
4811
5182
4209
5715
4868
5498
4249
4417
4347
4408
4231
5310
5409
4873
4816
4095
5103
5748
5059
4116
5592
4057
5805
5379
5844
4149
4489
4119
5826
5500
5760
5570
5665
4225
5114
5991
4326
5076
5102
5720
4180
4483
5158
5209
4244
4898
4421
5223
4494
5535
5775
4946
5091
4950
5847
4941
5277
5821
5707
4471
4470
4999
5997
4114
5573
5205
4868
4173
4117
4323
5164
5071
4275
4135
5644
4684
4593
5558
4584
4577
5077
4098
5405
4345
5668
5351
5971
5171
5914
4027
5505
5485
4715
4066
4841
4197
4903
5532
5675
5181
4126
4393
5432
4493
5533
5810
5980
5618
5162
4437
4374
5577
5819
4869
5197
5781
5558
4178
5769
5189
5016
5145
5507
4394
5404
5958
4736
5040
5588
5988
4650
4586
4556
5439
5490
5121
4937
4913
4455
5668
5275
5016
4966
5593
5019
5927
5250
4930
5505
4102
4534
5143
4281
5639
4050
5467
4836
4657
5535
4069
5636
5133
5455
5327
4728
4128
4727
4844
4774
5269
4459
5052
4310
4231
5606
5820
5431
4543
5995
5291
4284
4215
5412
4301
5517
4299
5709
4839
5255
4826
4005
4150
4508
4236
4876
4656
4373
5760
5348
5567
4345
4527
4254
5814
5107
5382
5355
5933
4829
4818
5892
4579
5876
5767
4255
4007
4251
5950
5171
5315
4498
4374
5949
5335
5330
4595
4545
4011
5526
5864
5651
4547
4686
4360
4789
4889
5274
5944
4844
5336
4405
5100
4262
5413
4913
4437
5313
4198
4467
4472
5687
5863
4247
4322
4332
4372
4115
5736
4844
5548
5943
4588
5971
5733
4947
4028
4618
5532
5375
4785
4862
4594
4120
4430
4381
4331
5334
5728
4441
5621
4328
4965
4181
4409
4037
5407
5558
4103
4845
4259
5471
5266
4630
4827
4163
5687
5028
5150
5814
5020
5002
4078
5273
4772
4736
5985
5663
4830
4243
4517
5992
5705
5335
5963
5918
4097
4542
5322
4430
5160
4613
4875
4024
4829
5207
4894
5311
4192
5120
5357
4823
5948
5446
5233
4268
5984
5236
5814
4902
4349
5966
4766
4573
5368
5712
5691
4440
4219
5630
4834
4662
5931
4320
5475
5217
4896
5798
4342
5185
4869
4880
4713
4052
4225
5732
5836
5474
5325
5996
4379
4939
4405
5525
5796
5304
4543
4983
4388
5268
4549
5659
4180
4583
5259
4506
5354
4465
4059
4548
5647
4737
5870
4264
5960
4541
5715
5689
5146
5488
5542
5864
5185
5846
4515
5182
4840
4076
5270
4702
5783
4544
4399
4138
5328
4253
5497
5528
5676
4968
5107
5169
4263
5358
4516
5033
5700
4447
4490
5825
5472
5733
5344
4932
4422
4238
5931
5823
5488
5578
4012
4078
4897
4243
5373
4110
4023
5417
4116
5024
5602
5997
4377
4550
4938
4172
5184
4643
5368
4278
4519
4994
4034
5380
4888
5396
4175
5093
5211
5207
4637
4778
5158
5388
5309
4957
4447
5307
5695
5309
4860
5170
4881
5965
4278
5516
4853
5373
5700
4743
5080
5303
5258
4617
4377
4683
4086
4804
5594
5913
5247
4685
5450
5831
5598
4733
5638
4618
4344
5191
5446
4845
4414
5705
5143
4817
4803
5672
4124
5303
4236
4927
5455
4864
4882
4565
5823
4164
5878
4884
5312
5481
4635
4377
5857
4453
4591
4398
5931
4634
5359
4734
5281
5000
4485
5373
4346
4043
4240
5370
4189
5225
5160
4067
5396
5033
5729
5374
5958
5575
5587
5098
5858
5214
5107
5507
4211
5761
5497
5972
5874
5660
5792
4593
4564
5357
4519
5339
4436
4593
4272
4532
5284
4955
5820
5630
4867
4544
5970
4102
4007
5449
4268
5684
5875
4936
4471
5529
5024
5421
4675
5694
4790
4546
5446
5631
5964
4089
5799
5991
5878
5496
4800
4189
5487
4201
5691
4006
4574
5763
5654
4942
4237
5444
4533
5108
4500
5550
4407
5402
5384
5902
4431
5658
5395
4275
4655
4817
4688
4024
4596
4299
4708
5714
4445
5534
5729
5138
4215
4959
4392
5663
4748
5442
4287
5904
4339
4799
5260
5022
5428
4632
4378
5244
4435
4606
4342
4666
5358
5956
4877
5915
5258
5705
5173
5494
4048
4791
4649
4156
4214
4256
4673
5767
4287
4032
5825
5092
4707
4787
4006
5039
5429
4833
4967
4002
5603
4595
4617
4801
5851
5303
5201
5028
5410
5527
5488
4053
4539
4272
5736
5466
4531
4357
4747
4438
5014
5540
5416
4225
4434
4911
4515
4580
5332
4698
5147
5228
5726
4617
4331
4965
4847
4677
5689
4686
4565
4547
4216
4739
5154
5224
4675
5936
5633
4471
4141
5479
4411
5286
4175
5005
5856
5555
4538
5252
4224
4176
4388
4767
5813
5422
5276
5958
4650
5860
4288
4227
5926
5913
5602
5099
4513
4823
4175
5130
4208
5974
4326
4380
4737
4491
4487
5710
5327
5980
4623
4622
5182
4686
4588
5077
5188
5962
5823
5447
5374
5994
4313
4824
4431
5076
4073
4628
5271
5489
4523
4082
5396
5018
5069
4429
4165
4380
5025
4006
4401
4048
4629
5172
4448
5813
4790
5439
5521
4699
4927
5778
5069
5703
4334
5840
4221
5152
4099
4054
4238
4365
4364
5871
5781
4037
4229
5998
5675
4936
4336
5699
5333
4779
4068
4930
5240
5437
4580
5214
4528
4765
5457
4012
4099
4448
5870
5891
5192
5943
4901
5306
5825
5424
5350
4105
5720
5747
5474
5699
4675
4680
4102
4759
4814
4683
5081
5501
4962
5126
5331
4232
4505
5813
4898
4029
5761
4470
5473
5596
5139
5227
4357
5626
5345
5875
5200
5533
4565
5254
5428
4704
4582
5478
5125
4112
5677
4525
4348
4419
5136
5734
5028
4565
4145
5358
4767
4261
4092
5976
4062
5963
4687
5878
5451
5332
4135
4177
5574
5029
4665
5172
5913
5430
5218
4502
4076
5236
4744
5918
4230
4037
4793
4621
5030
5165
5777
4059
5248
5025
5736
4273
4387
4539
5617
5372
4332
5221
4194
5391
5813
4271
4174
4036
5525
4746
5916
5369
5952
4731
4134
5697
4828
5488
5580
5398
4586
4761
4845
5723
4807
4101
5100
4680
4454
5331
4062
4307
4139
5739
4638
5914
5573
4784
4775
4934
4371
4202
4501
4876
5929
4364
5727
4575
5997
4920
5975
4338
4462
5294
4328
4593
5899
5411
4632
4178
5701
4064
5652
5054
4586
4205
4676
5548
4710
5107
5852
5877
4638
4698
5891
4693
4116
5710
4715
4782
5794
4901
4837
4525
4646
4598
4922
4249
5094
5364
4898
4265
4157
4032
5312
4402
4756
4593
4681
4052
5959
5889
5387
5314
4085
5418
5746
5084
4114
5793
5846
4375
5013
4330
4531
4658
5288
4265
4233
5587
4724
4891
5981
4200
5414
4932
4854
4558
5923
4013
4942
4511
4070
5892
4697
5407
4288
5788
5729
5258
5890
5482
4258
4325
5833
4842
5089
5668
4146
5123
5499
5816
5673
5470
4593
5710
5060
4864
4764
4350
4684
4639
4421
5405
5479
5435
4313
4366
4351
5840
4772
4741
5861
4841
5786
5364
5281
5181
5021
5511
4976
4038
5242
5647
5142
4345
4960
4815
4310
4139
5134
5266
5638
5425
5895
5523
5398
5561
5771
4732
5838
4727
4594
4121
4717
4840
4831
4126
5294
4377
4816
5945
5139
4291
5153
5665
4389
4733
5791
4196
5569
4016
4358
4084
4613
5790
4108
4709
4862
5348
5434
5903
4722
5194
4887
5765
5273
4006
5929
4756
4110
4917
5161
4311
5058
4623
5358
4153
4021
4167
5116
4591
5544
4533
4083
5327
4061
5214
5158
4435
4884
4079
5569
5078
5643
4298
5493
5307
5935
4073
5922
5147
4216
5493
4986
4808
4976
5891
5513
5478
5224
5244
5026
4632
5686
4309
5190
4388
4194
5262
4221
5558
5514
5991
4298
4172
4694
5255
5017
4302
4165
5243
5958
5607
4728
5856
4107
5217
4638
5925
5140
5923
5472
5878
5356
4424
4033
4747
5951
4018
5332
4726
5418
5948
5636
5968
4498
4368
5747
5121
5898
5417
5392
4295
5299
5601
5509
5955
4400
5811
4724
4489
5592
4735
5145
5542
4129
4457
4692
5612
4060
4198
4391
5248
4281
5303
4449
4373
5235
4304
5896
4886
5110
4711
4868
4177
4665
4100
4173
5234
4508
4455
5368
4676
4115
4818
4727
4983
4893
5264
5464
4994
5225
5126
4628
5111
4448
4335
4347
5042
4212
4429
4873
4251
5715
4176
4658
5840
4534
4238
5512
4789
4406
5349
5584
4557
4509
4383
4682
4990
5075
5809
5243
4928
4776
5045
5453
4385
5044
5550
4731
5855
5115
5392
4287
4903
4778
4225
5888
5708
5903
5284
4046
5462
4372
5495
4017
5271
5642
4935
5124
5261
5857
4454
4099
5518
5111
5421
4412
4707
5538
4705
5661
4912
4713
4113
4487
5270
5678
4111
4102
5575
5816
5202
5292
5208
5225
5427
4378
5444
5137
4629
5103
5135
5837
4056
4730
5834
4264
5261
5626
5565
4124
4296
5795
4926
4342
4353
4460
5962
4016
5679
4063
5227
4102
4336
4684
5404
5351
5614
4323
5011
4485
5349
4374
5236
4109
4935
4609
4106
4408
5307
4571
5232
5289
4700
5197
4510
4893
5211
4233
5276
5464
5742
4224
5527
5873
5269
4172
5329
5272
4255
4833
5810
5679
4224
4353
5421
4182
4966
5552
5707
4701
4188
4782
5614
5440
5484
4545
4106
5488
5764
4113
4249
5767
5169
4757
4298
4738
4712
5705
5130
4864
5627
4102
4023
5267
5250
5959
4241
4989
5064
4504
4236
4065
4877
4429
4420
5258
4947
4820
5218
5496
5676
4139
4233
5257
5010
4155
4594
5309
5544
4463
4667
5119
4132
5121
4384
5097
4206
4717
5072
5573
4207
4324
5954
4045
5255
5978
4463
5128
4765
