4500
4241
4233
5804
5435
5005
4664
4921
4119
5688
5391
5248
5470
5553
5131
4762
5294
4177
4475
5289
4927
4461
4544
5838
5503
4897
4190
5345
4923
5573
4303
4226
5262
5313
4998
5273
4324
5237
4332
4428
4448
5357
4450
4055
4915
4774
5875
4411
5289
5726
4598
5173
4528
4001
5355
5735
4199
5583
4271
4525
4086
4239
4829
5829
5599
5143
4049
5385
5487
5777
5138
4774
4559
4093
5439
5051
4008
5880
4806
4718
5787
4893
4318
5918
5600
4883
4475
5563
4821
4520
5905
4992
4198
5994
4423
4481
5138
5998
4616
5638
5502
5490
5954
5725
4855
5840
5075
5769
4863
5564
4087
5522
5920
4423
5964
4446
5913
5741
4807
5543
5645
4923
4008
5175
4076
5372
5450
4722
5614
4848
4773
5252
5995
5932
4503
4507
5042
5162
4006
5393
4935
4834
4714
5031
4118
4359
4137
5880
5271
4236
4878
5772
4658
4759
4866
5093
5488
5827
5328
4098
4649
5209
5833
5917
5299
5237
4257
5616
4743
4640
4140
5093
4281
5765
5963
4741
5389
4487
5823
5246
5450
4099
4708
4072
4620
5363
5014
4973
4705
4824
5050
4276
4180
4824
4304
5475
4104
4177
5166
5959
4292
4690
4324
4181
4437
5531
4771
4680
4167
4261
4647
4630
5402
4992
4801
4454
4764
4541
4059
5096
5579
4201
5277
5770
5526
5367
4879
4101
5281
5136
4448
4276
5871
5205
4620
4013
4300
5516
4733
5130
5754
4175
5747
4088
5700
4597
5407
4969
4344
5552
4460
4165
4091
4171
5900
4668
4635
5678
4877
5409
5855
4953
5640
4584
4790
5239
5433
4128
4303
5796
4718
5873
4044
4028
4473
5712
4149
5862
4659
5753
4377
5830
5435
5781
5378
4805
4535
4705
5055
5813
5457
4493
4264
5007
4572
4388
4496
4530
4100
5714
4473
5488
5126
4527
4741
4216
4742
5065
4120
5025
4996
5312
5492
5367
4467
4746
5471
4198
5149
4195
5507
5644
4042
4255
4970
5662
4398
5811
5436
5087
5324
4067
5649
4568
4750
5684
5655
4520
5883
5842
5904
4542
5810
4469
4568
4450
4088
5949
4428
4721
5344
4357
5296
5973
5031
4716
5858
4631
4592
5826
5632
4594
5198
4292
4305
5954
4323
5335
4698
5606
5246
5039
4175
5025
4255
4648
4882
4368
5317
4565
5355
5518
4306
5768
5745
5085
4394
5019
5232
4833
5639
5770
4263
5603
5779
4497
5166
5997
4788
4889
5000
4489
5839
5867
4512
4852
4801
4860
4358
4468
4429
4861
5312
4378
4364
4519
4262
5699
5314
5726
5412
4839
4169
4494
4704
5563
5225
5767
4878
5075
4194
4328
4798
4434
5669
4212
5006
5452
5599
4852
5764
4865
5239
5640
5694
4196
5172
5600
5917
5859
5348
4665
5425
5964
4896
5314
4739
4187
4010
4173
4960
4415
4726
4623
5507
5605
5878
5744
5792
4836
5948
4675
5806
4605
5099
4439
4447
4130
5716
4120
4344
4168
4311
5917
5831
4575
5353
5972
4168
4303
5641
5915
4434
4473
5299
4778
5119
5392
4830
5389
4210
4990
5570
5291
4581
4416
4356
5101
4240
4534
5052
4701
5484
4465
5332
4995
5729
4234
4129
4170
4639
4707
4631
4593
5369
4057
4868
4690
5601
4129
5805
4309
4260
5912
5796
4094
4673
5029
4680
5140
5033
4652
5055
5381
4731
4171
5818
5299
5005
5792
4804
5105
5976
5505
4226
5884
5359
4563
4729
5382
4017
4454
5329
5726
4038
4351
4957
5381
4001
5838
4993
5476
4155
5210
5343
5922
4604
5720
4404
4294
4737
4005
5203
5699
4885
5385
5732
4751
5360
4537
4450
5417
4821
5342
4521
4172
5436
4535
5708
5799
4041
5533
5336
5661
5210
5429
4166
4296
5253
4665
5354
4072
5823
4556
4250
5880
5277
5172
4545
5546
4146
5412
5173
5885
4040
4966
4692
5825
5878
5778
4486
5731
5961
5403
4125
5090
5292
4369
4619
4931
4340
5350
4716
5240
4607
4244
5132
4308
5620
5796
4112
4685
4393
4282
5000
5525
5471
5135
4454
4095
5093
4217
4457
5443
5869
4355
4876
4632
4145
5432
4664
4651
4798
4058
4390
5942
5451
4456
4443
4976
4831
4110
4731
4773
5200
4913
4377
4498
4241
5225
4923
4959
4182
4865
5148
5215
4238
5130
5279
4561
4974
4966
4500
4280
4604
5027
4755
5714
5852
4796
5963
4643
5834
4662
5295
5983
4351
4382
5960
5655
5892
4270
4905
4489
4386
5866
5956
5815
5260
5247
4614
5557
4929
4887
4851
4260
5547
4921
5957
5418
5668
5285
4877
4213
4669
4480
5204
4148
5019
4769
5725
5328
5387
5319
4292
5901
4107
4909
4922
5969
4985
4930
5569
5420
5325
5606
4351
4064
4590
5609
5408
4529
4056
5293
4487
4523
5768
5947
4913
5011
5195
5141
5266
4640
4768
5077
5420
4674
5545
4039
5108
4584
4520
5187
5327
4609
4801
5140
5944
5925
4658
4988
5731
4839
4520
5863
4017
4293
5406
5331
5836
4766
5190
4969
4947
4235
4535
4311
4577
5842
5298
5976
4225
5691
4995
5937
4456
5162
5718
4248
5817
4446
5043
4764
4608
5942
5343
5926
4101
5652
4327
5396
4471
5292
4490
4762
5324
4878
4218
4412
5043
4299
4359
4213
4528
4038
5778
4851
4254
4779
5586
4044
4726
5706
4030
5039
5541
4079
5443
4702
4728
5029
4779
5133
4746
5142
4724
4678
4590
5798
5900
4207
5028
4693
5774
4606
4160
4290
5277
5648
5854
4695
5643
5789
5096
4770
4774
4849
4978
4571
4650
4667
5947
4788
4749
5645
4148
4202
5203
5742
5642
5785
4190
5598
4157
5330
4286
5833
5838
5080
4503
5341
4352
5357
4857
4879
4460
5981
4145
5029
4694
5717
5157
5830
4244
4351
5768
5707
4186
5760
5386
5404
4056
4155
4887
5426
5029
5628
4842
5996
5202
5772
4993
4416
4114
5509
4566
5201
5037
4287
5696
4183
4595
5175
4355
4998
5264
5566
5858
4909
5421
5805
4788
5583
4024
5830
4551
5252
4936
5863
5875
5586
4681
5517
4219
5671
4683
5404
5396
4175
5959
4668
4023
5220
5838
5461
4560
5694
5833
4583
5309
5252
5880
4952
5194
5656
4879
4773
5543
5109
4752
5453
4649
5598
4662
4390
5282
4215
4500
5797
4592
5350
4671
5160
4285
4889
5596
4866
4865
4299
5844
5296
4334
4686
5700
5132
4533
5342
5346
4549
5921
4250
5337
4751
4493
5415
4863
4536
4390
4115
4016
4528
5082
5845
5120
5651
5352
4132
4270
4296
5327
4446
4804
5368
5489
5023
5749
4146
5193
5130
5368
4506
5556
5865
5632
4265
5456
4064
4188
4439
4171
5695
5857
5153
4141
4749
4192
5769
5381
5017
4606
4721
4785
5536
5995
4081
5454
5512
5280
4240
5416
5420
4760
5102
5538
5979
4345
5521
5847
5177
5484
5654
4177
5425
4085
4731
4630
5817
4115
5827
4769
4475
5284
5305
5982
5087
4744
4795
5617
5615
5912
4717
5801
5645
4515
4406
5769
5167
4974
5045
4141
5256
4447
4215
5073
4446
5870
4904
4036
4106
5216
4456
4684
5015
5117
4122
4306
4471
5638
4237
5597
4597
5965
5074
4091
4159
5093
5562
4590
4438
5961
5021
4878
5581
4179
5431
4640
5244
5481
4093
4749
4502
5672
5312
5863
5546
4761
4044
5274
5140
4763
4930
4345
5172
4018
5930
4963
4232
4665
4133
5508
4763
5893
5140
5113
4476
4914
5483
4381
4972
4854
4826
5972
5431
4872
4659
5917
5181
4229
5396
4326
4880
5134
4377
4693
5033
4122
5517
5735
5325
5014
5150
5042
4821
4335
4316
5669
4202
4583
4578
5313
4088
5324
5320
5185
5984
5393
5440
5082
5893
5911
4362
4450
4973
5296
4134
4528
4978
5865
5439
5974
5431
4910
5334
5168
4731
4449
5818
5739
5580
4314
5394
5336
4787
5418
5434
5655
5381
5675
4238
5846
4345
5023
4910
5320
5101
4190
4603
4066
4966
4895
5081
5081
5477
4059
5080
4539
4485
5887
5372
5854
4089
5820
4530
5110
5216
5366
5613
5876
4784
5010
4225
5249
4587
4809
4816
4470
4341
5112
4721
5256
4685
5017
4916
5873
4740
5714
5191
4290
5577
4203
4031
4662
4009
4377
4878
4898
4811
5136
5301
4782
5694
5282
5921
5350
5860
5526
5540
5689
4545
5621
4992
5376
4761
5971
5583
5466
5967
4693
5601
5926
4901
5331
4108
4680
5621
4793
5698
4072
4437
5677
5484
5032
4658
5391
4747
4043
4342
5089
5305
5187
5253
4085
5025
5214
4773
5380
4205
4996
4318
4371
4765
4467
4437
5931
4060
4187
4416
5110
4366
5471
4354
5492
4540
4953
5938
4688
5161
5862
5528
4562
4347
5114
4221
5268
4042
5951
4612
5424
4437
5143
4917
5168
5307
4496
4548
4721
4793
5528
4464
4013
4507
4947
5268
5441
5772
4299
5725
5492
4519
4141
4297
4350
5340
5246
5086
5037
4922
5126
5159
4522
5848
4680
4976
5178
4872
5838
5048
5053
4363
5258
5264
4493
5990
4197
4921
4222
5623
4798
4905
5275
5219
5538
5519
4857
5518
5066
5167
4686
4401
4939
4684
5774
5177
4007
5748
5670
4616
5436
5667
5729
4252
5977
5634
4881
4541
5359
4861
5483
4479
5694
4550
5660
4634
5841
4961
4147
4119
4165
5889
5566
4254
4143
5867
4855
4612
4872
5193
5174
5687
5290
4072
5323
5016
5738
5109
5306
5988
4234
5878
4315
4829
5618
4265
5956
4983
5591
5220
5280
5803
5394
5425
4285
4189
5994
5701
4364
5343
4558
5966
4326
4198
4827
4466
5396
4427
5043
4015
4270
5573
4035
5880
4177
5408
4931
5142
4297
5386
4113
5262
5838
4720
5022
5654
4731
5231
4180
4485
4990
4565
5493
4898
5722
5067
5506
4613
5350
4139
5730
4639
5306
4054
4497
4986
4253
4757
5931
4169
5373
5279
4980
5006
5817
5759
4711
5939
4129
5953
4949
5997
4918
5802
5970
4034
4538
5604
5230
4129
5504
5103
4461
4880
4626
5474
4975
4041
5041
5994
4555
5798
5713
5404
5164
4603
4183
5189
4647
5437
5951
4967
5900
4271
5483
5194
5802
5184
4519
5148
4547
4841
4329
4173
5177
5472
5826
5933
4470
5990
5134
5277
4638
5671
5405
4348
4675
4979
4569
5281
5447
5755
4916
5617
4046
4116
5295
5146
4636
4435
4268
4657
4830
4687
4864
4439
4174
4735
5974
4438
4195
4521
5483
5303
5877
4954
4300
5744
4913
5996
5803
4231
4166
5572
5474
5985
5176
5252
4255
5806
5829
5055
5321
4083
4752
4551
4470
4562
5689
5065
5877
4759
4681
4246
4826
5216
5851
5429
4153
5815
5697
5298
5130
4986
4712
4511
4654
4607
5324
4806
4316
4261
5611
5185
5503
4901
5691
5790
5246
4761
5405
4332
5696
4297
4685
5689
4718
4180
4707
5240
4902
4326
5160
4796
4687
4794
4356
5176
4424
5945
4844
4559
4046
5197
4629
4061
5386
5363
5753
4116
5721
4554
5490
4674
5526
4112
4921
4867
4305
4954
4767
5129
5963
4927
5732
4546
4881
5796
4500
4242
4981
4194
4667
5055
4974
4526
4717
4131
4978
4268
4453
4518
4715
4706
4153
4277
5327
5621
5906
4953
4292
4891
5852
5156
4257
5055
4869
4520
4651
5628
4446
4459
5605
5573
4060
5157
5111
4922
5968
4087
4676
5936
5759
4807
5777
4043
5186
4384
5090
5684
5557
5385
4942
4739
5318
4368
4923
4657
4554
4409
4116
4814
4466
5011
4159
4126
4495
5468
4220
5522
4333
4906
4338
5823
4965
4026
5537
4219
4668
5555
5058
4200
5277
5345
4627
4103
4618
5974
5148
4551
5474
5342
4069
4548
4694
4439
4535
4620
5143
5403
5287
5274
4452
4433
4404
4332
5102
5621
5193
5942
5627
4484
4629
5911
4406
4770
4368
4432
4996
4387
4633
4681
5081
4676
5814
5948
5726
5188
4687
5696
5844
5928
4485
5117
4111
5913
4609
4931
4406
4651
5565
4891
4393
5363
5164
5133
4487
4493
4151
5828
4727
4443
5851
5399
4921
4255
4117
4889
4533
4461
4742
5247
4370
4403
4969
4496
5931
4278
5684
5460
4830
5473
4990
4171
5467
4845
4778
5256
4682
4518
5512
4202
5926
4601
5301
4376
5583
4313
5842
5468
4358
5955
4314
4006
5409
4190
4629
5900
5716
4008
5522
4166
4742
5943
5282
4649
4902
4008
5078
5451
4209
4795
4544
4714
5792
5471
5564
5844
4379
4256
5140
4489
4644
4487
4212
5907
4888
4999
4491
5748
4525
4475
5841
5300
4720
4961
4454
4156
4381
4141
4280
4055
4529
5435
4166
5307
5470
5064
4194
4952
5613
5640
4491
4927
4152
4304
5124
5434
4216
5452
4192
5431
4949
4959
4010
5391
4242
4218
5474
4360
5189
5539
4693
4660
4771
5979
4568
4391
5662
4226
4538
5785
5277
4619
5387
5899
4188
5098
5920
4234
5495
4335
4836
5416
4765
5353
4155
5171
4000
4216
5427
5529
4260
4300
5865
5407
4943
4098
5061
4739
4094
4961
5874
4598
5948
5934
4206
4160
4579
4199
5089
5661
5175
4567
4135
4054
4159
4014
4397
5469
5018
5647
4929
5877
5266
4041
5236
5130
4546
4481
5766
5295
5563
5117
5816
5960
4998
5086
5843
5314
5762
5868
4443
5679
4867
5026
5878
5988
5599
5453
4697
4706
5675
4152
5886
4466
4699
5235
5710
5332
5716
4240
5062
4531
5029
4063
5040
4634
4116
4688
5449
4482
4853
4511
4024
5924
4500
4988
4500
5562
4440
5261
5590
4789
4146
5511
5953
5075
5407
5288
4387
4151
5120
4343
4227
5078
5410
4394
5505
5181
4491
5600
4851
5112
4704
5990
4236
4088
4443
4170
4638
5145
5407
4099
5185
4570
5077
5853
5736
4356
4226
5859
4219
4300
5958
5266
5549
4644
5217
5198
4894
5960
5253
4679
4194
4711
5577
4398
4343
4328
5063
5866
4570
5876
4851
5732
4844
5655
4066
5408
4270
4894
5318
4784
5812
5598
5977
4998
4913
5544
5348
4406
5530
4780
5076
4886
5536
4202
4141
5965
4318
4268
4060
4398
5068
4670
4785
4138
5622
4253
5372
5758
4654
5876
4092
4680
4473
4305
5809
4468
5493
5437
4913
4330
4970
4868
5650
4996
5057
4367
5923
4790
5448
4733
5897
4838
5201
4207
4236
5798
5833
4035
4470
4391
5241
5932
5881
4306
4253
5186
5472
4518
4584
4867
5707
4390
4607
4441
4721
5247
5278
4802
5017
5890
5894
5781
4055
5725
4524
4228
5313
5536
5709
5788
4005
5242
4466
4719
5544
4865
4660
5610
4168
4007
5228
4907
5300
4571
4842
5350
5854
5741
4318
5913
5845
4156
5088
4834
4086
4184
4879
5283
4873
4439
4801
5559
4162
5295
4089
5033
5368
4583
5051
4138
5374
4635
5706
4516
5336
5165
5753
5837
4485
4785
4018
4804
5733
4069
5920
5626
4696
5315
4553
5805
4303
5189
5655
4190
4204
4100
4116
4435
5214
5726
5132
4907
4494
5638
4334
4696
4265
5384
4146
4496
5683
5983
4575
4860
4556
5359
5414
4223
4401
4860
4866
4063
4902
4008
4261
4465
5730
4035
4857
5141
4605
5522
4978
5069
4406
5590
4488
5531
5336
5774
4208
5731
4339
4645
5450
4021
5395
4538
5225
4621
5764
4535
4868
4073
4266
5248
4686
5862
5149
4115
4211
4485
5634
5115
5418
4225
4676
4382
4447
4110
4625
4354
4046
5710
4536
4268
4842
4597
5913
4719
5011
5704
4633
5223
5138
5291
4087
4738
4672
5770
5072
4833
4044
4536
4314
4276
5157
5830
5565
5000
4985
4788
5796
4024
4421
4954
4373
4307
5837
4578
5217
4446
5799
4134
4952
4431
5973
5773
5914
4129
4416
5557
5145
5308
5241
4671
4610
4618
5189
5075
4540
4332
5903
5816
4775
5692
5180
4561
5146
4628
4514
4261
4864
4809
5251
5086
5429
4976
4279
4501
4530
4318
5826
5722
5168
4213
4027
5970
4395
5844
5349
4180
4593
4027
5296
4782
4497
4391
5783
5818
4104
4382
5713
4648
5457
4342
4240
5293
4354
4798
4358
4605
4503
4378
5046
5705
4184
5145
4674
5182
5719
4188
4974
5169
4091
4381
5935
5785
5200
4880
5454
5786
5595
4839
4906
5385
5349
5616
4042
4252
4028
4160
4970
4760
5732
4793
4960
4598
4779
5603
4544
4383
4769
5742
4886
4260
5520
4764
4602
5783
5968
5087
4404
5578
4555
5023
5384
4366
4579
5220
5355
4054
5381
5590
4023
5745
5249
4606
4488
4321
5759
5649
5724
4674
4414
4120
5133
4231
5681
4991
5369
4042
5417
4374
5028
4062
5844
4034
5643
4426
5019
4847
4515
4839
4527
5898
5195
5410
5389
4684
5276
5490
5569
5675
4255
4652
4132
5391
5054
4597
5902
4233
4394
4341
4051
5094
4375
4477
5848
4377
5599
4293
4506
5962
4840
4685
5247
4607
5339
4831
4805
4268
4225
4966
5006
4059
5017
4417
5387
5984
4713
4571
5186
4751
4426
4021
5032
4935
4457
4247
4750
4319
4338
5943
5953
5288
4847
4897
4665
4224
4804
4239
4501
4984
4948
4002
5464
4762
5641
5384
5728
5426
4294
5546
4326
4946
5037
5341
4424
5118
4557
4045
5688
4497
5123
5752
5635
4646
5670
4957
4928
4919
4217
5005
5939
4406
4905
5083
5964
4012
5082
5678
5767
4243
4382
5424
4535
4878
4993
5234
5304
5799
4054
4607
4872
4974
5788
4594
5486
4925
5450
5969
5368
5630
5930
4953
5343
4968
4329
5520
5180
4140
5946
4321
4151
5380
4640
4249
4694
5316
4965
4264
4408
4377
4517
5147
4795
4052
4435
4916
4247
4874
4591
5110
4386
4602
5979
4064
5409
5321
5075
4981
5418
4128
5732
5319
5760
5408
4622
4762
5175
5254
4393
4543
4707
5953
5409
5582
5455
4762
5232
5111
4056
5795
5717
4809
5165
4880
4323
4037
5284
4999
5754
5176
5987
5174
5419
5256
4423
4173
4621
4746
4448
4370
5205
5822
5872
5907
5577
4429
4052
5912
5804
4329
4567
5148
4123
5010
4511
4644
5471
4718
4512
5258
5491
4517
4024
4220
4443
4673
4441
5678
5416
5650
5291
4483
4577
5086
4119
4690
5057
4896
4184
5958
4814
5273
4703
4825
4310
5394
4112
5904
4816
5536
4112
4635
5513
4211
5067
4971
5144
4724
4716
4262
4098
4851
4084
4380
5196
5113
5873
5343
5095
4618
5452
4477
4577
4646
4296
4423
5522
4624
5905
4608
4404
5879
5728
4482
4871
5770
4758
4034
5596
4048
4875
4591
4098
5820
4988
4393
4641
5419
5904
4412
5306
4105
5910
4212
4362
5002
4567
5768
4028
4319
4721
5064
5892
5835
4705
5075
5813
5745
5492
4182
5254
5203
5280
5587
5330
5220
4086
5425
4143
5312
4419
4417
4106
4980
5579
4683
4445
4685
5848
5995
4822
4294
4968
4134
4409
5841
4970
4093
4666
4875
5109
5023
4032
5594
5173
4372
5205
5482
4609
5436
5198
4259
5164
5229
4414
4575
4681
5886
4642
4815
5734
4325
5173
4206
4254
5507
4413
5650
4495
4919
5062
5322
4174
5491
5353
4389
4041
5495
4443
5860
5144
4752
5194
5877
5830
4272
5412
4780
4135
5721
4344
5079
4620
5668
5574
4973
4056
5166
4787
4429
4911
4877
4821
4915
5691
4707
4253
4004
5780
4211
5796
4623
5572
5378
4433
5753
5628
5319
4560
5696
4820
5461
4117
5100
5980
4052
5131
5772
4554
5794
4786
5826
5316
5152
5909
4236
5521
5704
5073
4807
4618
4484
5430
4335
4327
5069
4469
4713
5353
5941
5992
4778
4398
4694
4667
5476
5693
4221
4097
4062
4210
5187
5327
4228
5507
4305
5881
5852
5027
5066
4811
4798
5708
5637
5862
4905
4500
4195
5017
5359
5265
4599
5117
4466
4367
4151
5218
5732
4101
5153
4598
4593
5979
5858
4130
5807
5118
4391
4915
4448
4148
4021
4048
5899
4109
5855
4308
4433
5232
5674
4785
5838
4613
5351
4590
5405
5933
4650
5569
5142
5345
4586
4219
4075
4143
4364
4503
5263
5107
4538
4677
4614
5748
5507
5141
4429
5802
5373
5777
4549
5656
4033
5006
5024
4032
4153
5455
4566
4628
5385
5962
5834
4009
5652
5228
4234
5878
5442
5071
4699
4189
4331
4796
4116
4597
4029
4352
5249
5642
5683
4192
5144
5385
4574
5335
5034
4909
4895
5834
5083
4145
4014
4274
5262
4267
4367
4828
4602
4137
5998
5499
5448
5959
5194
4874
4225
5063
4619
5023
5989
4284
4869
4656
4383
5048
4558
5161
4152
4076
5158
4866
4685
5176
5569
5102
5488
5586
5489
5090
5690
5223
4850
5970
4978
4645
4526
4306
4095
5839
4876
4996
4671
4765
4539
5124
5895
5487
5411
5369
5360
4233
4136
5152
5220
5682
4829
5593
4635
5702
4396
5112
4980
5820
4863
5416
5146
5140
4375
4665
4179
4855
5747
4777
4018
4314
4109
4170
5584
4637
5066
4855
5155
4914
5708
4323
5081
5146
4422
5131
4956
5647
5669
4842
4521
5277
5119
5781
5566
4241
4538
4743
5611
5904
5282
5130
5827
4338
4880
4029
5849
4145
5694
5923
5822
5741
5458
4631
4925
4247
4202
4080
5225
4177
5755
5671
5261
4490
5093
5279
5732
4540
4843
5567
4631
4383
4242
5187
4372
4740
5656
5503
4430
5408
4387
4975
5182
4679
5393
5038
5362
5559
5927
4905
4437
4720
4865
4986
4875
5350
4544
4206
5645
4889
4511
5904
5323
4449
4523
5368
4526
5071
4220
5397
4348
5400
5626
4878
4130
5010
5347
5392
4634
5175
5158
5026
5085
4435
4599
5546
4787
4626
4866
5746
4521
4695
4202
5696
5204
5167
5005
5340
4289
4248
4603
5138
4884
5850
4101
4319
4356
4644
5559
4123
4020
4028
4656
4933
5394
4769
4030
4592
4099
5411
5607
5849
5743
5400
5798
5730
4514
4534
5365
4239
5339
4333
4328
5700
5383
4857
5300
4424
5082
4897
4677
4867
5854
4287
5615
5818
5516
4024
5849
4410
4470
4811
4538
4348
5026
4067
5253
4371
5382
4356
5737
5218
4187
5250
4315
5872
5654
4740
4718
4310
5021
5759
5089
5523
4392
5105
4997
5366
5736
5016
4097
4131
4576
4667
5140
5622
4962
5111
4343
5329
4122
5236
4490
5799
5385
5666
5875
5411
4312
4208
5451
5597
5526
4518
5195
4122
5592
4877
5035
5660
5655
4894
4324
5388
5672
5158
4906
5685
5137
4690
4184
5937
5776
5667
5895
5182
4638
5454
5885
4375
4486
4616
5272
5804
5607
4018
4543
5125
5027
5051
4785
5151
5428
4601
4306
5477
4575
5460
4199
5855
5226
5253
5874
4037
4783
5286
4892
4729
4836
4120
5740
5600
5642
5277
5906
5163
4687
4056
4353
5685
5656
4968
5965
4141
5999
5005
4854
5669
4053
5337
4335
4988
4973
5965
4648
4422
5849
5678
5221
4523
5658
4005
5642
5058
4573
4060
4326
5886
4888
5451
4774
5525
5322
4339
4112
5589
5948
5939
5164
5915
4386
4906
4619
4517
4348
4280
4832
5070
5418
4360
5038
4479
5590
4891
4858
5913
5766
4303
4761
5919
4112
4415
4023
5345
4933
5241
4269
4634
4281
4851
5905
4526
4119
4714
5215
4762
5962
5843
4362
5532
5912
4307
4310
5596
5311
5757
5347
4053
4580
4611
4278
5025
4911
5573
4100
5231
5579
4307
5060
4959
5789
4414
4393
4483
5093
5092
4050
4902
5531
5550
4388
5380
4265
4666
5731
5885
4172
4156
5036
4894
5915
5242
5610
4075
4503
5990
4003
5398
5682
5156
5403
4613
4326
5463
4426
5120
4729
5997
4325
5161
4705
4048
5979
4208
5552
4740
5562
5298
5173
4060
4669
5674
4158
5889
4241
5514
4398
5048
5205
4425
5681
4593
4231
4838
4837
5493
5183
4565
4453
5361
5491
5644
5798
5196
4581
5265
5042
5287
4569
4028
5562
5222
4466
4538
4776
4341
4201
4260
5546
5124
5757
4283
4248
4700
5181
4610
5043
4023
4905
5086
4542
4031
5145
4000
4171
4880
4874
5302
5578
4785
5574
4901
5590
5307
4628
4008
4129
4396
5456
4885
5802
4185
5904
4662
5961
4706
4099
5245
5590
5203
4457
5347
5444
5908
5992
5914
5761
4415
5861
4999
4046
5748
4044
4650
4269
5249
4598
4831
5114
5227
5308
4365
5438
4324
5320
4945
5381
4028
4627
4370
4420
5633
5287
5123
5249
4064
5962
4237
4677
4661
5520
5514
5806
4451
4282
4528
4381
4968
5589
5020
4243
4278
5678
4545
5178
5366
5471
4001
5254
5851
4178
5309
4322
4401
5605
5949
4539
5372
5223
5545
4252
4218
4324
4054
5959
5445
4872
4535
5755
5685
5044
5977
5526
5166
4368
5944
5072
5413
4526
4275
5982
4163
4940
5395
4123
5200
4443
4336
4599
5239
4537
5425
5774
5005
4248
5117
5308
5346
4726
5980
4206
4096
4678
4240
5746
4878
5152
5200
5573
5884
5426
4077
4229
5118
5098
4947
4836
5483
5670
4664
5001
4624
4947
4846
4630
4937
5590
4284
5217
5315
5045
5109
4791
5666
5631
4344
4080
4980
5915
5062
4650
5545
4812
4581
4001
4881
4983
4915
5545
4116
5109
5084
5712
5628
4090
5862
4427
4322
5019
4276
4238
4825
5128
4100
4012
4117
4308
5283
4623
5367
4140
5462
5675
5053
5265
5347
4523
4966
5886
4647
4891
4892
4624
5461
4536
5411
4415
5796
5595
5832
4365
5332
5661
4692
4215
5104
4320
4472
5060
5544
4237
5113
4465
4098
4997
4273
4320
5158
5661
5850
4670
4714
5098
4568
4340
4108
4704
4254
4708
4502
4004
5241
4066
4355
5759
4332
4484
4920
5543
4268
5428
5395
5989
5890
5679
4225
5896
5846
4455
4459
4094
5531
5784
4174
5707
5595
4863
5100
4179
4193
5911
4648
4497
4019
5222
5234
4922
5114
5039
4473
5711
4409
4583
4338
5058
4295
4660
5495
5547
4541
4116
5436
4025
4292
5397
5814
5578
5772
5725
4490
4954
4544
5637
4351
4202
5085
4132
5271
5899
5002
5335
4707
5912
4409
4624
4517
5512
5125
5990
4788
5583
4138
5691
4399
5378
5186
5491
5233
5855
4200
4402
5664
4070
4598
5957
5729
5414
5910
4293
5927
5290
5546
4123
5051
5507
4474
4344
5235
5361
4219
4022
5002
4583
4827
5817
4842
4188
5949
5299
5275
4456
4918
5035
4518
4326
4213
5957
4905
5197
4015
4015
5810
5637
5877
5433
5983
4221
5312
5260
5910
4108
4636
5796
5520
5652
4072
5305
4956
5135
5938
5623
5355
5918
4582
5574
5942
4104
5069
5138
5858
4379
4185
5448
4237
5667
5508
4836
4558
4500
4828
5544
4675
5108
5898
4196
5029
4719
4407
5951
5258
4425
5874
4017
4189
4557
5702
4462
4602
5475
4476
4228
4863
5211
4034
5241
5593
4180
4618
4041
4396
4433
4610
4699
5441
4248
5638
5866
5113
5088
4564
4890
5348
4018
5085
5879
5546
4185
4069
5846
4732
4156
4614
5364
5707
5727
4582
4143
5652
4736
5764
5175
5664
4547
4409
5855
5626
5593
5691
5534
4441
4530
5438
5309
4154
5264
4928
5974
5646
5568
4013
5130
5550
5800
4919
5916
5189
5046
4533
5214
4363
4620
4967
5528
4294
5684
4276
4494
4340
4349
5090
5379
5731
5909
5142
5407
4494
4389
5345
4010
4545
5062
5226
5341
4438
5582
5209
5648
4708
4224
5690
4696
4376
5779
4528
5940
5051
4289
5513
4490
5857
4192
5453
5122
5648
5777
4541
5494
4910
4461
5295
5052
4350
5518
4141
5984
4305
5489
5746
4188
5477
4934
5883
4938
4094
4131
5699
5080
5893
5887
5619
5757
4019
5842
4952
4103
5455
4852
4069
4300
5306
4114
4026
5681
4209
5205
5424
4665
4218
5761
4218
5583
4823
5862
5266
4933
5538
5263
4378
4341
5437
5917
4694
