4500
5170
4161
4431
5522
4905
5973
5217
4420
4981
5902
4461
4635
4976
5729
4250
5456
4198
4147
5022
5629
4267
4500
4670
5875
4294
4156
5543
4883
4882
4808
4678
5632
5076
4145
4842
4956
4678
4247
5096
5912
4175
4728
5142
5147
4842
5321
5168
5884
5137
5976
4213
4169
4613
4994
4487
5139
4678
5667
4544
4952
4380
5987
5018
4689
4825
4669
5764
5482
4325
5333
5473
5360
4394
4629
4552
4532
4235
4744
5988
4376
5196
5907
4958
5594
5127
4607
4498
5969
4248
4411
4088
5815
4854
4527
4445
4107
5239
4010
4861
4648
5421
4204
5077
5127
5826
4988
5171
4575
5998
5437
4086
4299
5553
5621
4531
4843
4511
5656
4186
5760
4962
4274
4813
5210
4076
5688
4164
4124
5034
4337
4838
5914
5857
4010
4156
4323
4169
5586
4051
5065
4475
5198
5370
5775
5972
5048
4848
4220
5456
4627
4880
5512
5798
5445
5865
5334
5361
5929
5340
4667
4434
4149
5591
4862
4410
5872
4907
4025
4271
5886
4046
5334
5101
5166
4495
5835
4789
5409
5182
4072
4730
4609
4911
5580
4153
5346
5390
5113
4005
5027
5985
4683
4021
4048
4220
4297
5517
5991
4663
5280
4958
4241
5094
4237
4369
4610
5190
5864
4234
5084
4659
4225
4906
4372
4477
5830
4949
4015
4249
4769
5634
4761
5938
5259
5825
5538
4399
5058
4848
4892
5494
5679
4276
4359
5923
5014
4702
4390
5058
4926
5825
4434
4008
4064
4294
4781
4539
5559
5645
5731
5600
5755
5343
4920
4409
4396
5146
4446
4349
4015
4233
5552
5387
5122
4976
4981
5258
5970
5432
4891
5661
4127
4556
5476
4915
4281
5885
4320
4194
5900
5558
5154
5928
5981
5692
5940
4298
4656
4596
4622
5319
4553
5218
5878
5345
5862
5020
5853
5737
4014
5019
5824
5962
5921
5782
5524
5227
4233
5176
4271
4232
4156
5894
4220
4857
4015
5945
4072
4011
4809
5663
5071
4262
4332
4762
4210
4558
5874
4709
5637
4559
5290
5573
5972
4690
4744
4925
5976
4166
4056
5736
4354
4260
4615
4197
5782
4820
5830
5676
4306
4038
5883
4933
4643
5854
4938
5504
4282
5505
5312
4445
4726
4447
4009
4502
4264
4175
5498
5569
4422
4608
5526
4055
5087
5808
5997
5331
5105
5230
4248
5500
4311
4328
5700
4222
4388
4155
5199
5639
5916
4211
4934
5355
5466
4983
5099
5511
5116
4357
4183
5471
5946
5433
4824
4659
4740
5874
5102
5681
4283
4463
5356
5387
5329
4916
5718
5921
5297
4213
4287
4415
4941
4535
5238
4554
4836
4794
4710
4409
5867
4700
5208
4086
5380
5631
4883
4758
4997
4094
4315
4710
5961
4442
4079
4538
5664
5951
4058
5480
4544
5946
4458
5682
4436
5314
5773
5535
4867
4184
5455
5416
4644
4188
4672
4338
5447
4596
4361
4885
4440
4634
4052
5227
5391
4415
4084
5470
5883
5774
5278
4815
4985
5817
5115
4529
5993
4181
5818
5515
4105
5533
5998
5856
4831
4474
4849
5205
4857
4205
5382
5104
4273
5611
5553
4482
4146
4481
4142
4269
4460
4176
5096
4442
4882
5545
4331
4979
5976
4069
5104
4060
4835
4146
5065
5828
5766
4976
4990
4310
4204
4548
5977
5138
4569
5265
5951
5580
5928
4755
5656
4426
5459
4670
4293
4923
5529
5135
5414
4761
5887
4001
4893
5433
5837
5842
4288
4180
4628
4976
4286
4187
4207
5721
4496
4909
5653
4926
4889
5768
4057
4097
5793
5387
5262
4287
4081
4233
5964
4362
5298
5376
5840
4532
4043
4199
4947
5887
5468
4936
4331
5093
5509
5186
4982
5724
4609
4798
5149
4204
4422
4555
4957
5420
5365
5159
5729
4402
5520
4900
5863
4974
5179
5102
4055
4077
5604
4300
5572
4058
4299
4600
5693
4762
5672
5331
5071
4269
5562
4635
5302
5320
4713
4088
4344
4767
5925
4283
4254
5163
5846
5743
4698
4122
4045
4734
5832
4282
5970
5713
5284
5045
5163
5470
4239
4603
4941
5825
4834
5130
4640
4973
5899
4403
4512
4240
5211
4347
4215
4914
5087
4744
5322
4846
5481
5308
5884
4385
4858
4708
5725
4057
4923
4405
4536
4728
4716
4122
5485
5345
4608
4212
4797
4234
4316
4672
5312
5835
4222
5567
4444
5882
5912
5385
4649
4384
5763
4838
5254
4169
4887
4581
4725
5326
4069
4151
4754
5131
5943
4552
4150
4895
5487
4157
5292
4468
4985
5946
5691
5491
4741
5577
4866
5905
4895
5799
4991
4931
4342
5225
5655
5807
4425
5829
4392
4233
4794
4202
4335
5404
4023
4686
4205
4927
4119
5764
4752
5242
5339
4211
5676
4271
4602
5449
4209
5600
5726
4287
4037
4229
5426
4163
5983
4011
5490
5747
4274
5986
4733
4699
4962
5317
5635
4158
5534
5838
4417
4059
4779
5179
4758
4619
5278
4795
5517
4251
4279
4267
5151
4457
4237
5137
5754
4459
5389
5529
4996
5848
5804
5140
4328
5363
4727
5383
5513
5779
5902
4042
5648
4317
4498
4832
4264
4043
5612
5425
5333
5262
4122
5513
5985
5079
4209
4036
4717
4034
4808
4909
5341
4248
4931
4756
4856
5241
4340
5020
4862
5557
5845
4992
5872
4038
5458
4345
4416
5472
5715
4015
5433
4526
5851
5289
5754
4502
5963
5629
5346
5149
5354
5647
4364
4310
4328
5474
4224
4509
5141
4886
4117
4080
4059
5380
4444
5285
5601
4672
4366
5453
5746
4242
5789
4530
5495
4799
5274
4563
4522
5889
4472
5271
5265
5282
5739
4458
4175
5869
5550
4203
4331
4504
4958
4784
4559
5423
5974
5552
5244
5735
4693
5665
4082
4683
4873
5631
4253
5357
5769
5315
5036
4877
4748
5408
5306
5373
5635
4886
4605
5872
5326
4263
4588
5255
5092
5452
5557
4366
5366
5821
4026
4123
4420
4034
4360
5424
5835
5052
4598
5924
4051
5175
5761
4341
5110
5455
5289
4964
4844
5605
5531
5555
5895
4331
5698
5084
4259
5043
4593
5703
4336
5445
4415
5054
5459
5259
5068
4741
4375
5521
5453
4776
4300
4066
4481
5038
4244
4008
4038
5634
5659
4459
4510
4086
4548
5349
5173
5308
4071
4980
5443
4302
4487
5222
5655
5504
5780
4014
5204
4710
5436
5652
4688
4853
5785
5949
5145
5697
4233
5045
4722
5621
5197
5038
4354
4926
4205
4178
5119
4701
5214
5648
5823
5236
4055
5155
4828
5719
4072
5654
4848
4003
4718
5264
4429
5713
4348
4672
4317
4930
4424
5927
5270
4200
4534
4554
4308
5150
4326
5832
5936
5317
4266
4174
5179
5464
5877
4163
4494
5772
5105
4826
5151
5359
5345
4481
5802
4586
4184
5327
4408
4146
4085
4791
5502
4858
4525
5379
5649
5663
5029
4305
4086
4222
5725
5758
5989
4748
4121
5745
4756
4905
5185
4835
5067
4196
5321
4566
5303
5251
5589
4265
4458
5761
5858
5486
4475
5201
4183
5986
4720
5359
5319
4722
5294
4367
4044
4569
5119
4130
5230
4305
5838
5321
4223
5186
5020
4319
4043
4189
5050
5875
5843
4090
5437
4168
5759
4664
4483
4515
5294
5959
4986
5625
4038
5534
5804
4030
4673
5981
5062
4435
5360
4295
4055
4209
4416
5937
4398
4161
5281
4219
4496
5662
5275
5957
5014
4517
4650
4625
5265
5536
4427
5230
5092
5582
5720
4683
4322
4228
4474
4248
4286
5627
5508
4667
5990
4707
5145
4019
4125
5163
5831
5932
5242
4292
4735
4468
4018
4344
4722
5568
5918
4780
4024
4827
5187
5915
4936
5761
5261
5031
5493
5293
5702
4037
4896
5398
5560
5904
4838
5333
5507
5243
4983
5689
4823
5184
5103
5286
4797
5379
5175
5118
4478
4340
4975
4524
4529
4613
4628
5116
4309
5382
4509
4105
5276
5003
5718
4404
4858
5180
5785
4552
5137
4797
4010
4699
4128
5972
5182
4600
4788
4758
4846
4784
4946
4873
4844
4736
4848
4657
5907
5634
5472
4819
4935
4476
4808
4176
5779
5151
4453
4142
4021
5425
5522
4643
4479
4335
5945
4052
4076
5039
5399
5407
4943
5254
4664
5976
5230
4318
5092
4510
4730
4268
4193
5193
4642
4935
5721
5430
4575
4976
5223
4979
4477
5160
4825
5408
5418
4610
4504
4997
4923
5193
5977
5805
5774
5592
4387
5433
5213
4938
4514
4978
5338
4338
5629
4531
5884
4873
4677
4921
4729
4556
4824
4429
5025
5299
4387
5593
4515
4509
4990
5609
4624
5788
4708
5346
4865
4150
5489
4776
4489
4803
4636
4242
5917
4439
5374
5832
5549
5943
4331
4540
5291
5734
4305
4001
5791
5660
4737
5242
4601
4241
4060
5047
4622
4242
5442
4300
5178
4932
4354
5674
4667
5447
4634
5910
5437
5637
5617
5081
4953
4409
4600
5907
5890
5606
4242
5937
5484
5583
4131
4703
5640
4816
4380
5847
4241
4671
5777
4349
5292
4350
5849
5949
4520
5502
4577
4268
4584
5922
4377
4861
4259
5898
4568
5327
4631
5211
4085
5690
4356
5283
4850
4913
5342
4998
4813
5486
4154
4229
5152
4502
5626
4681
4680
4089
4710
5470
5166
4022
4167
5106
4567
5165
4097
5828
4750
5380
5927
4011
4274
5028
5495
5878
4790
5599
5226
5856
5523
4656
4844
5074
5651
4742
4453
5828
5708
4453
4693
5476
5873
4680
5404
4685
4538
5410
5772
5488
4914
4141
4432
4628
4273
5938
4233
4413
4834
4989
4633
4105
4013
5576
5155
5113
5830
4385
4574
4136
5355
5595
4280
5952
5935
4528
4878
4294
5686
5824
4380
4570
5626
5125
4828
4587
4013
4894
5636
5829
5342
4695
4544
5872
4600
5748
4214
5086
4470
4348
5048
4743
5040
5059
5869
4095
5070
5179
4622
4819
4825
5025
5238
5315
5976
5014
5578
5648
4381
4412
5492
4688
4659
5725
4996
5096
4162
5841
4213
4813
5967
4838
4212
5493
4610
5814
4202
5884
4389
5836
5247
5723
5507
5029
5550
4488
5947
5889
5721
4046
5153
5007
5356
5438
4710
4805
4466
5767
5834
5231
4338
4403
4942
4183
5141
5776
5620
4214
4251
4719
5369
4283
4823
5275
4913
4164
4256
5303
4592
5332
4135
5610
5448
5841
4546
4696
5110
4696
5896
5322
4681
4721
5321
5059
5710
5608
4951
4694
4014
5197
5961
5750
5638
5975
5625
4460
4852
4097
4957
4185
4000
4298
5241
5006
4580
5939
5545
5363
4414
5546
5324
4868
5843
5643
4656
5113
5671
4201
4782
5760
4250
5946
5981
5401
4620
5244
5596
5840
5284
4464
5399
4460
5990
4563
5902
5549
4091
4438
4485
4938
5744
4046
4499
4834
4809
4742
5060
5297
4724
4730
4706
5576
5990
5172
4525
4316
5744
4467
5043
5240
5484
4076
5085
5569
5399
5860
4423
5622
5429
4571
5037
5968
5422
5574
4844
5469
4938
5154
5835
5483
4403
4115
5776
5458
5350
4321
4749
5027
4530
4650
4764
4671
5301
4921
5889
5602
4021
5351
4519
4092
5629
4391
5470
4672
4817
4473
5165
4588
5423
4250
4512
4161
5481
5365
4055
4130
4621
5598
5066
5549
4986
5640
5193
5701
5087
5971
5307
5418
5263
5762
5714
4234
4910
5303
4814
5828
4338
4302
5341
4261
5043
5182
5681
4688
4893
4309
5699
5492
4939
5984
4683
4580
5626
4860
4019
4868
5372
4735
5864
4937
5251
4140
5731
4471
5503
5738
5302
5186
5977
4021
4047
4734
4089
5411
5260
5254
5893
4832
4874
4497
4504
4327
5362
4352
5036
4264
5093
4473
5370
5266
5524
4089
5013
4834
4347
5125
5610
4881
4429
4936
4657
5622
5350
5298
4906
4505
5527
4925
4230
4202
5507
5840
5469
5724
5989
5439
5582
4553
4364
5646
5621
5505
5073
4488
4267
5167
5422
4309
4051
4781
4109
5028
4677
4040
4788
5104
5557
4080
4701
4737
5371
5640
4306
4736
4779
5007
5784
4397
4095
5028
5976
4605
4976
5349
4510
4530
5314
5397
4522
4076
4755
4820
5967
4378
5119
5647
4260
5959
4241
4889
4628
4602
4582
4520
4117
5474
5906
4760
5850
4906
4358
4201
5731
4220
5989
4522
5106
4899
5152
5897
5178
4689
4135
4719
4892
4392
4416
4994
5273
4272
5614
5557
5675
5578
5960
5012
5357
5460
4228
5708
4416
4557
4147
5406
5303
4358
5155
5902
5382
5007
5618
4612
4841
5045
5115
5073
5793
5699
4308
4910
4794
5732
4143
4902
4791
5502
4438
4490
5092
4962
5829
5985
5082
5604
5131
4602
5154
5142
4621
5160
4239
5343
4943
5121
5977
4608
5795
5503
4962
5870
5830
5113
5799
5460
5316
4882
5934
5996
5301
4175
5051
5634
4368
4109
4569
4062
5059
5267
4108
5897
5712
4031
4555
5079
4744
5459
5540
4548
5087
5786
5652
4284
5235
5232
5885
4336
4068
5401
5648
5772
5466
4031
5692
4106
4671
5716
4678
5143
5177
4149
4542
4619
5632
4659
4748
5364
4588
5330
5954
4672
4476
4707
5078
5954
5022
4597
5883
5299
4899
5251
5998
5857
4941
5112
4923
4129
4922
5569
4810
5527
4933
4348
4682
4781
5588
5094
5007
5054
5717
5467
4008
4839
5298
4518
5277
5176
4757
4159
4755
4569
4350
5290
4827
5072
5412
5723
4669
4473
5200
4332
4524
5229
4584
5293
5283
5576
5939
5264
4867
5158
5181
4123
4081
4042
5512
4347
5124
5924
5771
5706
4959
5433
5624
4474
5109
4467
5880
5009
5901
5013
5522
4303
4405
4265
4852
4096
4002
4333
5825
5697
4257
4362
4403
5723
5288
4427
5519
5830
5367
4133
4269
4845
4898
4102
4826
5367
5669
4149
4139
5716
4642
5020
4395
5905
4410
4230
4219
4601
4936
4539
4418
5480
5102
4019
4027
5562
5813
5454
4369
4522
5716
5485
4379
5343
5388
5622
4074
5532
5390
4226
5487
5610
4086
5398
4986
4959
5046
5488
4954
5989
5051
4345
4014
4038
4296
4009
4145
5742
5819
4451
5062
5566
4103
5589
5332
5775
4377
5283
5084
5669
4542
5201
4569
4921
4524
4969
5278
4019
5732
5836
5269
4479
5977
4354
4054
5905
5378
4208
5741
4492
5084
4566
5480
5670
5779
5805
5497
5631
4298
4338
5610
4074
5098
5510
4152
5666
4652
5295
4617
5278
4625
4734
5750
4711
4538
4439
4626
5233
4785
5412
5364
4308
5462
5751
4932
4914
4067
5476
5847
4701
4703
5817
5516
4970
4746
5357
5076
5423
4201
5874
5874
5727
5154
5749
5865
4327
4849
5236
4272
4187
5587
4406
5270
4579
4085
4558
4590
5422
5114
4784
4116
5719
5077
5501
5835
4550
4382
5423
5675
4597
4812
4197
4547
5384
4279
4524
5715
5533
5977
4314
5554
4629
4072
5357
5754
4746
4625
4356
4421
4057
4553
4954
5503
4501
4295
5512
4652
5523
5295
4918
5625
5106
5770
5571
5857
5858
5435
4562
4956
5666
4526
4783
4272
4509
4705
5740
4076
5306
4929
5277
5321
4393
4682
5500
4036
5949
5585
5411
4001
4211
4202
4482
5379
5737
5798
4547
5239
4169
4091
4254
4099
4743
5877
5066
5807
4582
5263
4336
5496
4511
4759
5648
5924
5352
4234
4732
5969
5897
5960
5584
4323
5676
5630
5908
5181
5988
4731
4881
4943
5402
4027
5284
4590
4387
5978
5719
4012
4879
5812
5599
4765
5977
5288
5976
5207
5964
4861
5435
4052
4081
4909
4020
4585
5875
5150
5285
4519
5154
4658
4349
5674
4645
4959
5954
4206
5214
4910
5921
4702
5815
5946
5909
5079
4197
4818
5958
5484
5661
5281
4988
4874
5828
4813
5288
5061
4757
5835
5354
4285
5837
4494
4052
5091
4214
5919
5984
4572
4581
4978
4406
5441
4786
5874
5277
5171
4741
4647
4335
4499
5531
4212
5680
5603
4216
4988
5193
4428
4165
5719
4871
5715
5922
5354
5164
4071
5267
4945
5148
4744
4396
5776
4962
5175
4564
5166
4399
5013
5760
5856
5155
4907
4310
4647
4906
5957
5784
5475
4281
4322
5599
4848
5604
5083
5032
5039
4685
4448
5107
4121
5739
4295
5514
4964
4788
4004
5985
5067
5578
4642
4596
4540
5362
4350
4001
4146
4715
5570
5898
4669
4369
4305
5816
5221
4307
5516
4359
4816
4454
5469
5657
4756
4848
4803
5680
4560
5145
4127
5831
4609
4382
5373
4249
5789
5957
4866
4631
4668
5810
4737
5819
4736
4445
4287
4952
5535
5810
5117
5068
5328
5420
4343
5831
4257
4566
5479
5181
4523
5391
4724
4223
5128
4425
4212
5036
5122
4899
4646
4915
4120
4204
5536
5794
5725
5525
5268
4682
5991
4905
4010
5689
5681
5848
4284
5332
5079
4550
4107
5815
5919
4620
5158
5512
4940
5732
4700
5071
4321
4116
4316
4890
4052
5540
4574
4131
5787
4974
4926
4887
5869
5528
5291
4521
5556
5790
5246
5126
4178
5333
4513
4894
4543
4374
5741
4624
4273
4633
4163
5494
4541
5502
4858
5726
4867
5865
4957
4166
4127
4835
4627
5293
5240
4726
5691
5856
4168
4593
4085
4263
5350
4698
5125
4530
4878
4643
4893
4043
5225
4399
4855
5139
4700
5590
4243
4855
5940
4727
5173
4724
4294
4166
5699
5371
4568
5080
4765
5370
5548
4828
5407
4137
4947
5265
4154
4516
4244
5199
5338
4957
4783
4673
5424
4460
5556
5935
5002
4191
5066
5229
5151
5544
4790
5168
4243
5940
4858
4892
5643
4481
5826
5168
5741
4972
5497
5208
4901
4442
5541
5697
4384
5070
4599
4355
5812
5850
5468
5181
5863
4527
5982
4757
5651
5651
5188
4444
5755
5210
5589
4994
4202
4633
5209
5266
4165
4336
5548
4868
4115
5967
5360
5068
5686
5416
5505
4915
4170
5896
4821
4592
4818
4804
5292
5336
4148
4550
5888
4754
5569
5495
5347
5948
5369
5933
4785
5703
4032
5706
5115
5997
4725
4388
5269
5463
5340
4122
5621
5899
5536
5383
5250
5169
4974
4352
5019
5170
4537
4877
4513
4672
5126
5544
4453
5599
5594
4822
4066
5133
4131
5239
5914
5080
5719
4356
5531
5884
4799
5027
4192
4592
5854
4433
5132
4089
5173
4555
5798
5029
5571
4566
4836
4614
5906
4646
4686
4504
5520
4881
4324
5152
4924
4448
5016
5226
5328
4940
5827
5089
4212
4111
5360
4442
5288
5262
4912
5578
5535
4308
5487
5953
5908
4780
4442
4796
5142
4712
5534
4407
4734
4968
5744
5694
4390
4400
5667
5774
5211
4366
4775
4798
4890
5121
5823
5468
4948
5612
5865
5882
4977
5271
5469
4152
5225
4973
4399
5462
4985
4144
5563
4229
4174
5925
4587
4832
5766
4709
5083
4468
4010
5767
5197
5411
4360
4054
4171
4222
4661
4347
5566
4283
5751
4352
5865
4449
4763
4493
4028
5316
5307
4383
4713
4259
5677
4487
4997
4869
5734
5616
5079
5120
4937
5480
5487
5330
4757
4139
5199
4044
5583
5644
4538
5128
4576
4602
5914
4312
5010
5415
4833
4359
5094
5920
4196
4419
5014
5329
5203
5948
5724
4906
5656
5152
4501
5881
5996
4514
4699
4875
5271
4317
5726
5968
5402
5571
5739
4364
4975
5863
5938
4697
4737
4616
5239
5518
4453
4415
5809
5889
5440
5080
5254
4067
5519
4891
4366
4730
5084
5143
4059
4178
4480
4587
4804
5918
5152
5524
4537
4934
4800
4256
5639
4262
4188
5338
4654
5095
5183
5654
4483
5608
4881
4265
5330
5560
4064
5924
5242
4472
5035
4895
4511
4093
5166
4080
5623
4735
4997
4983
5431
4789
4186
4909
4025
4721
5756
4691
5227
4041
5121
4340
5773
4326
5322
4760
5148
4453
4224
4106
5873
5800
4134
4872
4991
5841
4519
4362
5537
5294
4326
4361
4775
4632
4514
5979
4831
4427
5765
5285
5555
5397
4456
5082
5311
5607
4742
4842
5735
4687
5607
4066
4440
4904
4743
5886
5372
4587
4842
5596
4682
5383
4799
4586
5997
4743
5618
4953
5074
4429
4209
4158
4807
4830
5466
5226
4963
5358
4884
5796
5446
4242
5028
4917
5733
4585
4829
4596
5611
4570
4926
4373
5218
4088
4732
4419
4671
4803
5745
5702
5219
5192
4319
5130
5827
4755
5871
5684
4328
4601
5506
5608
4643
4096
5345
4733
4381
4825
5803
5396
4926
5839
4762
4299
5651
5082
4247
4198
4909
4420
4015
5236
4478
4626
5506
5225
5302
4103
4623
4124
5167
5369
4652
5432
4825
5180
4240
4286
5689
5626
4441
5888
4939
5024
5300
4461
4839
4882
5879
4519
5618
4847
5584
5527
4280
5747
5644
4594
4428
4408
4299
5505
4766
4304
5193
5246
5276
5865
5906
4934
4421
4244
4576
4256
5961
5108
5676
5588
5104
4092
5239
4567
5131
5382
5006
5219
5996
5404
4169
4358
4261
5454
4970
4980
5842
4255
5526
5886
4570
5922
4078
5496
5172
4136
5915
4760
5792
4975
5834
5198
4597
4837
5866
4733
4843
4490
5283
5216
5988
5161
4732
5328
4310
5920
4312
4641
5492
4005
4463
5171
4635
4239
4298
5038
5479
5029
4452
5515
4896
5499
4600
5129
5474
4416
5725
4080
5498
5262
5505
4324
4720
4194
4379
5648
4196
4302
5330
4775
4657
4790
5096
5514
4649
5388
4917
4106
4692
5045
5662
5605
4605
4117
4629
5586
4327
5215
4751
5236
5156
5401
5455
4941
4947
4319
4576
4781
5428
4266
5575
4342
5685
5475
4094
4753
5015
4316
5317
4594
4834
4483
4111
5469
5605
5859
5847
5833
4740
4650
4442
5719
5918
4568
5238
4426
4544
4691
4327
4277
5740
4070
4745
5257
5954
5467
5591
5960
5702
4294
4388
4784
4374
5883
5260
5077
5015
4585
4256
4104
4766
4932
5326
4901
5324
5730
5789
4789
4176
4931
4295
5345
5443
5544
5514
5419
4922
5807
5679
5441
4026
5440
5322
4867
4302
4941
5427
5796
4819
4303
5309
5590
5330
4810
4272
4912
4646
5540
4390
4487
5659
4197
5726
4824
5390
4633
4773
4257
5221
5237
4175
5514
5202
5577
5237
4442
4141
4540
5094
4487
5568
4904
5206
4699
5674
4360
5743
5633
5720
5390
4869
4717
4430
5854
5707
5468
5972
5543
5486
4728
4168
4540
4157
4466
4253
4509
5053
5890
4602
5054
5177
4408
5700
4775
5813
4727
4301
5766
4932
4261
4226
5981
4698
5459
4787
5138
5041
4501
4162
4163
5900
5088
4775
5723
5715
5318
4523
4362
5597
4297
5164
5294
4424
4039
5866
4067
4982
5382
5898
5357
4456
4401
5398
5830
5835
4264
4234
4449
4213
5974
5026
5102
5216
4347
4474
4657
4026
5899
5344
4905
5693
5126
5724
4687
4355
5502
4302
5813
5682
4540
5937
4498
4555
5887
4939
4996
4583
5389
4652
4609
5043
5899
4879
4177
4667
5007
4941
5929
5876
4732
4138
5491
5943
5831
4134
5289
5806
4045
4708
5711
5727
4583
4248
5703
4219
4560
4880
4904
4362
5555
4690
4802
5629
4746
5288
4942
5980
5174
5557
4089
4171
4034
4578
5243
5139
4869
4193
5341
4563
5454
4560
5179
5575
4728
4025
5955
4411
5174
5066
4505
4556
4646
4133
4356
4987
5615
4481
5350
4334
5849
4061
5507
4180
5165
4704
5674
4734
4059
5750
5764
4292
5244
4834
4116
5388
5583
5316
4196
4116
5061
5959
5444
4372
4714
4417
5155
4742
4405
5000
5922
5309
5779
5851
4346
4974
5230
4426
5726
5263
5404
5911
5478
5962
4546
4718
5705
4204
4180
5496
5761
5025
5098
5114
5828
4984
5547
4644
4226
5177
5149
4185
5084
4543
5231
4095
4196
5382
5468
5068
5099
4512
4764
4912
5344
4464
5372
5693
4906
4904
4143
5888
4601
5427
5425
4673
5730
4697
4963
4626
5224
4428
4437
5723
5976
5285
4904
5049
4834
4191
5987
4302
5195
4014
4607
4504
5642
5085
4259
4793
4728
5706
4322
5799
4380
5477
5920
5121
4738
4986
5811
4794
4853
4377
4495
4609
5105
5060
4557
5706
4751
5135
4424
5213
4036
4371
5445
4329
5928
4883
5369
5614
4961
4768
5576
4576
5213
4029
5656
4638
4043
4812
4438
5998
5407
5687
4360
4070
4915
4470
5379
4539
5632
5986
4782
5416
4290
4931
5352
5728
5319
5609
5008
5474
5212
4028
4438
5894
5264
4494
4364
5312
4937
5676
5052
5470
5287
4069
5628
5356
4949
5321
4006
4881
4851
4752
5586
5026
5047
5503
4089
5137
5960
4944
4499
4115
4039
4469
4575
4495
4767
4134
5441
4029
5938
4676
4678
5065
4918
4625
5604
5919
4210
4197
4293
4129
5773
5983
5077
4755
4814
4569
5470
4944
4459
5622
4304
4798
5564
5327
4608
4433
5094
4031
4731
5025
4199
4419
4283
5254
5360
5962
4055
4949
5420
4211
4705
4881
4394
4849
5306
5674
4560
5435
5139
4206
4318
4968
4861
4758
4453
5736
5128
4237
4038
4623
4998
4181
4637
5230
5747
4365
4594
4742
5731
5928
5290
5556
4113
5570
4577
4702
5860
5889
5259
5031
5329
4756
4088
5454
4795
4151
5236
4879
5284
5374
4257
4384
4852
4372
4671
4401
5956
4374
4865
5812
4297
4717
4813
5011
4306
5788
5933
4156
4852
4564
5138
5298
5830
4167
5474
5202
4159
5756
4483
4017
4440
5419
5559
5874
5569
4928
4466
5698
5445
4405
4207
4918
4477
5275
4173
5465
4881
4824
4310
4509
4550
4847
5458
4982
4214
5523
4546
5361
5190
4880
4326
5737
5049
4895
5910
4607
5813
5950
4794
4006
5591
5996
4896
4071
4924
5435
5300
5044
5937
5070
5405
4916
4789
4895
5900
4127
5954
4265
5268
4433
5608
4217
4621
4210
4687
5197
5224
4242
5181
4488
5587
5821
5275
5481
4349
4707
5208
4044
4737
5503
4407
5693
5583
5660
4461
5868
5002
5043
4824
5092
4227
4482
4729
4011
5973
4101
5509
5916
5822
4899
5168
5833
5396
5086
4846
4495
4212
5309
5254
5752
4168
5949
5298
5541
4106
5858
5234
5153
4831
4119
4100
5407
5980
5468
5331
5137
5824
4725
5168
5100
4262
5476
5153
5554
4121
4425
5825
5517
5330
5780
4692
4884
4627
5441
5819
4272
4918
5866
4092
4325
4443
5352
4222
4766
4213
5763
4139
5842
4521
5806
4262
4558
4458
5844
5142
5203
4816
4872
5741
4304
5430
5243
4402
4650
5815
4779
5157
4069
5223
5802
5111
4273
5284
4167
5093
4059
4523
5972
4601
4061
4864
4032
5904
5383
5641
5684
5195
4485
5026
5337
5413
5102
5036
4217
5091
5051
5374
4776
4572
5470
5218
4876
5815
4575
5089
5681
4315
4411
5973
5910
4207
5808
5624
4921
5738
5014
4377
4727
4518
4830
5101
4907
4681
4931
5837
5294
4638
5116
5812
4316
4488
4567
5276
4756
4547
5456
4428
4311
4258
5593
5960
4596
4540
5944
4360
4607
5670
5305
5239
4319
5625
5039
4359
5944
4219
5833
4964
5168
4670
4404
5688
4317
5488
5225
5752
4446
5638
5598
4876
4275
5733
4221
5534
5192
4068
4522
4930
5065
4408
5623
5066
5119
5485
4037
4568
5935
5269
5374
4872
5484
4127
4898
4153
4904
5334
4823
4285
5318
4348
5970
4409
4382
4088
4585
4556
5415
4519
4971
4072
4100
5865
5176
5543
5645
5624
4673
5101
5010
5400
4631
4035
4182
5445
5793
4930
5457
4622
4586
5518
4731
4408
4306
5992
5700
4394
4271
4672
4557
4702
5131
4105
4496
5066
5431
4191
5534
4925
4928
4395
5702
4377
5802
5316
4205
4242
4039
4045
4377
5170
5345
4549
4371
5555
4902
4612
5528
4364
4100
4259
5819
5635
5317
4050
4449
5592
4023
4721
4749
4517
5784
5014
4891
4608
4442
4458
4183
4928
4731
5974
5510
5600
5684
5841
5271
4165
5693
5674
4694
5044
5870
5129
4557
4307
4117
5712
5459
4246
4152
5889
4628
4407
4262
