4500
4755
4028
4157
4087
5245
4655
5871
4731
5044
4283
4115
5915
4734
5318
5224
5058
4036
5014
5130
5338
5914
5858
5291
4750
5177
4107
4878
4937
5812
4254
5464
5052
5151
5398
4865
4797
4311
5072
4959
4874
4945
4399
4978
4697
5231
5660
4468
4295
5041
4102
5227
5757
4001
4187
5235
5460
5811
5658
5235
5445
4244
4525
5768
5077
5573
5159
5416
5041
5273
4180
5332
5325
4777
4770
5177
4544
4400
5408
4037
4597
5645
5006
5624
5175
5964
4684
4599
4872
4118
5391
5694
4333
5338
4426
4824
5716
4295
5770
5463
4740
4756
5166
5381
4617
4420
5890
5516
4239
4761
4750
4116
5345
5533
4627
4959
5568
5293
4469
4586
5682
5821
4898
5562
5852
5147
5926
4397
4754
4423
4077
4954
4413
4891
5347
4750
4424
4106
5442
5751
4618
5532
4450
5340
5695
5418
4818
4619
5342
4734
4217
5046
5685
5282
4700
5087
4434
4919
4002
5003
4432
4188
5751
4311
5561
5291
5845
5319
5862
5614
4798
4358
4333
5327
4992
5791
4514
4131
4202
5336
4181
4101
4265
5935
5773
5457
4264
4950
5325
4855
5132
4352
4061
4800
5449
5385
4355
5468
5895
4706
4549
5638
5980
4966
5346
5716
4024
4651
5291
4702
4496
4671
5038
5325
4677
4688
5240
5511
4552
4651
4731
4775
4144
4326
4668
5462
4342
4587
5462
5760
4445
4586
4471
4045
5965
5801
4781
5437
4420
5017
5641
5743
4093
4405
4243
4484
4863
4147
4670
4784
5784
5256
5563
5717
4530
5378
5736
5315
4695
4916
4086
4345
5917
4883
5087
4917
5757
5400
4914
4041
5374
5398
5310
4019
5054
5713
4518
5059
4047
5692
5819
4467
5699
4815
5427
4760
5348
5207
5968
5018
5013
4831
4048
4209
4415
4133
4267
5582
4367
4577
4054
4533
4680
4250
4177
5833
4531
4303
5252
4446
4738
5028
5357
5454
5422
5331
5567
4268
5867
4696
4055
5214
4438
4098
4848
5486
4361
5667
5296
5925
4456
5242
4365
5728
5558
5798
5399
4764
5596
4710
5323
5283
5520
4984
5595
4455
5952
5436
4731
4740
5730
5185
5492
5374
4444
4939
4419
4651
4602
5197
5274
5404
4420
5314
4471
5659
5449
4261
4507
5566
4614
4553
4484
5640
5361
5604
4016
4093
4362
5504
4785
5626
4285
5030
4122
4297
4281
5504
4823
4960
4496
5506
4944
4402
5262
5370
5141
4659
5649
5515
5035
4817
4035
5780
4666
5424
5946
5191
4619
5916
5363
4614
5469
5838
5493
5700
5913
5899
5218
5265
5368
4666
5754
5257
4496
4522
5124
4292
5969
5637
4293
5308
5223
5592
4070
5014
4686
5896
4310
5206
4585
4266
4176
5248
5208
5153
5139
5342
5880
5226
4440
4001
5640
4175
5231
5318
4134
4329
4592
4234
4684
4537
4421
4672
5089
4465
5429
5371
4440
4441
5316
4131
5461
5199
5445
4288
5881
5207
5410
4037
4381
4775
4607
5162
5572
5655
4625
4957
4162
5137
5637
4520
5623
4172
5270
4145
4993
4883
5516
5218
5037
4507
4243
4971
5642
5117
5754
5654
4278
5488
5142
5865
5267
5840
5026
4443
4645
5305
5251
5560
5377
4342
4082
5772
4355
4324
4151
5923
5436
4107
5896
5007
4116
4977
5814
5331
5404
5151
5568
5048
4858
5548
4068
5384
4765
5663
4526
5835
4764
5830
5006
4065
4546
5914
5964
4416
4879
5943
5954
4418
5873
4975
4928
4130
4417
4332
4515
4128
4475
5025
5303
5798
5104
4527
4311
5361
4306
4375
5580
4333
5897
4528
4522
4986
4115
4123
5464
5115
4242
4821
4207
4490
5009
5893
5548
4053
5189
4580
5571
4518
5786
5199
5453
4983
4902
5887
5183
5101
4393
5292
5783
5183
5428
5408
5958
5588
5851
4805
5408
4604
4660
5105
5567
4594
5912
4655
4026
4121
5284
4640
5646
5294
5917
4585
4235
4587
4598
4942
4314
5281
5008
4481
4775
5487
5096
4746
5628
4375
4279
4603
4023
4432
5203
4196
4439
5822
5249
5950
4114
4999
4290
4975
4970
4091
4598
4265
4833
5574
4932
5650
5646
5088
4928
4449
5932
5781
5623
4178
4238
4381
4290
4822
5293
5549
5625
5234
4676
4900
5853
4313
5356
5495
5337
4281
5174
4476
5597
5739
4196
4595
4681
5199
5677
4659
4169
5238
5491
5915
4446
4520
4862
4249
4439
5538
5189
5290
5868
5873
5103
4257
5658
5141
5939
5341
5608
5063
4821
4836
4838
4448
5793
4234
5523
5451
4629
4584
4427
5360
4164
4363
4375
4986
4512
5300
4428
5494
4314
4902
4797
5826
5698
5745
5076
4189
4062
5733
4743
4272
4730
4786
4804
4206
5839
5792
4995
5251
5249
5233
5836
5958
4960
4437
4306
4609
4463
4531
4436
5563
5459
4913
4211
5632
4106
5207
4985
5076
4313
4825
5074
5279
4213
4153
5905
4215
5541
5193
5336
5216
5419
4381
4183
5646
4911
4400
4984
4366
5513
5095
4235
5641
5023
4187
5351
4186
5731
4322
5460
4419
5388
4000
4231
5292
5317
4860
5686
5156
5215
5530
5715
4931
4885
4456
5864
4771
4131
4786
5125
5158
4382
5709
4072
5527
4846
4105
4222
5247
5327
5266
5672
4468
4364
4916
4244
4947
5090
4724
5091
4798
5027
4403
5691
5872
5905
4770
4438
4961
4574
5036
4979
4813
5901
5868
4645
4135
5149
5738
5604
5134
4711
4620
5450
5108
5955
5639
5818
4362
4260
5781
4585
5711
4663
4591
5474
4928
5181
5845
5659
5153
4149
4283
5651
5778
4060
5284
5065
4489
5272
4363
5692
4885
4483
4547
4921
4387
5079
5587
5932
4625
4752
5783
4988
4446
4356
4761
5870
4996
4055
4539
5035
4184
5731
4011
4064
5137
4141
5257
5993
4688
5917
5983
5455
5994
5780
4667
4840
5855
5674
4575
4001
5730
5206
4001
4934
4047
5142
5880
4741
4955
4727
5586
5084
5474
4002
5636
4510
5268
5018
5674
5695
5525
4567
5417
4626
5825
5849
5796
4730
5904
4823
5508
5440
4443
5109
4345
4306
4952
4523
5705
4941
4165
4670
4633
5026
5728
5617
5814
5815
5998
4961
4008
5241
4167
5282
4387
5460
5917
5170
4683
4518
4670
4557
5450
4462
5278
4737
4904
5787
5379
5313
4461
5046
4888
4826
5787
4530
4874
5804
4528
5053
5705
4231
5371
5341
4772
5730
4063
5971
5391
4278
5264
4770
4185
4755
4814
4937
4291
4515
4089
5264
5428
4144
4393
4469
5591
4625
4299
4450
4098
4208
5015
5030
4067
4033
5881
4793
5171
5561
4435
5060
5949
5239
4418
4166
4927
4129
4771
5839
5562
5030
5718
5011
5262
4301
5397
4734
5595
4000
4581
5381
5039
5686
4529
5769
5588
5384
4292
5218
4418
5487
4486
4545
4281
4355
4262
5336
5841
5154
5670
4691
5741
5759
5371
5901
4993
4149
4789
4714
4025
4256
4794
4961
5358
5547
5752
4027
5145
4463
4782
5094
4963
4661
4276
4554
5048
4963
5610
4808
4560
4906
4389
4152
5661
5654
5386
5971
4976
4885
4105
5701
5428
5431
5515
4645
5570
5706
4189
5995
5692
5752
4513
4377
5187
4317
5053
5437
5769
5755
4460
4197
5846
5613
5055
5157
5525
4365
5368
5677
5087
4975
5626
5227
5527
4287
4745
4288
4899
5023
5867
4230
5229
4112
5877
4143
5596
5849
4563
5837
5819
4522
4001
5026
5074
4011
5065
5491
5824
4485
4303
4442
4051
5293
4980
5966
5663
5594
4567
4128
4174
4134
4245
4134
4546
4117
5471
4121
5759
5067
5542
5938
4850
4076
5151
4840
4346
5416
5162
4094
4791
4884
4818
5116
5377
5242
4779
4590
5765
4120
5100
4256
4290
5368
4692
5555
4441
5559
5118
5518
5567
5949
5346
5072
4574
4390
4652
5568
5338
4705
5479
4660
4022
4461
4783
5506
4803
5140
5643
5982
5150
4930
4281
4849
5208
5730
5449
4100
4989
4456
5049
4241
4648
5570
4435
4410
4499
4639
5160
5735
4140
5643
4251
4821
4352
5584
5693
5033
5054
5406
4197
5658
4975
5794
4719
5075
5563
4651
5381
4990
5396
4769
5010
4050
5444
5434
4972
4547
5538
5258
5675
4441
5239
5142
5969
5947
4931
4588
5636
5099
4429
5518
5643
5123
5464
4726
5736
5923
4523
5758
4545
4566
5203
5901
5957
4166
4968
5946
5335
4114
5393
4258
5268
4089
4704
5513
5586
5681
5851
4531
4959
5367
5430
5852
4406
5100
4654
5464
5499
5570
5615
5345
4275
4058
5772
5982
4692
5982
4348
5489
4560
4835
4413
4225
5179
4220
5206
4485
4961
5734
4917
4728
5667
4847
4526
5892
5107
5933
4102
5804
5765
4343
5282
4875
5725
4555
4886
4910
4755
5022
5907
4052
4599
5292
5772
5960
4873
5202
4928
5199
4544
4987
5600
5109
5945
4214
4737
5436
5028
4243
5136
4124
4014
4375
5996
4994
5038
4713
4653
5756
4366
4101
4632
5522
5334
5747
4004
5320
4439
4151
4679
4047
5290
5742
5980
5076
5533
5081
4361
5066
5284
4485
5324
4467
4098
4038
5533
5634
4756
5970
5483
4083
5765
4002
4176
4012
5028
4123
4742
5229
4295
5956
4060
4249
4219
5259
4095
5387
5739
4236
4077
4756
5731
5234
5819
5302
5238
4419
4312
5000
5635
4236
5579
4712
4039
5465
5594
4167
4280
5088
5246
4905
5064
4323
5093
4387
4404
5482
4847
5901
4735
5191
4347
5353
4818
4878
5360
5438
5871
5225
4619
5868
4823
4632
4846
4710
4273
5538
5482
5793
4902
5162
4793
4820
5171
5104
4218
4428
4573
5582
4891
4841
4591
4147
4360
4971
5017
5768
5872
4834
5612
5412
4422
4013
4786
4208
5585
4719
4046
4122
4870
4200
4910
4688
5537
4635
5938
5667
4799
4738
4996
4317
5901
4306
5750
4350
4609
5126
5048
4577
4405
5639
5427
5901
5278
4893
4018
5985
5210
4731
5330
4413
5890
4117
4149
4640
5280
5292
4573
4005
5256
5904
5058
5601
4715
4172
5323
5512
4142
5680
4107
5674
5107
4788
5720
5072
5033
5971
4178
5005
4867
5454
5231
4406
5553
5172
4414
4413
4364
4360
5770
5033
4731
5719
4190
4304
4911
5172
4104
4357
5436
5025
4163
5228
4555
5288
4754
4080
5392
4165
4002
5289
4559
5148
5546
4197
4865
5524
4609
5170
4476
4478
4109
5902
4648
5470
5035
5941
5064
5031
4223
4782
4189
5332
5676
4066
5506
4047
5220
4699
5614
5484
5750
5469
5997
4143
5182
5575
4700
5798
5610
5698
5557
4952
4836
4320
5488
4817
5847
5358
4103
4047
5346
4972
5889
4655
4176
4853
5842
4371
4778
5337
4748
5034
5034
4243
5162
5127
5617
5402
5680
5967
5326
5333
5089
5025
5425
5118
5224
5459
5181
5020
5591
4890
4675
4028
5325
5240
5935
5778
5693
4196
4544
5674
4922
5449
4490
4368
4264
5338
5780
5944
4820
5564
4927
4346
4699
5684
4978
5561
4540
5724
5612
4493
5000
5729
4082
5443
4947
5450
4776
5157
4372
5950
5540
5507
5253
5074
4278
5863
5792
4159
4326
5866
4486
4083
4567
4201
5620
4718
5608
5945
4720
4357
5425
4165
5092
4386
4717
4967
5104
5366
5942
4497
4344
4022
5363
4589
4700
5440
4156
5422
4463
4445
5222
4461
4101
5261
5975
5918
4657
4122
5080
5743
5531
5596
5021
4611
5060
4761
4581
4491
5183
5327
5560
4089
5489
5108
5730
5042
4599
4910
5035
5904
4275
4774
4507
4002
4770
5585
4038
5843
5970
5725
5669
4687
5372
4314
5505
4978
5080
4078
5107
4194
5141
5379
5806
5838
4273
5890
4815
5409
4043
4928
5207
5596
5099
4199
5313
4270
4498
5915
5800
4950
4801
4196
4462
5116
4352
4501
5346
4610
5354
5374
5299
5171
5759
4914
5307
5654
5296
5196
4706
5195
4380
5169
5566
4775
4637
4348
4481
4174
5860
4892
5720
5674
4720
5945
4833
4826
5185
4026
5525
4860
5525
4040
5633
5216
4328
5056
5766
5723
4094
5120
4799
5078
4273
4640
4686
4320
5636
4684
4719
4457
4019
4604
4944
5927
5663
5347
5670
4106
5233
4181
5420
5301
4346
4120
4293
4545
5146
5355
5773
4170
5989
4508
4072
4799
4112
5873
5665
5891
5169
5780
4594
5784
4688
5293
5737
5174
4766
5261
4138
4680
4454
5129
5265
5626
5391
4665
4635
4428
5792
5920
4141
5066
4493
4433
5143
5474
4967
4189
4139
4457
4200
4676
5055
5992
4759
5462
5990
4674
4952
4312
4169
5092
4369
4253
5847
5297
5643
5377
5070
4920
4871
5535
4132
5129
4256
4863
5479
5083
4794
4784
5857
4492
4976
4628
4528
5783
4211
4460
4914
5253
5933
4322
4253
4549
4152
5626
5913
4334
5562
4948
4796
4801
5382
4119
4996
4687
5116
4168
4383
5847
4838
4786
4786
5748
4514
5478
4639
4422
4102
5061
5500
4895
4726
5266
5256
5466
5192
4423
4250
5800
5394
4486
4424
4961
5739
4990
4759
4669
4402
4061
5659
5279
4356
5028
5398
5820
5279
4232
5119
5513
5555
4428
5770
5687
4451
4902
4244
5286
5446
5195
4775
4833
5637
4316
5497
5796
4779
4625
4380
5011
4571
4111
4560
4055
5471
4000
4361
4462
4453
4506
5123
4335
5083
5453
4963
4455
5866
5229
4850
5375
4299
5674
4380
4198
5563
5283
4190
4790
5263
5438
4043
4747
5996
5970
4643
5543
4433
4950
4222
4135
5803
4122
5366
4485
4253
5024
4082
5793
5224
5164
5690
4683
4488
5734
5604
4271
4510
4000
4716
4853
5640
5642
5937
5273
4866
5832
5971
4967
5153
4273
4590
4054
5771
4567
4611
4146
4532
5624
5981
5804
5750
5586
5632
5321
4207
5553
5865
4458
5127
4103
5597
5821
4120
5853
4869
4191
5308
4490
4434
5100
5362
5692
5985
4910
5751
5975
5865
4534
4907
4132
5753
5165
5731
4406
4631
5177
4133
5156
4604
4541
4215
4276
4181
5590
4737
5938
5290
5167
5279
5711
4060
5519
5884
4158
5640
5097
4548
5543
4124
5722
5211
4640
4959
4521
4362
4300
4903
4924
5035
5582
5143
5197
4416
5526
4945
5963
5011
5311
5913
5036
5419
4207
5457
4275
5680
4909
5901
4026
5130
5208
5248
4131
4524
4570
5468
5006
4772
4340
4315
4066
4843
4327
5280
4914
5450
4851
5344
4231
5653
5443
4375
4112
4718
5419
5095
4791
4367
5168
4518
5848
4354
4993
4924
4520
5661
4741
4436
5102
4710
5319
4992
5010
5901
5619
4503
5058
5562
5668
5112
5777
4690
4375
5223
4745
5172
4806
4470
4830
4612
4298
4827
5840
4683
5924
4646
5260
5293
4480
4701
4343
5670
4190
4129
4947
4977
5157
4484
4051
5587
4047
5173
4754
4573
4828
4149
5355
5871
5656
4168
4235
4348
4174
4117
5090
4266
5663
5724
4975
5919
5887
4208
4170
5014
5863
5576
5775
5599
5412
5358
4394
5854
5769
4392
4399
4567
4126
5917
4514
4752
4431
5454
5604
5001
5979
5034
5736
5154
5297
4315
5090
5522
4840
5701
4730
4419
5641
4809
5316
5304
5291
5642
4823
5720
5396
5429
5851
4500
5625
5192
4562
4050
4581
5457
4154
4911
5357
5439
4232
5550
5666
5204
5501
4004
4058
4819
4056
4359
4239
5802
4613
5995
5155
5941
4999
5400
4731
4019
5903
5962
5870
4881
4163
4960
4560
5239
5410
4320
5285
5602
5334
4519
4977
5457
4168
5254
4399
4676
5667
4149
4026
5647
5580
4437
5874
5771
5819
5673
5286
4636
5165
4494
5350
4259
4222
4417
4697
4556
5216
5923
5227
5320
5823
4656
5513
5150
5191
4257
4113
4386
4672
4609
4233
4050
4678
5418
5416
5421
4754
5927
4903
5200
5275
4865
4450
4412
4533
5726
5987
5380
5445
5703
5216
4886
4815
4983
5277
4048
4059
4462
5084
5903
5061
4534
4603
4585
5595
4863
5357
5219
5593
5935
4596
5189
4993
4296
5091
4412
5059
5649
5839
5339
4989
5320
5863
5278
4997
4006
5022
5676
5170
4536
4365
4759
4253
4762
4383
5445
5872
5620
5546
5906
5250
5295
4210
4160
4843
5100
5268
4393
5364
5441
5241
5546
5749
4876
5383
4191
4015
4183
5241
4259
5715
5818
5406
4917
5627
4264
5775
5108
5837
4861
4912
4946
4954
5853
4108
5668
4745
5188
5083
5191
4040
4719
5345
5866
5485
5375
4207
4626
4451
4496
5862
5229
4144
5756
5506
4883
4166
5600
4151
4268
5342
4088
5055
5747
4607
4355
5722
4876
4916
4964
5480
4847
4364
5974
4000
5789
4271
5413
5739
4470
4640
4308
5499
5022
4534
4750
5316
5514
5574
5948
4728
4206
5862
4573
5309
4091
5043
5828
4588
4162
4017
5257
4267
5139
4598
4940
4923
5118
4332
4593
4743
4044
5030
4221
5780
4412
4661
4287
4060
4003
4830
4970
4708
5632
4534
5753
5512
4416
4682
4899
4595
5572
4204
4908
4313
5017
4121
4006
5306
4962
4654
4914
4712
5644
5548
4677
4568
4384
5636
4655
4778
5377
5036
5922
4686
5228
4214
4786
5939
4162
4115
5122
4311
5989
4715
4780
4916
4987
5327
5986
4221
4108
4654
5972
4328
4574
4646
5312
5217
4023
5278
5080
4897
5249
5782
4553
4965
4546
5741
5254
4409
4441
5741
4571
5924
5961
5111
5812
4504
5938
4340
4617
4303
4817
4105
5105
4169
5267
4101
5057
5491
5978
4974
5408
5081
4557
4688
5714
5013
4105
5953
5169
4572
4757
4743
4435
5431
4937
5930
5405
4212
4804
4303
5721
4317
4596
5488
4061
4999
4610
4340
5956
4579
4748
4071
4377
5935
4400
5983
4394
5859
5594
4281
5679
5820
4474
4343
5952
4686
4455
5565
5153
5733
5093
4293
4342
5882
4144
4071
5826
4924
5098
5491
5322
5038
4185
4461
4968
5459
5609
4499
5013
5895
5207
4316
4545
4739
4719
4104
5947
5214
4901
5073
4390
4081
4322
5767
5099
4647
4828
4812
5859
4307
5234
5915
5549
4764
4477
4045
5770
5437
4530
5193
4510
4487
4546
4110
4138
5609
4569
4018
5448
5679
4671
4265
5810
4552
4374
5281
4004
4933
5047
5202
5807
4014
5327
5718
5181
4229
4858
4428
5314
4700
4669
5130
5093
5876
5349
4531
4603
5110
5689
5686
5792
5791
4886
5430
5620
5313
4694
4615
5072
4077
4682
5261
5928
5138
4339
5133
4158
5916
5199
4197
5155
5498
5774
5573
5460
4108
4051
4594
4681
4935
5479
4034
5136
4832
5821
5902
5180
5112
5054
5221
5686
5306
5382
4011
4828
4757
5496
4517
4240
4055
5306
4140
4826
5751
4895
4614
4838
5649
4444
4355
5391
5215
4372
5667
4582
4716
5123
5634
5726
4241
4933
5674
5437
4745
4115
5598
4147
4618
4439
5659
5727
5614
4776
5501
4072
4351
5951
5676
4166
4093
4324
5648
4831
4050
4746
5278
5176
5627
4202
4161
5281
5770
4486
5612
4734
5345
5420
4532
4811
4228
5768
5964
5822
4507
5144
5316
5123
5130
5625
4916
4247
4258
4321
4403
5087
5431
4444
5377
4729
5365
5542
4446
5595
5614
5317
5683
4849
4715
4742
5737
4954
4054
5911
4018
5256
5680
4280
4247
4526
5916
5527
5859
5116
4645
4988
5237
4683
5971
4936
5990
4293
5772
4842
5614
4669
4708
5262
4424
5587
5583
4829
5961
5607
5036
5660
5161
5214
4329
5330
5816
5707
5773
4677
5583
5412
5683
5412
4991
5062
4000
4108
5689
5293
4608
4961
4268
4863
4298
5001
5675
5392
4006
4090
4127
4902
4288
5879
5170
4634
4392
5857
4313
4152
5756
5630
4975
4131
5163
4796
5743
4037
5321
5421
5099
5048
4583
4915
5867
4985
4530
5462
4765
4082
4203
5503
5227
4561
4070
5393
5711
5796
4658
5564
5699
5093
4816
4930
5355
4814
4455
4408
5516
4775
4039
5760
4117
4406
4470
5373
5234
5479
5234
4344
5961
5133
5229
4817
4059
5403
4977
4306
5394
5386
4865
4650
4929
5497
4841
5005
5891
4405
5867
5181
4716
5969
5910
4169
5121
4113
5834
5300
4891
4282
4120
5194
5345
4202
5862
4918
4123
5366
5427
5265
4411
4718
5273
5003
5190
5166
5417
4768
5517
5136
5878
4908
4152
4445
4119
4504
5256
4693
4125
4569
4912
4258
5208
4857
5756
5847
4791
5264
5125
5464
4965
5894
4177
5534
4494
5006
4479
5172
4477
4217
5478
4797
5380
4562
4939
5253
5462
5883
4416
4361
4041
4194
5937
4468
4481
5303
4509
5805
5396
4081
4627
4100
4573
4603
4836
5814
5135
4719
5251
5846
4055
4904
4707
5293
4567
5394
5431
4880
5581
4004
5963
4173
4861
4479
4840
5260
4180
4433
4531
5075
5688
5298
4043
5107
5167
4898
5234
4210
5935
4571
4215
5292
4596
4456
4085
5441
4772
5721
4387
4013
5778
5669
4380
5942
5642
5620
5686
5478
4967
4243
5712
5570
5292
5570
5882
4685
5593
4957
5200
5793
4753
5770
4737
5212
4069
5804
4750
5136
4044
4564
5518
4563
4847
4499
5541
5860
5011
5323
5392
4352
4476
5300
4835
4636
5531
4686
4912
4957
5462
4003
4193
4480
4441
5188
4641
5306
4795
4653
5965
4781
5280
4032
4788
5217
5754
5666
4894
5746
4996
5465
4579
5288
4772
4841
4259
5193
4661
5187
4430
5541
4307
5346
4800
4093
5097
4748
5173
4074
5465
4472
5601
5187
4912
5715
4187
5973
4102
5776
5805
4382
4400
4982
4732
4693
5463
4724
5174
4090
5331
4765
5880
4182
4006
4453
5400
5891
4027
4860
4830
4263
4587
5812
5257
5775
5792
5010
4946
4358
5177
5652
5677
5191
5348
4773
5097
4074
4609
4825
4971
5298
5608
4607
4653
5444
4566
5846
4406
5175
4405
5137
5741
4308
4679
4526
5773
4552
4208
4927
5214
4899
4332
5604
4425
5500
4579
4843
4784
5395
4571
4905
4771
4009
5168
5314
4209
4698
4972
4287
5752
5209
4432
5160
4640
4661
4580
4759
4038
5307
5273
4609
5636
5962
4999
4233
5791
5133
4713
5450
4012
4033
4205
4549
5559
4606
5779
4356
4811
4396
5190
5981
5476
4406
5681
4388
5962
5964
5672
4558
4211
5767
5156
5494
4268
4352
4049
4863
4549
4030
4852
4647
5126
4405
5163
4264
4067
5792
5511
4729
4525
5954
5414
4489
4691
5662
5303
4225
4917
5090
5188
5749
5402
4543
4297
5972
4406
5610
4756
4516
4430
4105
5792
5063
4120
5860
5539
4274
4180
4338
4967
4452
5712
4306
5401
5398
4982
4481
5960
5666
4760
4180
5871
5134
5820
4259
4693
5741
4429
5132
5549
4279
5188
4997
4605
4146
4624
4663
5325
4008
4170
4981
4859
5595
5976
4313
5333
4761
4441
4908
5811
5685
4437
4523
5031
5955
4833
5319
5959
4157
4839
4706
5254
4405
4563
5863
5847
4463
5206
5871
4887
4534
5645
5765
4064
5308
5855
4500
5717
5506
4359
5765
4467
5697
5379
5771
5902
4960
4495
5275
5095
5059
4759
4299
5395
5862
5615
4620
4056
5132
4932
4812
5431
5861
5373
5526
5770
5893
5412
4565
4932
5267
5384
4467
4378
4708
5227
5012
4093
4423
4951
5224
5043
5181
5721
4202
4549
5615
5582
5604
4870
5610
4002
4101
4903
5266
4689
5577
5950
5555
5903
4155
4937
5747
5196
4627
5036
4386
5659
4387
5483
5505
5131
4518
4551
5414
4246
5481
5666
4899
4284
4717
5916
5114
4779
4025
5215
4148
4355
4708
5387
5506
5877
5829
4745
4048
5653
5210
4527
5346
4397
5090
5214
4866
5603
5078
5631
5683
5625
4494
5523
5769
4400
4167
4461
4070
5228
4213
5851
4609
5252
5150
4005
5561
5178
5428
4143
4424
5601
5164
5667
5622
4157
4396
4206
4048
5998
5851
4292
5479
5486
5061
5099
4789
5614
5681
5056
4627
4690
5660
5752
4430
5824
5131
5524
5232
5139
5874
5151
4219
4723
4360
4564
4857
4597
5271
4672
5916
5075
4195
4744
4859
4341
4354
5226
5627
5247
4097
4285
5339
5854
4872
5514
4195
5327
4817
5121
4788
5349
4538
4604
5800
4119
4492
4906
5668
4254
5446
4953
4208
5775
5032
4192
5650
5881
4630
4829
4640
4675
4374
4124
4498
5804
4856
5241
5157
4168
5857
5342
4207
4989
5717
4309
4967
4664
4734
5961
5071
5304
4159
5296
4765
5602
5441
4056
5656
4902
5241
4666
5025
5801
5689
5916
4609
5573
5785
5258
4064
5904
5074
4153
5659
5619
4130
4451
4661
4018
5351
4512
4287
5631
5492
4841
4887
4328
4072
4306
4245
4459
5733
4103
5466
5138
5969
4660
4427
5727
5518
4763
5180
5703
4487
4705
4709
5262
4880
5761
4855
4988
4789
5641
5396
4924
5125
5558
5741
4770
5778
4094
5277
5157
5333
4934
4008
4798
4048
4602
4816
4043
5651
4432
5628
4060
5938
5272
5989
5421
5190
4206
5422
5643
4038
5949
5148
5648
5184
4526
4157
5617
5596
4550
5113
5312
4092
5775
4989
4179
5268
4852
5134
4685
5513
4743
5984
5983
4643
5418
4271
4221
5037
4716
5003
4409
4599
4052
4633
5404
4486
4552
5471
4003
4848
4160
4338
4880
5712
4292
5440
5037
5438
5699
4100
5791
4862
5069
4989
5194
5304
5507
4277
4476
5357
5932
4298
5703
4466
5213
5577
4530
4774
4442
4005
4505
5821
4935
4643
4305
5855
5304
4389
5146
5462
4041
4647
4003
4273
5041
5639
5656
4572
5972
5074
5780
4593
4344
4510
4622
5590
4994
5491
4712
4902
4665
4650
4577
5555
5013
5139
4786
5058
4253
4074
5046
5218
4922
5287
5812
4175
4598
4409
5752
4177
4626
4647
4457
5139
5564
4701
5337
5152
5232
4863
5776
5207
4952
5012
4527
5076
5611
5636
4897
5565
4627
4291
4928
4216
4880
5708
4332
5142
5834
4298
5206
4391
5458
4650
5521
4667
4029
5678
5008
4092
5238
4145
4082
5049
4580
4966
5455
5525
5178
4783
5994
4289
4914
5474
4251
5258
4268
4353
4248
4763
4983
4678
5093
5420
5733
5867
5094
4089
5937
5155
5631
5286
4952
4343
5046
5512
4124
5808
5300
4405
4419
5142
4778
4202
5331
5553
5445
5912
5292
5716
4040
4953
5439
5141
5213
4821
4142
4461
5179
4080
5831
5395
4766
4038
4713
4122
5177
4161
5342
5320
4797
4358
4686
4059
4380
5488
5748
5013
4127
5565
5830
5060
4645
4839
4854
4238
4933
4012
4423
4120
4286
5159
5034
4531
4935
4678
4842
4375
4866
4146
5489
4944
5305
4657
4135
5615
4563
4707
5695
4666
5103
5856
4138
5785
5115
5220
4050
5245
5072
4302
5436
4970
4166
5753
4220
5449
5117
5650
5692
5167
4215
4512
5163
4599
4610
5671
5206
4323
5309
4948
5089
4069
5975
4505
4215
4338
4011
4492
5893
5993
5908
5230
4734
4522
5709
4552
4024
4725
4413
5433
4767
4745
5030
4037
4400
4621
4984
5019
4281
4623
5664
4961
5158
4533
4691
5850
5773
4107
4945
4014
5572
5008
5803
4888
4217
5997
5662
5866
4206
5001
5449
5368
5776
5210
5105
5495
4349
4784
5166
4571
5570
4167
4342
4837
5994
4105
5747
5826
4455
5670
5504
5323
4407
5666
4174
4300
4226
4242
4575
4181
4543
4650
5497
5517
5073
5165
4192
4287
5455
5134
4420
4975
5157
4865
4871
5917
4579
4353
4879
5258
4929
5328
4046
5533
5428
4531
4350
4414
5830
4037
4619
4923
4682
5866
5798
5453
4547
4812
5293
4294
4646
4596
5497
4789
5636
5201
5241
4845
4041
4043
5867
4479
5475
5598
5582
4584
5428
4945
5008
5155
5112
5840
4767
5588
4147
5708
4674
5105
5934
5312
5235
4683
4322
5348
5312
4936
5270
5367
5930
4918
5515
4932
5947
