4500
4241
4071
5305
5666
5824
4245
4225
4870
5677
5343
4197
4919
5284
4603
5185
5470
4750
4472
5441
5121
5751
5386
4830
4966
4321
4711
5022
4176
5201
4646
5386
4665
4877
4602
5900
5764
4581
5452
4769
5209
4968
5742
4848
4459
4966
4180
4296
5913
4404
4671
4259
5420
5231
4727
5376
5072
5579
5238
4411
4559
5604
4252
4509
5329
5623
4924
5252
4796
5526
5334
4432
4710
5970
5690
5748
5668
4518
5856
4334
5031
5271
5516
5699
4385
4921
4901
5513
5391
4777
4019
5151
4098
4298
4438
4211
5192
4314
5607
4093
5330
4331
5741
5770
4761
5948
4624
5938
5737
5962
4544
4906
5848
5712
4749
4363
5934
4610
4925
4435
5920
4779
4942
5537
5787
5950
5452
4344
5478
4622
5405
5101
5107
4948
5696
4362
4384
4664
5766
4428
4358
5568
5728
4697
5817
5218
5948
5566
5496
5978
4322
4969
5790
4627
4970
4219
4963
4879
4693
5550
4102
4987
5425
4882
5477
5520
5736
4395
4403
5691
4567
4318
5931
4693
4236
5905
5939
5884
4966
5022
5738
4594
4045
5313
4399
5167
5182
4770
5813
5401
5227
5199
5313
4119
5900
4099
4584
4387
4511
4155
4576
4211
4833
5810
4831
4700
4757
5823
4280
4025
4728
4762
4014
4896
4424
5575
4787
4611
5378
4756
5508
4513
5636
4126
4299
5821
4902
5949
4772
4659
4272
5476
4524
5720
4312
4672
5383
5195
4491
5715
5989
5457
5008
5321
5838
5338
4906
5086
5159
4669
5582
5551
4287
5343
5451
4593
4335
5710
5550
4194
5193
5490
4229
5338
5110
5794
5545
5767
4626
4754
4596
4709
4746
5741
4074
4610
4751
4233
5296
5600
5231
4443
4483
4514
4688
5680
4192
5911
4120
4958
5425
5138
5084
4677
5057
5695
4064
4330
4829
4996
4708
5719
4376
4879
4747
4976
5835
5320
5540
5884
5391
5625
4014
4665
5705
4450
4267
4704
4151
4390
4871
5764
4347
4885
5895
4423
4759
4948
5973
5861
4530
5396
4994
4590
4744
5849
5579
5986
5302
4222
5611
4497
4891
4448
4523
5386
4232
5765
4275
4989
5744
4104
4748
5799
4388
5720
4187
5012
5247
4320
4285
4108
4545
4615
5883
5028
5593
5096
4444
4815
4928
4823
5722
5794
4501
4398
4940
5605
4436
5635
4505
5266
5277
4557
5382
4421
4314
4311
5452
4307
4081
4545
4692
4692
5647
5926
5049
4415
4989
5828
5310
5962
4890
5013
4050
5535
4475
5089
4654
5157
4568
5042
5768
5729
4494
5569
5463
5071
5145
5207
5504
4389
4497
5792
4988
5873
5587
5957
5385
5803
5399
5560
4167
4498
5937
5224
4332
5026
5982
4618
5003
4768
4020
5481
5174
5623
4227
4346
5357
4499
5117
4642
5266
5720
5278
4185
5730
4466
5132
5021
5756
5887
5797
5788
5739
4681
5150
5597
4840
5153
4752
4645
4250
5989
5257
5960
5608
5228
4996
4101
5263
4066
5360
4402
4354
5706
4278
5053
5409
4420
5298
4146
5219
5724
4592
5940
4941
5161
4884
5113
4462
5674
5769
5321
4155
5223
5528
5627
4137
5011
5232
5058
4891
4905
4187
5598
5440
4511
4618
4979
4134
5175
4929
5449
4144
5416
5585
4307
4670
5249
5355
5944
4322
4607
5446
4105
4918
4634
5450
4642
4160
5943
4771
5060
4412
5494
5818
5956
5300
5036
4927
5634
4882
4400
4868
4597
4686
4616
5557
5308
4606
5621
5042
4704
5560
4454
4117
5104
4032
5333
4807
5064
4656
4165
4717
4235
4584
5717
4752
4173
4534
5975
4759
4970
5548
5595
5953
4875
4800
5790
4001
4264
5398
5044
5794
5311
5486
5983
5175
5016
5915
5073
5462
4936
5196
4974
4719
5353
5462
5887
4217
4374
5466
5682
4057
4107
5709
4262
4624
5144
5575
4480
5184
4647
4141
4974
4680
4250
5596
4328
4373
4388
5697
4939
5712
5605
5509
4337
5189
5311
4098
4116
4745
4732
4250
5058
5956
5762
4647
5006
4462
4712
5839
4224
5371
5411
4270
5404
5626
5956
5837
4282
4332
5587
5955
5125
5823
5841
5124
5049
5827
4731
5354
5355
5184
4203
4643
4310
4740
4687
5962
4140
5365
4851
4220
5993
5154
5809
4067
4602
4137
4898
4448
5901
5550
4835
5810
5663
4404
5549
5869
5166
4202
5660
4947
5233
4880
4214
5782
5777
5821
4129
4152
4351
5298
4748
4615
4275
5228
4311
5578
5787
4407
5426
4548
5716
4057
4156
4633
5742
5510
4969
4578
4393
4821
4297
5476
4371
5722
5820
4329
5784
4122
4016
5175
5310
4475
5826
5810
5682
4610
4227
4546
4313
5343
5126
4485
5721
5119
4633
4957
4286
5458
4650
4251
4694
4577
5054
5249
5446
5937
4119
5033
4738
4204
5042
4715
4238
4041
5421
5440
4149
5194
5614
5620
4376
5592
5512
4168
5484
4108
5307
5747
4226
5492
4946
4549
5449
4860
4971
4639
4202
4310
4903
5781
5201
5734
4379
4100
4301
4391
4069
5655
5315
5863
5816
5685
5173
5285
4425
5326
4589
5628
5118
5845
4098
5612
5502
5646
4064
5070
4563
4137
5999
5389
5862
5206
5277
4000
5828
5242
4013
5471
5108
4109
5094
4290
4422
5673
4263
4742
5584
5633
5926
4966
4687
4602
4780
4003
4263
5688
4530
4185
5101
4928
5472
4558
4207
4893
5797
4138
5962
4910
5607
5547
4724
5974
4091
4530
5188
5940
5820
5067
4834
5648
5895
4571
4806
5557
4467
4038
4976
4707
4351
5746
5089
5391
4129
4866
4806
5496
5185
4113
4062
4480
4758
4592
4178
5427
4311
4083
5027
5714
4347
5506
5367
5970
4350
4073
4741
5467
4300
4290
4655
5780
4507
4075
5939
4282
5734
5363
5068
5005
5982
5524
4585
5477
5369
4400
4179
4101
4685
5341
4696
4023
4538
4865
5455
5702
5851
5058
5891
5176
5809
5911
5699
4418
4994
4680
4468
4445
5766
5257
5029
5947
4640
5627
4178
4406
5712
5708
4759
4024
5426
5562
4593
5165
4267
4524
5599
4329
5593
4685
5709
4709
4894
4226
5290
4318
4912
4356
4116
4290
4893
4691
4925
4992
4929
4991
5573
5683
5858
4702
5429
5346
5973
4353
4693
4156
5081
4469
4902
5908
4701
4272
5798
4904
4978
4569
4820
5783
5941
4503
5874
5885
5870
5063
4872
4417
4708
4540
5574
5569
4046
5095
4592
5518
4059
5563
4552
4898
4399
4683
5139
5298
5095
4369
4544
4836
5185
5210
5512
4419
4786
4235
4655
4726
5398
5847
5142
5348
4327
5001
5287
5131
4164
4975
4109
5402
5841
4159
4083
4106
5890
4263
5589
5435
5911
4271
4894
4181
4193
5290
5368
4761
4804
5425
5354
5526
5589
4733
4394
4397
5457
5083
5564
4144
5188
5488
5305
4828
4318
5871
5986
5391
5405
5826
4372
4365
5495
5696
5785
4924
5566
5273
5174
5949
4061
5857
4510
5462
4040
5620
4457
5960
4640
4656
4035
4971
5365
4394
5354
4752
4757
5086
5697
4091
4367
4590
4429
4791
4923
4484
4748
4059
4471
5213
4236
5737
5596
4993
5341
4107
5357
5995
5277
4299
4321
4571
5623
4817
4818
4761
5855
5919
5662
5980
4565
5174
5162
4135
5583
4180
5166
5528
4324
5365
4007
5872
4315
5001
4399
5224
5156
4281
4387
5679
5231
5433
4375
4388
4923
5430
5487
4492
4714
4773
5869
4263
5017
4762
4490
5569
4692
5152
4707
5509
4006
4489
4276
4763
5824
5151
4218
5622
4572
4590
4922
5288
4907
5972
5195
4772
4248
4320
5099
5514
5938
5328
5973
4857
5505
4415
4762
4617
4000
5353
5869
4010
4483
4512
5393
5707
4367
5408
5748
4599
4385
4026
4614
5273
4732
5672
5636
5214
4046
5258
4498
4584
5660
5759
5321
4506
5089
5410
5357
4762
4839
4018
4795
5740
5557
5785
4959
4134
4202
4512
5595
5317
4172
4911
5324
4544
5984
5350
4405
5775
4839
5762
5061
5447
5425
5844
5614
5740
5635
5208
4388
5645
4762
5854
4391
4755
5195
5204
4740
5829
4188
5011
5849
5210
4022
4843
5869
5446
4277
4376
4113
4907
4798
4808
4064
4839
4665
4584
5316
4370
4683
5307
4208
4478
4181
5105
4674
5519
4538
4178
5019
4489
5694
5126
5287
5257
4100
4681
4628
4265
4599
4856
4246
5443
5834
4053
4563
4942
5623
4955
5086
4152
4549
4609
5768
4264
4051
5543
5858
4344
4909
5807
5495
5890
4881
4149
5036
5552
4289
4663
4786
5969
4381
4969
4408
4284
5109
5251
4067
5546
4115
4528
4844
5127
5419
4816
5821
5726
4837
4706
5134
4404
5895
5271
5242
5373
4668
5688
5147
5878
5939
5732
4823
5949
4113
4545
5032
5273
5330
5326
4898
4435
4583
4968
5526
4421
5056
4436
4597
4971
5215
5240
4589
5647
4011
5783
4398
4228
5936
4401
4235
4626
5063
5086
5547
4447
4307
5072
5999
5790
5421
4349
5939
4190
5847
4670
4813
4014
4346
5016
4826
4994
4990
4421
4120
4630
4397
4245
5634
4222
4742
5974
4643
4005
5005
4514
4201
4140
4521
5978
4911
5918
4007
5719
4581
4403
5611
5941
5515
4150
4282
5387
5212
4982
5436
5329
4250
5262
5326
5335
4560
4067
4214
5486
4311
5999
4833
5065
4101
5235
5228
5380
5072
4125
4850
5908
4058
5313
4458
5924
5419
4953
5074
4511
5169
5182
5806
5210
5759
4567
4995
4254
5888
5162
4285
5657
5067
5188
5797
4851
5048
5621
4560
4100
4754
5858
4502
4107
4075
5581
5262
5582
5507
5181
4863
5410
4013
5344
4189
5076
4602
5402
4068
4234
4539
4036
5574
4111
4565
4786
4227
4976
5455
4107
4717
4933
5324
4030
5353
5925
5513
4410
5669
4101
4894
5976
5658
4707
4262
5297
4468
4087
5871
4058
4616
5128
5112
5899
4379
5878
5787
4222
5048
5837
5456
5306
4656
5736
5456
5469
5394
4930
4751
5498
4085
4933
5469
4440
4048
5831
5921
4645
5355
4959
5675
4530
5882
5180
5892
4773
4801
4003
4344
5563
4810
4194
4145
5125
5434
5788
4210
4095
5889
4673
4602
4000
4197
5471
4351
4581
4872
5390
5812
5621
5588
5619
5403
5289
5922
5024
5210
4564
5746
5450
5677
4859
5423
4529
4490
4570
4994
5182
4027
4425
5595
5697
5113
5715
5465
5777
4164
5883
4968
5734
4069
4104
5788
4167
4215
5360
5220
5963
5525
5442
4254
4249
5779
4794
4080
4055
4738
4084
5667
5293
4184
4442
4031
5377
5928
5086
4952
5103
4229
4114
5241
4965
4133
5629
5824
5194
5148
4690
5091
4974
4580
4678
4841
4763
4723
4474
4920
4754
4447
5831
4637
5654
5599
5333
4752
5437
5912
4264
4422
5100
4347
5540
5916
5690
4264
5887
4481
5294
4281
4858
4095
5247
4634
4347
4890
5082
5131
4258
4845
5506
4934
5149
4311
5251
5362
4666
5936
5074
5292
4754
4377
4241
4487
5822
5076
4406
4444
4379
4751
4880
5093
5535
4249
5690
5925
5441
5615
4251
5461
5091
5841
4436
4110
4861
4699
5783
5690
4875
5127
5143
5669
5503
4431
5949
4456
4396
4544
5351
4378
4402
4295
5170
5638
5772
4819
5329
4557
5868
5618
5113
4963
5600
4065
5041
5848
5146
5490
4403
5583
5317
4291
5075
5913
5345
5104
5456
5739
5830
4533
4533
5698
4524
5458
4623
4601
5338
5866
4029
5997
4271
4136
4143
4266
5308
5671
5360
4387
5236
5006
4605
5611
5707
4793
4580
5423
4770
5772
4674
5447
5402
5324
4527
4260
4755
4799
4628
4896
5773
5020
5911
5789
5358
5320
5599
4318
5058
4216
4866
4894
4058
4053
5882
4460
4539
5755
4819
4151
4846
5996
4218
5629
4957
4549
5090
4629
4238
4865
4125
5244
4563
5154
5713
4976
4909
4365
4933
5460
5479
5025
5412
4433
4135
4519
5916
4374
5176
5220
5235
4658
5945
4638
4918
5872
5093
5050
4426
4467
4238
5893
4924
4854
5945
4183
4069
4181
5359
4536
4305
5872
5762
4946
5461
5818
4102
4562
4175
4609
4871
5872
4827
5622
5114
4345
5120
4779
4875
4574
5050
4609
5665
4626
4929
5128
5072
4561
5342
4970
5013
4995
5911
5564
4648
4336
4008
5435
5857
5151
5764
4588
4557
4869
5250
4149
4474
4714
4357
5367
5604
5319
5208
4237
5621
4583
4706
4286
4359
5829
5648
4747
4848
5482
4525
4890
5321
5052
4720
5575
5477
5511
5335
4044
4150
5794
4762
4666
5242
5966
4787
5591
5358
4962
4598
4891
4463
4209
5909
5446
5069
4102
5168
5894
4583
5440
5768
5159
4345
5466
5763
4351
5654
4004
5993
5887
4918
4795
4965
5477
5862
5279
5229
5130
5033
5794
5368
5406
4001
4646
4023
5025
5191
4897
5107
4252
5046
4249
4286
4198
4988
4445
4237
4007
4074
4366
4261
4632
4787
4309
4678
4839
4599
4314
4910
5280
5862
4771
5026
4901
5009
5252
5870
4213
5538
4323
4663
5089
4211
5449
4472
5259
5284
5618
4913
5570
4291
4208
5820
4889
5105
4239
4538
5444
4383
4127
4388
4548
5949
5465
4642
5952
4477
5418
5594
5696
4177
5339
4169
4598
4346
4938
5638
4001
4646
5260
4208
4473
5370
5301
4061
4113
5002
4884
5640
5909
5780
4954
5026
4305
4549
5600
5008
5331
5554
4772
5931
4097
5264
4003
5142
4885
5375
5751
5977
5353
5248
4693
4472
4198
4249
4484
4074
4050
5848
4839
5382
5498
4667
4640
4158
5745
5277
4556
5950
4317
4452
4261
5502
4181
5726
5228
5784
4385
4000
4994
4168
4229
4689
5492
4159
5971
4141
5272
5991
4108
4575
4870
5012
4949
5680
4326
5414
5936
5920
5170
4613
4995
4622
4799
4762
4274
5022
4367
5943
5805
5031
4070
4901
5274
5582
5567
4217
5649
5554
5001
5323
5072
4163
5436
4998
4433
5346
5298
4067
5258
4894
5856
4653
5404
5501
4599
5782
4304
5027
5392
5536
4646
4483
5547
5647
4811
5984
5155
4613
4268
5548
5409
4740
4705
5529
5203
5016
4607
5643
5055
5499
4783
5473
5499
5282
4374
4429
5368
5428
5713
4741
4229
4736
4026
5005
5958
5401
5713
5298
4269
4127
4878
4410
5100
5537
5843
4056
4842
5119
4372
5709
4999
4259
5040
5056
4649
5554
4230
5131
5775
5221
4299
5551
4205
5119
5631
5545
4110
5959
5451
5491
5036
4387
5711
5544
5049
4425
4246
5979
5929
4048
5042
4763
5015
5275
4549
4011
5076
5260
5116
4381
5343
4420
5664
5841
4743
4362
5041
5644
5594
4448
4141
5805
4855
5768
5651
4375
5728
4791
4257
5296
5080
5163
5228
4051
4022
5833
4952
4016
4348
4520
5058
5501
5461
4974
5696
5286
5480
4258
5562
4844
5103
5005
4295
4491
5064
5575
5398
5451
5481
5723
4697
4187
4144
4960
4061
5761
4332
5190
4450
4447
5543
5750
4897
5432
5719
5352
5924
5629
4387
5056
5345
5728
5861
5564
4876
4350
4428
4445
5367
4480
5503
5412
4318
4635
5847
5289
4272
5281
4238
4435
4794
4555
4186
5165
4055
4394
5178
5526
5900
5273
4104
4571
4173
5307
4035
4913
4602
5594
5677
4123
4680
5633
5693
4015
4046
5739
4794
5478
5673
5203
5700
4884
5118
4440
4445
4737
4769
4446
4887
5374
5070
4283
4668
5563
5179
5186
4231
4702
4519
4316
4310
5784
4624
4942
4612
5972
5022
4850
4484
4598
5804
4272
4468
5839
5934
5020
5050
4940
4446
4008
4146
5010
5711
4224
5166
4001
5554
5136
5614
4591
4064
5997
5973
4777
5782
4609
4004
4611
4604
4862
5010
5479
5708
4771
4892
4301
5236
4932
4744
4892
4024
4227
5283
4437
4151
5695
5095
4880
5459
5608
4056
4408
4704
4123
5365
5784
5450
4623
5017
5119
5846
4134
5879
4781
4808
4374
4958
5940
5567
5018
5676
4525
4341
5351
4731
5990
4257
4123
4266
5010
5946
5101
5029
4864
4622
4762
4960
4523
5398
4729
4775
4515
5490
5072
4373
5365
4703
5465
5578
4961
5633
4897
4347
5377
4666
4140
5735
5223
5677
4797
4206
5139
4473
5332
5233
4191
4414
5179
4451
5078
4790
5108
4906
5349
5842
5725
4655
4015
4335
4565
5204
5229
5194
4335
4315
4565
4056
5312
5911
5977
4332
5119
4873
4630
5063
5578
4347
5633
5203
5077
5189
5671
4811
4793
5116
4678
4330
4678
5595
4960
4702
4980
5396
4033
5913
5556
5188
5225
4028
5828
4164
5533
5000
5622
4375
5615
5071
4000
4861
5446
4864
5473
5293
4413
4536
5580
4860
4257
5959
4179
4246
4947
4019
5892
4578
4354
4402
4035
5466
4125
4880
5637
5728
4783
5747
5562
4107
5003
4466
4682
4070
4465
4142
4380
5056
5045
5727
5101
4047
4823
5371
4910
5351
5649
4511
5796
4151
4426
5439
4692
5684
5299
5151
5505
5928
4809
4477
4225
5424
5841
5361
4005
5702
5939
4429
5017
4560
5084
4594
5046
4402
5513
5801
4326
4425
5366
4106
5700
5432
4018
4106
4773
5163
4600
5801
4041
4749
4081
5606
5158
4875
5661
4469
5255
4779
5111
4465
5488
5657
4988
4430
5729
4011
5432
4256
5651
5958
4129
4091
4275
5131
4210
5864
4243
5124
4597
4310
5951
5606
4892
5338
5612
5272
4739
5349
5862
4119
4962
5533
5094
5131
4094
5101
5820
4067
4095
5659
4406
4652
4980
4637
4361
5526
4575
5077
4421
5470
4324
4838
5056
4587
5989
4035
4966
5650
4393
4473
4139
5634
5308
4613
4332
4527
4739
4254
5588
5293
4024
5199
4987
5958
5262
5709
5507
5015
5075
4106
4692
4437
5613
4628
4291
4625
5750
4297
4074
4945
4381
5393
4002
5845
5428
5677
4680
4457
5364
5940
5703
4099
4600
4632
4442
4427
4531
4461
5499
5222
4714
4532
5868
5559
4126
5384
4684
5192
4922
4533
4183
4386
4795
5836
5371
4102
4118
5302
4793
4128
5314
4862
5512
4382
4940
4761
5801
5188
5125
4375
5886
4282
5488
4373
5817
5204
5231
5596
4305
5110
4338
4405
4250
5862
5985
5949
4516
5274
4848
5009
4021
4632
4107
4387
4519
4150
4010
5692
5593
5830
5787
4748
5749
4800
5442
5461
5220
5610
5141
5244
5380
5892
5055
5489
5363
5650
4813
4566
4024
5631
5314
4124
5137
5342
5168
4659
4608
4079
5663
5446
4876
5966
4048
5364
5584
4062
4316
4251
4112
5528
5091
4686
4220
5321
5355
4383
4185
4440
5892
5482
5241
4999
5088
4911
4760
5261
4289
5054
4950
4397
4980
4206
5536
5700
4832
5464
4638
5827
4621
4256
5320
4428
4019
4337
4031
4326
4598
4993
5030
4676
5923
5341
4560
5011
4834
5654
4208
4199
4176
4046
4333
5256
4214
4397
4436
4583
5468
4978
5305
4306
4640
4367
4267
4687
5350
4237
5481
4730
5363
4405
5215
5891
4327
5310
5828
4879
4582
5829
5299
4712
4756
5464
4316
4585
4492
4541
4717
4560
5096
5534
4301
4610
4378
5261
5933
4445
4574
5563
5115
5929
5087
4118
5434
5401
5850
5404
5197
5819
4692
5486
5628
4764
5307
5514
4623
4657
4492
4220
5037
4587
5623
4909
4595
5900
4303
4952
4913
4116
4406
4330
5969
5517
5554
4621
4878
4020
5395
5968
4513
4843
5517
4467
5939
4958
4898
5780
5731
5485
5713
5568
4348
4639
5974
4179
4279
5021
5568
5030
5463
5685
5942
4056
5444
4380
5902
4210
5356
4441
5911
5498
5855
5485
4048
5557
5685
4416
5774
5860
5782
5989
4125
5341
4765
4463
5491
4339
4382
5483
5401
5388
5483
5894
4730
4173
4872
4731
4513
5091
4000
4977
4087
5449
4103
4046
5601
4371
4388
5791
4990
4813
5424
4140
4865
5372
4642
4318
5140
4303
5486
5491
5245
4642
4425
5780
4924
4252
5823
4192
5476
5794
4074
4217
5695
5632
5782
5543
5410
5688
4051
5442
5978
4910
5225
5986
4963
5535
4204
5137
4868
5506
5784
4878
5308
4918
4841
4839
5320
4721
5555
4858
5745
5958
5587
4588
5010
4774
5358
5544
5418
5806
4694
4494
4570
5678
5889
5445
5676
5960
4686
4817
4282
4058
4828
5592
5866
5586
4526
5924
5720
4816
5002
4525
5281
4333
4528
4188
5125
5263
5957
4010
4635
4940
5209
5825
4796
5314
4545
4903
4771
4012
5054
4874
5410
5831
4857
4555
5124
4136
4822
4755
5591
5025
4062
4625
4394
4209
4449
4762
5263
4949
4662
4633
5841
4556
4266
5228
4479
5911
4792
5359
4036
4089
4702
5094
4357
5637
4837
4896
4753
4291
5607
4889
4623
4572
5724
5470
4725
5089
5591
5645
4218
5040
5106
4176
5410
4188
5501
4661
5984
4312
4860
4232
4830
5150
4019
5556
5649
4700
5290
5530
4197
5952
5784
4068
4639
4296
5407
4194
5106
5608
5081
5313
5882
5838
5212
4860
4945
5818
5383
5065
5230
4167
5589
4034
5770
5271
4408
5631
5264
5170
4328
4176
4606
5724
4756
5380
4546
5293
4783
5378
5723
5674
5559
4177
4255
4527
4201
4053
5172
5601
5923
5158
4500
4326
5647
4778
5824
4190
5202
5204
4779
5217
4730
5025
5515
4341
4229
5356
5323
4102
5443
5250
5968
5577
4051
4137
5544
5724
5612
4522
5626
5459
5000
5937
5050
5930
5351
5045
4249
4759
4475
5226
5176
4177
4509
4016
4140
5577
4610
5468
5888
4403
5303
5282
5502
5453
5208
5303
4316
5942
5160
4128
4169
5157
5085
4047
4506
5346
5471
5545
4491
5616
4879
5168
4187
4934
5901
5573
4569
4320
4440
5948
5953
5656
4633
5862
5049
4905
4366
5428
5310
4054
5807
5081
4644
4334
4606
5059
4053
5769
4332
5284
4870
4296
4742
4431
4842
5896
4395
5042
5049
4300
4148
5541
4954
5487
5605
5868
5399
4612
5596
4136
5301
5165
5890
4544
5301
4031
4736
4863
4022
4781
5370
5692
5223
4601
5485
5191
4294
4421
5974
5472
5128
4137
5447
5163
4231
4478
4177
4538
4964
4522
4157
4019
4568
5184
5029
4647
5182
4703
5407
4178
5779
5350
4525
5596
5226
5234
5760
5608
5850
5281
4667
4832
4413
5657
4311
4322
5320
4515
4987
4261
5388
5364
4164
5402
5063
4419
5428
5034
4908
4393
5738
5881
5407
5102
4703
4431
4129
5806
5427
4879
4447
4129
5862
5703
5810
5218
5826
5783
4503
4330
4568
4192
5726
4994
4875
4077
4654
5132
4662
4444
4241
5648
4160
4042
4957
4271
5067
4231
4202
4073
5191
5767
4639
5688
5908
5050
5602
4899
5794
4001
5194
5970
4783
5907
5486
5815
4116
5338
5007
4447
5273
5490
5072
4845
5821
4897
5546
4808
4932
4559
5183
5000
5756
4250
4453
4508
4771
5595
4871
5690
4348
4428
4972
4735
5751
4778
4251
4541
4756
5172
4236
4143
4263
5197
4158
5714
5855
5398
5110
4237
4385
5869
5572
5803
5563
4359
4621
5825
5704
4423
4006
4238
4437
5644
4616
5869
5985
5902
4153
4787
5949
4603
5551
5223
5414
5147
4751
4274
5648
4617
4577
4030
4223
4569
4270
4655
5141
5731
4580
4170
4107
5886
5958
5856
4240
4729
5905
5385
5870
4309
5272
5990
5525
5178
5406
4898
4925
5155
5281
4409
4987
5569
4064
5526
5958
4298
4131
5607
4948
5106
5248
5603
5209
4668
4010
4554
4290
4177
5087
5106
4196
4746
4348
5366
4867
4254
5055
4457
5693
4337
5080
4850
4169
4361
5228
4973
4933
5109
5061
5335
4132
4301
4831
5348
4164
4245
5965
4223
4417
5403
4854
4120
5198
4781
5590
4498
4485
5954
4849
4923
4031
4714
5272
5538
4939
5245
4753
5321
5018
4998
4456
5056
4469
4404
4870
5412
5926
5285
4682
4892
5619
4151
5701
4289
5481
4566
4603
4151
5866
4911
5221
5785
4026
5538
4641
4344
5045
4886
5374
5611
4768
5756
4641
4273
5084
4975
4884
5298
4004
5669
4814
5596
4347
4157
4982
5517
5355
5975
4761
5931
5768
4406
5189
5871
5066
4236
5539
4830
5806
4362
4731
4333
4963
4928
4099
5355
5309
4224
4686
4278
5674
5572
4271
5114
5131
4957
4429
5262
5451
5979
4635
4663
5341
4996
4968
4587
4156
5590
4861
4574
5161
5067
5897
5378
5916
4654
4210
5238
5644
4762
5366
5642
4184
4547
5857
4406
5734
4213
5119
4964
4806
5839
5971
5338
5142
4503
5092
4186
4012
5081
4618
4639
5718
4936
4848
5547
4872
4497
5254
5126
4304
5703
4865
4671
4658
4045
5418
4303
5424
5104
5565
4021
5493
5952
4135
4883
5142
5293
5482
4706
4609
4375
4203
4250
5102
4343
5871
4067
4599
4602
4888
4297
4127
5643
4788
5109
5597
4391
4249
5883
4668
4611
4355
5564
4331
5421
5270
4154
4317
5136
4208
4371
5930
4309
5128
4143
5118
5020
4499
5527
4904
4744
4473
5634
5959
5813
4939
4970
4981
4185
5700
5950
5446
4129
4491
4442
4820
4190
4074
5267
4897
5012
4275
4225
4090
4099
4286
4582
4108
4344
4786
5722
5962
4480
4655
5108
5319
5841
5130
4347
4610
4662
5325
5688
4416
4726
4495
5758
4884
5826
4262
4893
4386
5372
4524
4224
4313
5104
5057
5393
4069
4401
4097
4152
4089
5481
4539
4506
4990
4533
5212
5066
4368
4755
5580
4453
5899
4717
4168
5851
5058
5804
5057
5546
4101
5152
5309
4759
4975
4590
4113
4142
5257
5193
5898
4815
5317
5633
4947
4356
4736
4066
4832
5906
4873
4923
5221
5968
4172
5663
4143
5062
4895
5773
4510
5235
4931
5284
5770
4676
5731
5477
4456
5874
4071
4117
5814
4093
4815
4239
4850
5628
4135
4615
5432
5261
4312
4166
4430
4730
5396
5559
4812
5695
4295
4346
5879
4726
4716
5328
4629
5305
4471
5591
5575
5394
4222
5847
4251
4006
4528
5926
5644
4855
4502
5519
5334
4219
4762
4666
4193
4495
5480
4539
4263
4946
5487
4999
5198
4790
5342
4240
5718
4017
5810
4621
5285
5116
4345
4842
5439
4310
5904
4025
5243
4704
5934
4215
4769
4593
5041
5823
5394
5823
4064
5024
5764
4709
4061
5086
5643
4781
4048
5871
4778
4034
5205
5304
4609
5241
4265
4298
5325
5672
5390
5621
4843
5156
5058
5252
5497
4656
4419
4406
5159
4926
4928
5083
4907
4496
5665
4611
5455
5590
5465
4517
4754
5983
5422
4788
5002
4186
4806
5934
5843
5136
4810
4140
5866
4939
5780
5183
5822
5565
4346
5075
5843
5935
4528
4505
5220
4118
5515
4754
5596
5871
5865
5241
4938
5246
4176
5205
5311
4578
5752
4736
5849
4415
5646
4711
4424
5125
5196
4162
5111
5260
4844
4521
5414
4181
5596
4725
5730
4454
4451
4251
4114
5212
5656
4498
5678
5989
4621
4273
5862
4645
5893
4802
5998
4585
4953
4386
4268
5602
5868
4353
4260
4011
4033
4365
5708
5470
5914
4517
5157
5308
4952
5626
5650
5746
4959
5652
5594
5120
4409
5574
4351
4829
5191
5721
4213
5872
5559
5140
4326
5078
4039
5834
5319
4555
5036
5758
4623
4823
4222
5926
5048
5321
4500
5007
5036
5339
4571
4472
4206
5694
5545
5433
4706
4867
4763
5932
5065
4061
5654
4376
4475
4718
5456
4297
4079
4549
4927
5629
4878
4627
4576
4672
4673
5706
5060
4187
5127
4268
5693
4838
5316
4004
5919
5986
5345
5545
4593
4485
5885
4945
5785
4689
4463
4550
4160
5351
5834
5918
5865
4587
4555
4531
5211
5108
5608
4141
4816
5912
4342
5662
4286
4782
5462
5566
5843
5906
5995
4297
5726
5607
4595
4005
4761
5541
5621
4510
4286
5019
4260
5018
4799
5198
4637
5405
5016
4295
4592
4024
4151
4506
4224
