4500
5982
5617
4854
4967
5188
4464
4582
4099
4849
5684
4490
5917
4112
5824
4928
4939
4465
5746
4317
5830
5117
5391
5322
5867
5891
4761
5549
4365
4066
4052
5167
5119
5114
5016
5927
4444
4645
4831
4973
5322
4646
4402
4348
5830
4580
4240
4172
5242
5090
5614
5432
4323
4928
4434
5886
5890
4627
4236
4541
5929
5173
4262
5196
4876
4582
4980
5376
4500
4954
4685
5386
4949
5977
5893
5633
5134
4518
5443
4403
4343
4159
5857
5739
4650
4728
5047
4698
4649
4630
4382
5448
5194
4646
4555
4169
5712
5592
4775
5846
5396
5965
4638
5781
5200
4534
4435
5542
5443
4495
4582
4172
5184
4172
4813
5084
5965
4744
4226
5048
4931
4084
5043
4894
5992
4373
4555
4544
5502
5606
5653
5298
4867
5957
4784
4594
4413
4251
4087
4865
5382
4015
5042
4170
4511
5751
5558
5348
4250
4960
4276
4466
5785
5904
4582
5523
4393
5676
4509
5087
4060
5225
5682
4635
5890
4864
5681
4097
4224
5922
4712
4560
5741
4062
4530
5468
4076
4799
4447
4076
4418
5229
5025
4743
5377
4704
4458
4401
5930
5591
4019
4183
4996
5888
5289
4267
4381
5564
4505
4084
5084
4642
4910
5080
5400
4817
5339
5921
5280
4786
4981
5989
4649
4909
5354
4789
4062
5567
5260
4937
4420
5039
5333
5821
4877
4604
5735
4303
4168
5022
4094
4482
5234
4956
4463
5549
4557
5675
5713
4015
4553
5667
4186
5763
5078
5176
4747
5489
4972
5330
4516
4894
5941
5819
5267
5289
4428
5878
5288
5259
4809
5150
4619
4468
4348
5013
4345
4421
5717
4258
5672
5194
5373
4177
4573
4683
4663
5492
5990
5014
4670
5216
4385
5038
4958
4612
4758
4461
4619
4931
5608
5438
5345
4844
4765
5584
5662
4083
4125
4234
4802
4487
4587
5915
4309
4298
5256
4139
4455
5168
5767
4812
5561
5430
4251
5243
4427
4696
5362
4204
5604
4348
5979
5729
5476
4309
4927
4513
5169
5278
5238
4567
4676
4353
5121
5747
4889
4634
4197
4746
5742
4982
5135
4744
5698
5860
4778
4579
4643
5894
5496
5594
4173
5280
5503
5734
4099
4097
5324
4960
5093
5888
5498
5035
5655
5693
4416
5734
4508
4729
4322
4229
4699
4228
4771
4673
4917
5580
5323
4231
4729
4330
4373
5660
4038
5597
5812
4985
5656
4547
4274
5877
4685
4242
5232
5120
5206
5143
4322
4611
5083
5212
4277
4261
5371
4466
4299
5337
4383
5923
5953
4687
4272
5380
4916
4142
5873
5011
4402
5305
4592
5230
4403
4193
4474
5873
4432
5258
4711
4702
4008
4910
4903
4014
5576
5272
4225
4261
5358
4004
4080
4212
4166
4331
5669
5349
4026
4080
4704
4330
4137
4142
5441
4885
4334
5576
5830
5420
5174
5769
5257
5253
4370
4455
4128
4341
4936
4123
5640
5708
5638
5373
4614
4794
4348
5754
5653
5348
5903
4632
5448
5518
5141
4593
5844
5256
4504
5773
4679
4981
4025
4675
4454
4360
5322
4089
5701
5311
4122
5847
4300
4929
4850
5771
4280
4083
4489
4390
4342
4595
4028
5660
4493
4224
5230
5159
4768
5661
5169
4021
5369
5240
5541
4548
4464
5388
5861
5282
4604
5278
4486
5328
5985
5449
5880
5930
5419
5602
4950
5642
5962
4390
4239
5365
5742
5180
5569
4878
5131
4827
5443
5781
4431
5435
5856
4470
4748
4561
4835
4344
5232
5578
5529
5966
4327
5147
4369
5006
5693
5361
4867
5433
5391
4769
4564
4432
5521
4785
5170
4083
5745
4143
4729
4320
4184
4456
4372
5986
5921
5717
5416
4413
4299
4466
5378
5366
5915
5773
4637
5138
4917
5117
5456
5195
5633
5517
5429
5213
5448
5754
4142
5078
4595
5643
5586
4628
5556
4701
5888
5317
5093
5961
5777
4007
5579
5208
4359
5035
4460
5245
5739
4774
5916
4814
4760
4088
5286
4592
4208
5148
4072
4550
5251
4655
5272
5465
4250
4008
4414
4489
5029
4587
5961
4089
5617
4507
5064
5327
4981
5272
4455
4468
5889
5670
4050
4145
4877
4220
4638
4372
5585
5109
4676
5888
4422
4851
4622
4294
4419
5672
4359
5454
5166
5675
5399
5904
4907
4460
4653
5379
4411
5066
5048
4251
4406
4471
4908
4052
5628
5152
4541
5042
4194
4274
5009
5814
5157
4300
4239
4985
4812
5804
4828
5870
4773
5569
5454
5018
4596
4151
4663
5309
5378
5991
4992
5180
4607
5659
5792
5835
5207
4595
4776
5027
5869
5897
5608
5190
5742
5788
5261
4062
4797
4446
4344
4347
4719
5186
5104
4751
5552
5705
5244
5986
4780
5212
5091
5346
4275
4033
5733
5611
4670
5081
5138
4621
5263
5236
4865
4510
5024
4190
5396
4030
4548
5822
4692
5315
4674
5521
5732
4947
4942
5337
5288
5956
4141
5855
4841
5756
5039
4196
5732
4027
4342
4168
5310
5284
4023
4620
4405
5059
4059
4299
4331
4490
5592
5135
5166
5999
4795
4783
4968
5077
4699
5774
5123
4697
4693
5291
5440
4961
4646
4875
5282
4693
5402
5597
5952
4906
4716
4595
4495
4696
4272
4653
4530
5991
4900
5387
4438
5011
4152
5724
4269
5487
5212
4962
5034
5193
4042
5937
4856
5714
5287
5654
4218
5904
4572
5481
5539
5314
4199
5685
5984
4466
4181
5553
5776
4802
4383
5422
4335
4473
4717
5694
5771
4654
4398
4491
5795
4056
5711
5140
5486
5135
5468
5039
5535
5634
4183
5273
5507
5666
4414
5350
5781
4352
5184
5648
4080
4907
5495
5795
4551
4734
5963
5032
4558
5572
4242
5089
4047
5087
4540
4014
4459
5652
5147
4533
4389
4011
5678
4514
4214
5962
4512
4168
4327
4762
4742
4489
5362
5917
5366
5934
5539
4873
5064
5445
4842
5663
5964
5492
5232
5243
5668
5610
4502
5399
4171
4402
4406
4148
4707
5712
5673
5214
5663
5316
4478
4602
4016
4916
5139
4154
4663
5395
5292
4043
4366
5540
4527
4289
4161
5305
4817
4803
4958
5779
4153
4532
4494
4761
5149
5304
4686
5858
5882
4873
4287
4697
5963
5648
5395
4553
4941
4506
5599
4281
4908
4890
5803
4363
5732
5732
4329
5818
4060
5099
4590
4166
5338
4439
5699
4061
5169
4840
5424
5074
4458
5851
5638
5114
5968
5657
4926
4525
4774
5419
5611
4381
5988
4343
5201
5766
4009
5118
5207
5003
4673
5276
5280
5105
4025
5749
5563
4877
5886
4174
5355
5072
4027
4811
4149
4598
4930
4031
4464
4510
4478
4062
5028
5910
4882
4043
5771
4508
4327
4414
5880
5256
5145
4331
4586
5187
4662
5258
4123
5400
4790
5383
5283
4648
5314
4067
5555
4514
4831
4527
4211
4949
5202
4617
5110
4819
4835
4916
4615
5012
4648
4040
5113
5125
4282
4388
4956
4110
5542
5717
5476
5587
4720
4306
4207
4642
4635
5082
5738
4405
5441
5151
5266
5298
5094
5798
4803
4067
4692
5343
4997
4825
4065
4718
5948
4089
5781
4528
4067
4155
5762
5561
4240
5513
5916
5474
5268
4555
4637
5683
4765
4397
4664
5767
4969
4428
4222
5090
4601
4034
4582
4881
5177
5975
4077
4704
5578
5483
4277
5713
5982
5382
5041
5113
5703
4207
4228
5592
4068
4537
5469
5501
5167
4096
4870
5323
4373
4044
4877
4639
5427
4291
5016
5790
4470
5949
4906
4058
4907
4565
5123
4531
5520
5212
5732
4378
5864
4730
5658
5702
4305
5190
5522
5015
4488
4164
4610
5721
4635
4177
4552
5725
5706
4980
5426
5507
4130
4254
5736
4050
5485
5778
5377
5830
4945
4219
5721
4109
5592
5394
4149
4441
5297
5100
4959
4687
5962
5115
4098
4924
4033
5712
4960
5959
5907
5941
4829
5250
5159
5467
4083
4543
4775
4286
4400
4709
5673
5210
4475
5450
5938
5516
4707
5918
5754
5830
5448
5261
4555
5454
5867
5296
5177
5012
4768
4625
5376
4124
5224
4342
4429
4608
4812
5743
4654
5315
5671
5210
4152
4652
5820
4944
5028
5595
5730
5865
4845
5203
5750
5544
4856
5812
4801
4094
4676
4805
4229
5425
5411
4161
4518
4869
4604
4865
5296
4298
4073
4660
5522
5029
5971
4925
5667
5350
4476
4123
4452
5721
4982
4587
5798
4990
4744
4237
5960
4758
4370
5090
4390
4456
5039
4042
4482
4857
5876
5113
5705
5292
5495
4964
5525
5138
4062
4965
5222
5570
5571
4449
4471
5884
5768
5339
4433
4205
4962
5211
5750
4868
4125
4335
5222
4635
5638
4982
5593
5481
5765
5203
5954
4604
4561
5213
5287
5823
5298
5329
5855
4538
5587
4318
5654
4469
4626
4118
4702
5218
5506
4527
5497
4353
5095
5853
4330
5126
5745
4710
4439
4214
5465
4963
5136
5424
4257
5741
4287
4431
4422
4578
5432
5359
4758
4638
4076
4093
4339
5097
4696
5216
4811
4970
4559
4135
4564
5904
4513
4058
4172
4276
5394
4256
5084
5045
5930
4024
5661
4186
4452
5351
5238
5218
4912
5883
5415
5797
4491
4181
5387
5845
5229
4206
4966
5827
5564
5912
4797
4026
4811
4351
4858
4359
4695
4989
4884
4244
4372
4302
4400
4455
5853
5102
5275
5559
5740
4725
4760
5348
4056
5628
5797
4736
4056
4222
4537
5514
4074
4336
5930
5913
4198
5689
4190
4269
5318
5974
4657
5156
4324
4214
5001
4614
5478
4551
5607
5165
5098
5221
4713
4342
4179
5119
4932
4697
4293
4284
4301
4195
4168
5411
5718
5648
4411
5743
5209
5782
5276
5167
4852
4271
4726
5837
4395
4889
4838
4759
5450
4898
4988
5697
5255
5035
5138
4816
4659
4070
5583
4235
4192
5365
5542
5651
5670
4421
5508
5180
5565
5845
5960
4361
4765
5885
5634
5441
4255
4165
5278
5566
5166
4784
5747
4113
4803
5360
5970
4176
4710
4032
4004
5373
4661
5352
4933
5890
4546
4602
5799
4054
4732
4898
5882
5664
5618
5690
4996
4978
4116
4872
4209
4797
4675
4015
5812
5345
5551
5869
4437
4348
4133
5360
5329
4990
4641
5718
5842
4564
4183
5818
4820
4477
5605
5196
4458
4668
4883
4682
4699
4181
5491
5669
5590
5653
4943
5259
4630
5549
4776
5456
5012
5272
5818
5043
4586
5649
5144
5429
5695
5218
5925
5201
4735
4842
5599
4261
4535
4147
5326
4725
4524
4982
4305
5981
4720
4162
4428
4584
5762
4610
4900
4742
4078
4275
5951
4785
4522
4914
5051
5960
4927
4855
4960
5633
4829
5158
5656
4657
5939
4266
5922
5940
5579
4169
5998
4409
5739
4167
4758
4241
5546
4051
4424
4350
5260
4532
5659
4080
5093
5463
5964
4703
4930
5575
5703
4415
5859
4004
4947
4441
5210
4871
5282
5145
4054
4702
4931
4525
5922
5612
4119
5926
4038
5255
4934
4052
5538
5986
5459
5980
4094
5475
5310
4837
4727
4728
4036
4345
5067
5503
5663
5399
4397
4293
5597
5426
4435
5961
4342
5192
4930
4375
4587
4270
5950
4577
5177
4365
4882
5202
4706
4223
5273
5271
4214
4680
4236
5656
4489
4093
5242
5705
5726
4410
5423
4247
4072
4182
4111
4553
4986
4527
4072
5759
4447
5504
5247
4942
5262
4186
4504
5110
4994
4844
4604
4976
4617
4714
5961
5854
4608
4308
5657
4079
4280
4134
5228
5743
4717
4957
4926
5199
4113
5916
4408
5139
5182
5458
5878
4609
5107
4695
4586
4241
5501
5744
5974
4940
5391
5617
5657
5951
4288
4364
4656
5443
5516
5664
5045
4026
5063
5560
5976
4424
5861
4525
4816
4670
4661
5842
5879
5661
5091
5487
4847
4872
5704
4457
4186
4206
4264
4802
5273
5381
4730
4549
5528
5727
4771
5847
4611
4325
5746
4402
5776
4088
4683
4523
4818
5140
4073
5006
4891
4909
5788
4709
4249
5985
5691
4775
4613
4080
4433
4664
4615
4039
5761
5003
5773
4176
5414
5595
5298
4859
4938
4736
4009
4484
5551
5779
5737
5250
4922
5677
5541
5621
5784
5387
5768
4848
4036
4371
5235
4390
5475
5837
4831
4617
4153
5712
4579
4336
5246
4104
5068
4412
5961
4080
5373
4808
4112
4614
5854
5586
5677
4874
5267
5933
5531
4452
5832
5293
5734
4356
5150
4062
4881
4713
4366
4803
5352
5422
4241
4992
5086
5916
5856
5300
4871
5038
4125
4407
5756
5430
5761
4469
5854
5151
4131
5166
5602
5653
5449
4140
4863
4485
5817
4086
5705
4841
4932
4990
5564
5831
4500
5590
5510
4233
5651
4208
4561
4891
4135
4090
5710
4744
5144
5187
4557
4419
4550
4584
5020
4412
5857
4511
5278
4335
4491
5121
5144
5657
4497
5425
5308
4054
4214
5941
4113
5656
4687
4393
5606
5166
5110
4291
4247
4224
5135
5124
5363
5965
5459
4796
5118
5079
4848
5158
4201
5544
5572
5806
4526
5788
4335
5532
4844
4076
4092
4545
5943
5948
5241
4928
5470
5938
4491
4894
5955
4412
4648
5192
5156
5274
4631
4938
5905
4138
5040
4515
4940
5902
5488
5056
4654
4524
4548
5339
4234
4323
4592
5125
4676
4554
4951
4954
5109
5961
5340
4278
4989
5284
5615
4470
5844
4766
4841
5291
5040
5196
5393
4620
4592
4275
4008
4325
4652
4571
5783
5333
4111
5495
5351
5665
5753
4139
4640
5735
4025
5077
4186
5470
5346
4192
4796
5843
4220
5082
5213
5190
5552
4271
4315
5931
4441
4878
4067
4104
4983
4929
5160
4444
4709
4893
4628
4598
4052
4481
4144
5840
5546
4534
5923
5973
4061
5173
4696
5745
4172
4030
5907
5890
5861
5601
4437
4941
4876
5058
5926
5197
5492
5960
5974
4701
4435
4320
4631
4387
4491
5860
5046
5833
4103
4290
5360
4657
4712
4080
4773
4861
5796
5702
4307
5574
4350
5754
4406
5072
4757
5517
5209
5090
5284
4875
5020
5196
4072
5676
4977
5543
5167
4244
4852
4335
4637
4047
5412
4735
4681
5438
4336
5442
4904
4382
4980
5417
4278
4410
4508
5068
5437
5949
5077
4719
5187
5148
5861
5641
4195
5784
4254
4350
4560
4449
5130
5843
5946
5538
4408
5179
4569
4273
4376
5290
5023
4958
5028
4187
5119
5897
4598
5499
4834
4972
4885
4147
5926
4370
5298
4413
5550
4155
5324
5061
4097
5360
4834
4146
4086
4509
5101
4267
5679
5611
4442
4662
4814
4885
5123
4541
5928
5702
4804
4741
4791
4306
5527
4344
4438
5275
4364
5572
4182
5100
5296
4822
4737
4653
5008
5159
4349
4456
4962
4458
5324
5073
4218
5433
5781
5312
5274
4343
4320
4890
5684
5284
5921
5554
5025
5414
5766
5151
5280
4016
5063
5757
5671
4819
4024
4884
5762
5811
4335
4396
5553
5934
4322
4609
5190
4706
5489
5751
5610
5240
4619
4284
4361
4103
4974
5865
5889
4423
5108
4487
5243
4253
5232
4216
4071
4256
4406
5917
4694
4345
4281
4493
4117
5396
5352
5122
4758
4114
4481
4322
4778
5823
4938
5292
4313
5321
5916
5981
5805
4537
4443
5490
5638
4914
5722
4433
5002
4128
4977
4392
4641
4667
4181
5558
4421
5113
4338
4070
4080
5825
4626
4200
4126
4021
4928
4690
4324
4670
4730
5760
5856
4035
4069
4390
5664
5166
4767
5532
5951
5288
5519
5636
4123
5913
5947
5777
5818
4395
5085
4726
5688
5593
5869
4969
5059
5409
5089
5115
4508
5176
5748
4008
4410
5071
5208
4171
5087
4435
5333
5997
4178
5873
4024
5267
5711
5623
4055
5403
4808
4665
4482
4297
5151
5879
4148
4218
4798
4081
4628
5265
5524
5563
5677
5668
5664
5452
5485
4109
5708
4273
4526
5050
5331
4429
5964
4922
5693
4463
5858
4813
5538
4774
4576
4454
5152
5691
5191
5447
4794
5862
4457
4801
4120
5342
5469
5943
4778
4253
4931
4760
4546
5701
4121
5066
4390
5498
5578
4514
4738
5702
5093
4059
4220
4119
5160
5837
4044
4415
5607
5807
4002
5657
5204
5658
5219
5158
4234
4594
5519
4262
4026
5740
5499
4076
5157
5502
4454
4641
4669
4441
5041
5638
5842
5175
5276
4961
5757
4836
4067
4273
4905
4472
4657
4405
5675
4578
5997
5495
5251
5640
5894
4799
4958
5463
4961
4495
4062
5813
4442
4944
5591
5366
5945
5684
5547
5501
4245
4105
5717
4130
5346
5484
4249
5850
5837
5951
5306
4815
5414
4565
4355
4349
5049
4680
4415
4094
5045
4867
4534
5635
4579
5216
5263
4375
5247
4056
4985
4048
5104
4558
5713
5738
5479
5717
5165
4631
4491
4952
4726
5618
4436
4593
4211
5188
5051
5460
4661
5801
4406
4966
5389
4111
4467
4515
4850
4919
5254
5292
5116
4274
4112
4533
4747
5919
5579
5240
5636
5116
5677
4400
5584
4905
4990
4860
5318
4596
5098
4553
5918
4327
4034
5190
4341
5810
4007
4846
5683
4616
5151
4648
4735
4481
5402
4284
5971
5553
4355
4950
4024
4389
4368
5963
5023
4709
4099
4255
5674
5510
5398
5975
5013
4184
4424
5678
4349
5949
5404
5321
4445
4443
4529
4110
5249
5713
5543
5544
5214
4697
5873
5273
5144
5728
4391
5233
5724
5299
4238
5208
5253
4133
4021
4999
5185
4410
4449
4068
4543
4810
4193
5175
4523
5608
4540
4092
4750
4618
5153
4196
4116
5074
4506
5666
5617
4139
4998
5732
4190
4345
4698
4374
4990
5745
5684
5937
5854
4033
4646
5575
4523
4491
4585
5914
5369
5963
4526
5465
5964
4657
4368
5939
4045
5645
5988
4539
4722
5989
4451
5646
4806
5477
4109
5392
5979
4620
4966
5930
5856
5276
5372
4736
5989
4099
4450
5548
4596
5802
5149
5147
4842
5517
5632
4890
5918
4971
5634
4260
4218
5948
5831
4001
4008
5793
5936
5043
4056
4100
5840
5574
4144
5837
5464
5353
4674
5639
4636
4327
4468
4571
5870
5729
4048
5694
4018
4637
4861
4008
5593
5393
5671
4841
4809
4715
5708
4758
4732
5233
5260
4592
5121
4443
5927
5444
5059
5450
5230
5987
5450
5077
5149
4750
4453
4813
4132
4924
4112
4014
5224
4024
5615
4190
4631
4921
5132
4072
4590
5548
5902
5897
4336
5628
4520
4619
4919
5993
5566
4088
5830
5073
5510
5665
5190
5765
5468
4140
5262
4940
5310
5818
4934
5805
5302
5910
5597
5280
4924
5602
4979
4965
5770
5714
5791
4879
5836
5032
4857
4741
4476
4036
5498
4883
4800
4161
4464
5000
4199
5302
5540
5062
5080
5801
5713
4124
5934
5841
5376
4918
5213
4266
5979
5216
4506
4495
5093
4941
5987
5670
4204
4901
5249
5706
4101
4262
4610
5775
5949
5883
5037
4349
4196
5481
4376
5638
5966
5607
4611
5569
4270
4602
5550
4873
4795
5542
4167
4763
4060
4259
4697
4130
5627
5030
5340
4059
5153
4044
4054
4651
5177
5928
4768
5499
5193
4772
4016
4690
4243
4158
5332
5485
4775
4213
4108
4057
4526
4924
4127
4636
4815
5223
4776
4426
5165
5701
4320
4547
4911
5144
5246
5374
5690
5471
4653
4306
4057
4225
4198
4628
5861
5906
4612
5058
5046
4435
4673
4631
4475
4728
5341
4653
4242
5006
4432
4546
5945
4865
4876
5005
5520
4308
4272
4749
4036
5467
4960
4592
5738
5859
5490
5199
4292
5007
5893
5162
4645
4993
5717
5185
5141
5595
4213
4596
5856
4862
4980
4015
5377
4747
4649
5084
4160
4713
4343
5670
5580
5804
4106
4455
4288
5605
5993
4440
5043
5567
4409
4028
5722
4761
5133
5892
4262
5899
5933
5786
4967
4477
4694
5999
4305
4857
4655
4020
5359
5125
5362
4500
4402
4086
5376
5096
5716
5488
5398
4940
5931
4046
4070
4357
4541
5345
5856
4744
4060
4113
4017
4267
5823
4307
4247
4209
4336
5542
4923
4330
4026
4796
4529
5516
4787
5596
5677
4132
5765
4201
4637
5689
4329
4889
5770
4268
5434
4967
4930
5312
4567
4028
5254
4578
4976
4198
4185
5056
4505
4670
4256
4036
4037
4704
5041
5072
4288
4569
4362
5784
4488
4497
4592
4853
5553
4185
5363
4986
4029
4650
5201
5131
5689
5576
4608
4750
5060
5439
4751
4439
4492
5471
4559
5660
5518
5690
5824
5780
4465
4560
5793
4020
4723
4479
5014
5706
4260
4974
5942
5513
4371
4914
5582
4958
4856
5174
5038
4440
5188
4598
5700
4366
5688
5912
5047
4616
4745
5895
5458
5323
5431
4708
4887
4003
4694
4259
5513
5008
4145
4373
4834
5324
4242
4424
4819
4752
4139
4217
4414
4916
5580
4630
4407
5613
4725
4576
4859
4919
4947
5554
5463
4883
5095
4084
4629
4022
5794
5010
5780
4731
4328
4848
4834
4163
4755
5936
5616
4694
5720
4945
5313
5609
4563
4134
4606
5339
4363
4299
5644
4483
5760
4464
4388
5635
5036
5672
4584
4207
5757
5859
5763
4184
5149
4648
4134
4096
5508
5673
5939
4325
5778
5025
5881
4438
4221
4061
5767
5463
5942
4773
5060
4511
5970
5039
4313
5696
4394
5958
5529
5089
4315
4459
4664
4798
4546
4406
5671
5144
4129
5751
5430
5404
4112
4289
4225
5273
4110
4219
4807
5774
5107
5782
4864
4897
4067
5025
5575
5855
4035
5955
5760
5047
5040
4516
5904
4593
5019
5233
4751
4679
4747
5263
5223
5485
5156
5134
5101
5784
4755
4161
5074
4568
5596
4448
4586
4582
5835
5409
4938
4601
5375
4028
4360
5788
5357
4903
4152
5552
5015
5768
5389
4475
5512
4342
5243
4494
4818
5138
5442
4394
5899
5867
4419
5681
4159
4392
5301
5947
4141
4741
5772
4677
5141
5991
4585
5905
5388
5925
4178
4469
5926
4245
5884
4140
5242
4805
4203
4762
5472
5511
4656
4266
4156
5953
4907
5563
5808
5665
5857
4934
5258
5320
5894
4942
5431
4660
5315
4844
4372
5878
4082
5658
5004
4831
4491
4308
5921
5242
5752
4265
4890
5318
4365
5832
5252
5594
4487
4392
5528
5821
5041
5233
4422
5108
4968
5822
5826
4223
5952
5689
4037
4418
4376
5987
4401
4085
4249
4485
4139
5312
4542
4198
5051
4058
4521
5184
4012
4425
5369
4206
4945
4009
5519
5221
4284
5471
4823
4486
5913
5267
4560
4576
4399
4108
4884
4938
4632
4025
5219
5467
5562
4498
4489
4324
5165
4400
5373
5667
5111
4399
4444
5848
5969
4668
5326
4670
4813
5230
4044
5409
4931
4366
4249
5908
4916
5151
4646
4912
5736
4216
4465
5449
5717
5257
4493
5913
4836
4927
4353
4966
4253
5397
5968
4715
5803
5976
4058
4924
4341
4777
5995
5134
5914
4785
4439
5004
5268
5988
4199
5230
5473
4855
4418
5330
4775
4223
4912
5839
5030
5736
5641
5402
4291
4166
5432
4110
5393
5867
5524
5664
4051
4487
4010
5378
4257
4863
5944
5002
5129
5882
4445
5467
5844
4074
4529
4246
4974
5841
4218
5764
5174
4098
4059
4667
4811
5557
4409
5381
5020
5626
5664
5607
5659
4952
4390
4674
5860
5784
5989
5089
4049
4459
4607
4955
5103
5084
4036
4360
5151
5979
5253
5375
4420
5304
4623
5499
5303
4649
5552
5282
4226
4419
5997
5958
5866
5568
5798
5005
4835
4012
4702
5627
5847
4146
4343
4174
5138
4979
4460
5991
4174
4534
5904
4699
4901
5706
4822
4138
5666
4190
5703
5108
5622
4087
5814
4664
5067
5054
4314
4210
4549
5809
4667
5171
5123
4263
5636
5378
4733
4774
5844
4324
4159
5842
5395
4562
5872
4168
5397
4094
5204
5088
5460
5028
4733
4493
5097
5206
5551
4632
5823
4922
5608
5871
4554
5132
5479
5588
5373
5709
5031
5061
5341
4899
4786
5833
4752
4802
5536
4048
5151
4773
5049
4158
5738
5557
4724
4453
5920
5098
4488
5868
4570
5935
4816
5479
5262
5742
4382
5418
5899
5694
4010
5704
5886
4532
4029
4540
5509
4198
4400
5480
4324
5561
5542
5343
5680
4398
5206
5308
4435
4762
5092
5503
5575
5529
5598
5783
4687
4749
5219
5636
5408
5644
4456
4652
5486
4535
5886
5347
5412
4777
5227
4870
4118
4230
5365
4592
5992
5423
5482
4158
5495
4899
4226
5335
4797
5393
4805
4965
5729
4796
5793
4964
5585
4536
4030
4814
4295
4120
4154
5484
5369
4439
5956
4452
5120
4014
4985
4996
4925
5278
4242
4915
5227
5148
4267
5558
5492
5385
5273
5106
4982
4841
4702
5875
4566
5175
5860
5054
4424
4043
4708
5021
5854
5036
4983
5930
4848
5928
4366
4686
5504
5733
5812
5802
4602
5779
4670
5333
5464
5853
4021
5378
4877
5867
5180
4826
5244
5936
5398
5780
5616
5579
5523
4122
4838
4471
5580
4340
5411
4778
4340
5064
4866
4094
4044
4308
5237
4388
5476
5346
4628
4455
4902
5753
5052
5222
4787
4497
4334
4299
5628
5460
4197
5539
5706
4023
5355
4982
5498
4560
5884
4318
5086
4169
5880
4189
4574
4402
4017
5575
4598
5704
5526
4698
5674
5814
5006
4710
5711
4569
4563
5987
4475
5722
4275
4309
5775
5614
4402
5469
4448
4903
4321
5241
5646
4140
4666
4765
4647
4661
5031
5274
5279
4773
5650
4860
5885
4275
5323
4240
5299
4452
5369
4276
4128
4059
4144
4891
4237
4171
5860
5431
4425
4235
4951
5595
4830
4614
4309
4354
5717
4128
4872
4316
5656
5520
5770
4734
5024
4819
4909
4419
4640
4118
4017
5338
5456
4769
5903
4173
5276
5298
4437
4038
5800
4504
4978
4969
4520
5210
4754
4333
4928
4460
5224
4594
4539
4373
4917
4545
4247
5164
4234
4506
5222
4367
4540
5578
5854
5086
4210
5068
4319
5244
4467
4326
5223
4699
5097
5707
5657
4494
4124
4575
5260
4650
4921
4780
4598
5291
4141
5482
5143
5689
5586
5816
5923
5500
5577
4702
5088
4423
4120
5965
4899
4937
4043
5805
5983
4537
5882
5852
5000
4978
5102
5964
5763
5162
5102
5801
4970
4462
4502
4491
5984
4499
4184
4640
5544
4654
5715
4752
4932
5293
4549
5226
5863
4410
4589
4464
5038
5975
5049
5915
5094
5073
5597
5684
4862
4815
5772
4269
5883
5066
5392
5374
5165
4913
4189
5923
4601
5045
5924
5719
4735
4990
5412
5275
5531
5266
5240
5276
4491
5097
5689
4505
4448
5286
4064
5473
4978
4834
5409
5889
5966
5483
5016
4719
4131
4649
5640
4214
5980
5274
4578
4082
5341
4391
4484
5831
5061
4068
5427
4701
5982
4781
4895
4129
5125
5244
4743
4724
4341
4214
4677
4134
5594
5342
4548
5084
5697
5524
4380
4039
4957
4755
5759
4658
5790
5275
4660
5924
5110
5110
4177
5634
5035
5318
5483
5857
5808
4912
5184
4368
5542
4198
5784
4276
5133
5503
5390
4459
4296
4406
4331
4221
5522
5464
4717
5811
4053
5005
5479
4132
4095
4550
4914
4015
4157
4532
5057
5630
4140
4806
5590
5137
4208
5691
4912
4119
5658
4592
5658
5258
5665
4457
4719
4980
4125
5499
4971
5836
5535
5764
5525
5764
5535
4121
5129
4619
4050
5462
5752
5969
5113
4123
4898
4644
4493
4076
5346
4947
5975
5217
4769
5959
4303
5905
4037
4507
5885
5483
4371
5494
5947
4972
4020
4161
5799
4242
4323
5618
5830
5571
4510
4140
5649
4848
5030
4932
4660
5777
5817
5637
4086
4598
5057
5380
5803
5649
5090
5064
4860
5129
4624
4348
4111
5655
4411
5419
5709
5953
4391
4342
4568
4102
4467
4684
5721
5946
4289
5219
4285
4980
5852
4324
4663
5309
5032
4694
4707
4501
4150
4824
5531
4173
5275
4199
5156
4675
4758
4487
4985
5318
5222
4052
4667
4116
5260
5512
4810
5482
4193
4184
4531
4222
5203
4535
4484
4758
5014
4859
5541
5803
5353
4367
5340
4900
5383
5352
5736
5441
4366
4145
5430
5447
4543
