9612
7218
3237
8035
9382
7182
7439
3037
3187
5948
7728
1141
1575
8838
3287
9394
6490
3801
7731
3458
1453
2502
4441
2080
6667
5429
7026
8275
9904
4050
1727
2447
9653
3965
8652
3740
6521
4206
1771
2425
7356
6367
2432
5724
4390
9623
2296
8358
2832
6885
6739
5746
7420
7528
5042
5727
5282
4168
9464
7126
3586
3200
7999
4422
9281
9643
9470
7444
9216
4294
9443
3400
7469
7294
7532
5844
1834
7841
1580
4498
9135
5056
9356
6864
6416
9414
2461
3045
4664
9396
3931
4878
6592
1016
4956
8398
5681
8694
8938
2363
5065
7532
5895
9610
7007
4968
6116
2336
4696
7829
8163
9056
9731
1622
5243
4636
2057
6424
7450
8627
6449
8670
5538
8725
1278
8638
3926
6743
8079
7454
6625
2694
5363
2293
2858
4951
6256
4844
5940
6837
2418
5845
3244
4177
1213
2376
1369
2632
1092
2803
9620
8010
8317
3966
6726
4967
6153
7646
4663
7129
7845
6915
4872
6795
8016
5185
9688
9342
3014
4913
4101
6961
3059
9981
5662
1354
1875
4406
8924
8250
3250
2406
6581
2090
1784
8988
3457
7241
5504
1660
3042
1994
9079
1958
6704
3309
5641
5888
7595
6096
1694
7762
4420
7792
6201
7104
2689
2570
2294
8081
9818
1505
1909
5028
7997
2752
7376
3322
1539
5834
4507
2710
8700
7771
2925
4360
2389
6705
9864
6242
7019
6452
3301
8286
4316
8850
9240
1709
4975
1224
5763
5990
6006
6089
7056
8477
3965
1390
9119
6156
5417
6317
4389
9817
3971
2170
8590
3394
9241
5182
9933
7001
1653
6803
8408
8071
6022
3564
5461
5299
3935
6443
8027
4590
5865
6864
4462
1247
7634
6187
6192
6656
1505
7157
7934
9951
4362
1330
5556
4689
9055
5921
7323
7853
7119
2909
2505
5188
4405
3855
1713
9845
6077
2222
3935
1275
9857
5425
2971
1561
6650
8241
4096
2122
5401
6071
2030
4976
7575
1708
2253
8936
8902
5480
8293
6875
4418
9424
8960
4474
9399
4861
4056
6657
4678
9914
4516
6812
7071
7971
2304
5129
6746
8966
2145
2645
2724
3275
3708
6754
2937
1619
6772
6281
7236
3155
7461
9704
6295
3354
5275
3190
5425
3433
5448
4584
4782
7803
6582
7540
4799
6575
2664
7515
3046
9693
9765
4990
3727
2396
3205
6105
8208
1826
3257
2505
1853
2785
4620
8900
1063
4519
5591
2928
4788
1133
7949
9605
8162
8593
6951
6286
8026
7992
4652
9161
1714
9862
1921
3685
4978
5488
9425
1571
5957
5719
5685
7903
9712
9968
3019
2113
6724
1292
3427
9952
7557
2188
6823
5221
5426
1832
5660
4013
6971
1305
3322
2500
5767
8828
4297
5715
5261
5661
1907
7065
2753
6961
1810
1122
2261
9532
7263
5763
6418
6963
9297
5446
9059
4881
8411
7089
8456
4413
6797
9098
9226
3042
2140
1299
9774
8827
3792
4958
4760
5286
2718
5678
1070
4070
3461
3486
5145
7621
9701
9924
4258
4345
2727
9344
6684
8654
3255
1055
6760
5778
2324
2232
9683
7506
3152
6301
1079
5223
9468
4142
9953
9929
2111
5987
1845
1334
8689
1533
3109
5388
5712
2378
1810
5142
6185
3809
6116
3064
4022
8222
3602
5719
2879
6337
5673
2569
1038
1750
3888
6111
6298
1119
2981
7722
7923
3932
1392
5770
1090
8895
7688
7347
8442
7117
5666
5384
4799
9985
4000
7816
6883
1290
3262
2920
8660
3890
6650
7772
4683
9273
3620
2294
4317
3837
1842
3364
7744
9159
2632
8051
2680
6803
6670
2979
8910
5863
9030
5370
1246
1856
6334
1653
5169
9716
7575
2171
6024
4101
9276
3760
1313
2478
1478
8778
8505
1546
5949
7291
4864
3435
5743
9971
4618
2613
5359
8823
7482
9483
3280
3395
4355
4675
3427
8857
9440
2663
8324
6470
1528
5290
5532
5334
9807
7830
9710
4295
7527
5851
4786
8728
1017
4431
2275
5584
2196
3661
7931
1419
9242
1048
5900
4255
2579
4936
3768
1165
3268
9300
2668
4443
6955
6463
7742
8342
3009
4940
9122
3273
6145
1037
3958
6744
6110
9319
2482
8019
5164
4897
9814
6452
6719
5789
3209
1916
8330
5694
2563
1873
2035
5588
5377
9794
6563
9909
1809
5514
2486
4162
1571
8987
1664
8332
6237
1897
7163
9124
3230
1335
4774
4761
6747
3980
9771
3112
7372
9320
4852
5233
4349
8872
6349
5923
6112
8899
3544
7576
5442
5618
3256
2796
6280
5828
5347
6843
2338
7859
3211
3694
5777
1377
7795
4942
9155
3568
1768
6562
3009
2706
6644
3263
3901
6127
1793
1636
4326
1013
9064
8883
5408
6083
4945
2898
4317
1113
8732
8774
9717
8592
2520
9705
5158
1194
1819
3901
3413
1555
1195
8634
3377
4244
5656
3805
3427
8146
8061
6516
8752
7436
4833
7782
1894
9580
7071
1083
3159
2542
3507
7427
2718
4474
5454
6219
5850
3694
2347
5297
5019
3424
2840
2592
6127
7084
1516
6848
3533
1550
5602
8392
6683
3453
6612
3260
5978
8786
6412
9851
1523
2004
1079
2131
9891
1722
7614
6786
6176
9482
3053
2127
2873
4138
3752
4008
4469
2133
3572
7708
9948
2633
3821
6671
7780
5426
3848
5388
4694
5354
3908
7044
9915
2005
4735
1150
2591
5313
1839
1297
4169
4147
3169
9866
5438
3566
6441
1157
5814
7125
6145
7921
6653
1171
5721
4936
3371
5294
2092
3076
9269
4097
3676
2440
5696
8737
1838
1385
6242
7123
1502
6167
1754
5928
2396
6591
1179
2168
9990
4043
7415
1949
2495
7130
8758
7609
5084
2853
1286
6511
2174
2097
5487
6173
4987
4339
2921
5955
1016
9982
2944
3507
3720
8308
1233
3413
1290
4047
2713
2691
6776
5484
1070
6477
6566
5651
5033
7536
6401
3447
7364
4667
7264
5867
5680
9554
6808
4991
6235
8119
6748
5257
3240
6082
4292
6629
8637
1877
4651
9008
9655
4021
3860
1593
2300
2663
4806
6137
1963
3871
6968
8238
4053
1745
5707
6042
8683
8384
9208
2325
9359
6921
5894
4899
1994
2381
4042
3171
1418
2013
3518
2764
4287
1550
2741
6865
1997
2715
5573
1226
2559
5094
4674
1525
7125
9128
2917
1729
1187
7648
6713
4834
9603
7540
4885
2527
5586
3866
4590
5052
7740
7931
6048
1091
8239
5575
5861
1322
9548
7805
6562
4812
1476
7576
5202
3528
1170
6484
6450
5466
2167
6257
2403
8861
3401
3028
6061
6431
1713
3943
5885
1830
3528
1832
5251
5836
5000
9621
3022
7162
9814
4455
4830
4829
3448
7172
7295
8356
7379
4398
5482
9707
4275
4612
4230
7613
8614
4001
2535
1402
2531
1981
1917
9082
6508
4830
1280
4013
1219
7468
2584
7199
2200
2313
7475
7060
4328
5603
7966
1769
6173
6441
5064
4087
1111
3125
6225
4071
6516
2943
7563
3474
3744
1257
6008
6869
2613
3195
2630
2623
8749
3494
4585
6043
4383
9532
3488
8843
4688
9556
2490
9711
8708
3622
9427
5419
2334
6698
6218
2160
5924
7346
3836
1665
2491
1517
9268
1521
3007
3934
1344
9609
5987
7838
8537
6151
4040
7163
8221
9745
1688
8142
9157
2840
1944
1120
9739
8340
7907
3891
6036
5645
4552
3038
6303
6615
3464
8628
6318
2560
1961
9160
1936
4398
2566
3073
1221
4666
1978
3185
1116
1167
7119
6799
8667
1862
3024
1490
3613
5866
6648
1791
7267
9167
1721
9162
5031
4004
7055
2829
5473
8897
6324
1779
6460
9056
6436
4765
8747
6442
5494
4322
9978
1272
4906
8961
2982
6071
1607
1120
7269
2889
7758
1395
2017
3436
1388
6664
4271
9099
5409
7134
2473
1738
3835
9741
5193
6199
6265
3048
5957
2868
8517
8010
3767
4497
6914
9202
2912
4032
3985
5857
3510
8554
5252
8317
9520
7160
3246
4321
6209
5051
5350
7319
3456
3388
4921
2114
7364
6847
8155
4265
6457
2367
8614
9024
1894
2792
1585
3234
7224
6932
4469
3783
5295
3738
4391
2000
5723
2727
7258
1271
3657
3171
6592
3485
2789
5392
1599
8811
6296
3798
4262
2840
4928
7640
8830
5145
3397
6949
8356
8873
9430
6908
1386
1511
8428
2137
6446
5103
4234
5294
6911
3496
2510
5015
9037
3232
3117
5935
2674
8577
8575
2651
1761
7021
8832
5522
4027
3834
1070
7852
5708
5588
7660
1008
5129
4360
6410
5448
3028
1042
1879
4511
9687
4895
7666
6725
2389
5014
7861
8367
6355
5482
5115
6044
7254
7316
3179
4622
8572
4327
6680
6038
9828
7076
8597
4985
3304
7747
2903
5673
8900
4430
3575
9055
7875
1845
1217
2357
9817
3222
8210
5546
3928
1716
2359
6800
6663
7546
2634
5107
9039
7066
5184
1922
5324
2923
5525
3996
7714
3930
3532
4861
5357
4947
3476
6580
1128
1741
6309
3450
4459
1476
8788
8557
4910
8074
6141
3921
5770
1302
1374
5988
6006
4944
4899
4246
7546
4817
9694
7536
2037
8982
5339
1210
3974
3982
3117
7777
7108
4165
8293
1269
4095
7740
2978
6601
1900
2449
3100
6173
7866
1834
7056
4469
7516
2492
5825
1686
6747
6255
7721
8349
6326
6843
8229
3890
7476
2082
6294
4470
5580
3886
2165
2015
7032
2898
3703
8222
7845
9608
7480
3830
9981
1806
4751
4465
4251
9744
3019
2037
4107
1172
9328
6234
6546
5722
7893
4200
3508
4145
1564
8667
4630
6039
4105
8574
6425
1128
3766
2840
2133
2562
9155
3649
3723
7842
2191
1191
6045
9949
7890
9695
7860
5709
3742
3224
7766
1174
7605
5664
5126
1388
9325
4071
3185
4994
1831
3810
2451
1087
8793
3325
6583
5446
4684
5583
2897
8819
3322
1116
6897
2740
5647
8255
3103
7801
8582
2976
2486
4966
1595
8449
4468
6340
9616
8872
4015
2244
9372
8089
3248
6847
6802
8742
9139
2492
4737
3357
1949
3176
7201
3065
9001
3878
2326
4900
2199
7569
5619
6384
5126
3081
1756
8712
2928
6387
6088
1004
4156
6851
6491
5916
2681
3740
7673
1051
8136
5980
3680
6335
5691
2475
7619
2252
2360
9872
4927
5266
7424
7022
5823
5007
6543
1113
1454
4137
7095
9235
4642
9069
3573
3796
6887
2158
8304
5674
8206
5739
4961
1530
2050
3008
4067
5277
2681
9493
9336
1259
9142
2987
4741
9397
2211
7507
2810
8987
6292
5714
5184
9271
4689
2182
8529
5830
6055
7997
2940
3046
7692
7782
8052
6027
9560
4849
5289
7182
2099
8382
9903
3050
6614
6874
4895
9595
9717
4164
9414
4491
1530
5301
9099
7820
4666
7577
3715
6161
8166
2845
4778
2286
9345
6937
6276
1098
5920
6196
4776
6450
2894
7117
5634
1068
6616
8720
3409
4789
2850
2834
7255
4065
7480
5566
2901
7439
4553
9764
1492
7409
6731
2756
4024
3206
9406
3357
6693
9836
1550
5243
4638
5694
5678
5434
3114
3639
5077
7467
5031
7993
2098
7303
3018
7633
7461
6131
7201
5533
4810
3584
6065
4728
5173
1074
1050
7437
6542
6501
9953
1487
7465
7210
5883
3006
5290
7387
6345
2939
7031
2753
2367
6030
4950
7445
8452
2315
2804
9675
5717
4465
4323
5486
7151
6293
6048
1983
4750
3165
8024
1381
9685
2924
9272
9578
2783
2415
4876
9911
3165
3004
7403
2027
4576
2020
1680
7742
6163
8108
8987
2601
2274
5643
7868
7364
2643
8987
2067
9659
7814
8121
2257
3154
4810
9802
2739
2531
9466
4375
7787
7760
3242
1066
2835
9065
5841
6743
4609
5276
7726
1746
8176
5453
6340
5414
1913
1114
1200
4989
8657
6312
3765
5084
4776
8262
2265
2788
2526
7677
6473
5427
3064
1918
9335
5273
5688
9365
1065
4482
1213
6684
5387
3711
1802
5967
8473
2072
2453
6799
7405
6285
7902
7791
6815
2484
4342
3361
8860
7389
5973
6326
6593
2791
4552
3135
9038
5139
5146
5458
2633
4977
4642
3283
2768
9833
9640
4090
3491
5514
5390
6571
7685
6614
5663
7048
8618
4708
1931
7899
8218
2464
6648
7241
4580
4296
1182
4506
3304
9945
7730
7530
5568
4685
3136
4161
5159
4038
4781
9871
5848
2984
7350
9241
3959
4307
1237
4814
4931
7107
1172
3169
6101
9646
7697
3467
1466
2043
7213
6897
7725
2610
9237
2775
2531
7565
7806
4112
2365
6685
7054
1080
6277
2744
3720
9449
6725
3214
2340
6993
4398
2561
8781
8968
5227
3878
5447
4384
6751
3911
9105
2004
1031
8554
1610
5850
5268
7822
1670
2330
6738
5452
6731
5553
4498
1401
8537
2224
7058
3010
2485
5200
2105
2151
7326
3896
9332
8343
2569
9777
2545
1329
6663
1848
4404
1779
5105
2439
6399
7252
7428
8494
8532
2308
4112
4942
5819
2090
1305
9391
2768
8112
7615
5761
9547
3375
6970
1157
6934
8788
1245
7092
6695
2099
5880
1055
8851
8902
7772
9846
1593
5623
7497
1181
3572
6244
5228
1306
3603
4122
6199
8265
9868
9641
9039
2960
5934
8513
4851
4520
2732
8572
7697
7241
5656
8040
8415
1848
7215
2179
1667
6749
2726
6202
5750
1809
2472
5460
6694
8873
6413
1475
4841
1480
2153
2144
5563
9324
2203
2191
4463
5075
5869
1267
6064
4247
3179
9491
8012
2066
5278
3327
9252
2657
3722
6112
7582
5470
7507
3996
7213
3167
6742
6207
2735
6334
6386
7384
7514
8585
2506
2060
5013
2922
2115
7084
3238
6152
3952
2698
2072
4348
2536
7663
8460
5148
9621
5883
3156
1766
8068
9900
4459
6807
6676
9252
6846
8797
2967
2161
3953
6504
2692
3767
6198
7362
1119
7534
3517
8507
1094
2219
8537
6080
4092
1717
1792
9501
7334
9739
2145
6252
7994
1621
9368
9519
4455
1893
2515
7580
7024
8238
7810
9430
9666
4072
9745
2400
2579
4775
8118
3417
1362
1255
9843
1991
7527
1809
5064
5568
1027
6218
3145
7496
6258
4316
2573
1834
6475
6476
5935
2793
3493
3232
4438
3359
1433
3293
3489
8966
6615
3562
4244
3967
2152
1561
2398
5018
9392
9359
3992
2438
4737
2505
8929
7446
8370
3177
6027
3618
2145
3679
6711
5454
2181
9687
3039
7658
9189
8669
6986
4521
5450
3801
2081
8397
2855
4715
8938
7539
3343
5097
7522
7752
8665
9838
1211
6960
8502
8101
1382
7798
2738
3880
1622
5331
1736
9236
2368
2384
9862
6217
4386
5654
7334
9785
5259
8817
9262
7858
2098
2763
7099
2136
4268
7033
6671
5234
2751
9608
6686
1701
7378
2435
4859
2051
6715
8439
5456
8289
8310
3234
2184
5079
7598
7301
2875
3886
1711
5994
7749
9530
7173
9118
7096
2169
6492
7427
5928
6572
5324
1258
5754
5283
6688
9857
7925
6209
6796
7049
4383
1492
1943
1940
9416
2061
4804
8428
6445
1413
2903
8502
4422
9415
2867
3172
8151
8096
5457
8236
6151
3230
1168
5425
1582
3054
3441
2800
3209
8397
9698
7544
4950
2396
8894
1283
8606
1009
8248
1604
4139
4150
9326
6113
6565
6695
1510
6322
4602
7447
4187
3645
6216
5617
6267
6285
5455
1972
8297
1153
9043
4807
2136
6285
5045
4267
3068
5611
2100
2504
6012
6683
2031
3013
9218
7873
8877
2533
3608
4313
7122
1824
2284
6146
6593
5111
7982
4718
1919
2979
1657
9891
8056
2344
1323
5842
4199
4059
9725
1225
6601
6785
3165
2689
9212
4387
4670
2650
3527
3616
6418
9524
9616
2236
1064
7553
7348
5512
3990
9241
9627
1932
2690
5658
7610
5218
4050
2184
4409
1201
8508
1467
4870
2044
2390
6050
9035
4929
7908
3351
9536
6421
1392
8628
4563
3595
2351
2320
9718
9506
7129
6397
6491
5035
2288
3562
2658
9725
4441
3428
3832
5833
7261
4903
1321
4241
4671
8890
2946
1800
7001
3818
1880
6785
4833
9329
7179
3397
2230
7679
4354
4107
9622
6333
4932
4798
9372
4000
8743
1441
7313
2755
4520
1433
9144
2617
8213
6487
5392
9427
2999
7543
1993
9489
1975
5263
1803
7076
7003
1291
3426
3336
8646
8956
6766
6671
1480
4591
6556
5477
2635
1157
6419
1685
2313
2407
2201
3377
3270
4963
6743
2756
7896
4881
8671
2328
8024
8608
8175
1322
2794
8926
4765
4224
5145
1695
3733
3861
7402
1609
4675
1005
7662
1025
8034
8007
6353
8962
7655
9896
4346
4053
4829
8071
2314
7096
5982
6552
5566
1093
9807
1302
9012
3195
7313
3016
3345
5975
9114
9213
4510
1772
4962
5428
5251
3049
1608
9007
7836
5148
6985
3793
8807
6226
2885
2336
1103
1676
5640
6712
3989
1504
6826
7475
3776
2142
6363
7477
8001
4632
2127
9563
9292
9548
2510
2075
2086
1714
7829
4757
1250
8662
7371
8798
9887
7531
2477
3789
2917
7165
7259
5187
4477
3720
2731
5260
9327
2796
7005
1204
2780
5073
4963
4130
3510
2102
2861
6345
6375
8586
4641
5492
8990
3362
2643
6627
2298
6040
9218
6257
5358
4739
9180
9294
3436
5188
3277
1117
2310
7516
8784
5573
7868
8248
6723
2699
7276
8508
5048
7539
6508
8657
5808
8928
9044
2514
2536
2359
5689
1017
6531
5192
2493
6087
1094
1209
7082
1353
2091
7870
5417
4070
1655
4471
5049
7680
9537
5679
2273
5343
8170
7966
6516
9478
2002
8721
4152
1546
5434
4078
5693
6046
6329
2492
4755
3118
6102
7920
1497
6634
5929
8083
7078
1834
2732
6714
4746
4460
7413
4070
5863
2512
3862
9477
1270
1060
6644
1625
1832
5971
7063
8953
9822
7784
3660
5216
2951
9839
3308
3787
2872
7550
7233
1307
2387
7441
3699
6346
7522
6306
5047
2527
4703
3337
3605
9453
3643
4803
5338
9761
6727
2877
7264
5583
5638
5631
2568
4392
5108
8781
7358
5822
7012
7449
1177
9595
1421
5688
2346
5686
4173
6291
1311
6102
5380
6614
3722
2223
4077
8286
9901
7418
2491
3793
2417
6894
6385
2636
2362
7079
5465
7143
4586
4025
1814
2635
1138
9704
9500
2070
2983
3260
2894
3099
4714
9613
2681
2602
5969
2220
3228
5098
5018
4486
1380
1332
2605
7130
1885
4282
9776
2676
4237
4522
4720
9457
3975
1606
1573
2637
2523
4172
2190
4976
9907
3294
5275
8876
2756
4928
6684
1352
5052
4568
6407
3128
4262
1730
3449
5612
7007
8215
3887
4915
5122
1390
3114
1221
6633
7153
3317
8145
8187
2364
4384
2094
5510
1841
8959
2381
2310
5422
6958
2676
2070
3703
9672
7925
2444
4442
8666
9824
2094
2138
5185
2078
3214
5942
4156
4094
9348
4568
5770
7957
6266
5077
7787
7994
6322
5729
3564
7944
2884
5162
3937
2752
2001
6248
6619
9452
6832
8204
7339
7997
2132
6905
9540
2709
4535
2191
2784
8297
5083
1607
3444
1366
6833
9455
5123
7452
2315
6674
4132
1994
6049
7490
1373
9824
7629
5796
4703
9608
2342
6436
8623
6281
7173
9051
4444
1676
6486
2776
5032
9599
9216
1895
6647
4631
3450
6065
4631
2489
9062
4809
5643
6576
4542
9747
1293
2486
4101
4439
1919
7848
9303
8348
6069
8925
7944
4579
9235
6533
1184
4609
6032
6448
2181
5182
4895
8101
1092
8798
7904
6266
7341
6231
7095
7832
3402
3055
6015
6510
2565
8814
4849
8321
9530
5224
4615
2220
2932
5510
8867
9481
7097
6481
3796
5600
5237
1082
6881
3098
3606
2882
8477
3073
4894
2560
5269
2161
4795
6719
7585
3749
1457
1007
7401
2515
6722
3926
3317
1504
4409
9991
8998
4265
4850
6184
6505
2134
2855
4673
7808
3167
2469
3995
6844
2164
9449
8330
2208
2788
3736
2672
8699
4146
8917
7084
2525
1617
1590
3270
2940
3579
9686
3628
1509
8987
9468
2711
3832
2351
2662
5672
6512
3726
1399
9931
4622
7074
9613
4569
6077
7282
5255
1810
5747
9791
3290
1953
7590
2797
1593
6035
8782
5650
3031
2114
8593
6742
9054
9507
1469
3046
9126
5903
6380
5336
7968
2546
8217
3674
4126
4499
4065
7187
6882
5674
2965
6886
6359
2723
5664
3120
5023
3763
2401
2146
1483
4939
6485
6717
9761
5854
6977
7353
2816
8374
1226
9548
7519
6679
2925
5690
4017
6421
5010
5761
4727
2020
2509
1387
4888
4555
5653
9152
6269
6251
8401
8393
4372
9514
7179
3681
9354
1551
9628
8100
1970
5696
5046
7399
1844
4838
6566
1964
3393
6991
9532
2214
6004
6158
6630
7018
9025
4127
3920
1343
6215
9363
4270
5712
3016
6840
8962
6909
3945
9500
1732
8549
5671
6606
6646
2055
9529
6036
5722
3112
6350
3729
1558
5443
4353
5203
1608
2104
1996
2498
5002
1075
6303
1647
9792
8619
3085
2985
7417
8610
1172
2104
4388
9361
4679
3973
6606
3888
4428
7254
2559
1933
2423
9130
2937
2942
4235
5022
6975
3595
5521
7436
1670
6157
4290
6589
1328
7341
1262
2327
2126
9873
5989
5331
6337
1442
9140
5598
9319
3253
6443
1851
9909
2375
3721
5586
3888
2062
6423
2014
2906
7691
8375
1390
5723
2943
5406
9734
7542
9592
5124
8683
9627
5732
7280
1525
3628
4427
3652
3070
5607
1058
5562
8471
8784
3063
2208
2684
9929
3229
3448
9477
9721
4813
7052
5320
2001
7450
4072
6274
9597
6248
2973
1635
1857
6954
2686
7954
8690
6025
3615
2348
4120
6505
6901
8790
5523
8478
2401
5881
6757
8991
9583
5660
7332
5095
6230
5459
9332
3281
5043
8179
1389
3798
4669
7923
7413
7454
2688
8201
2333
5692
5340
7831
1379
1580
5464
2422
2291
7861
1892
4004
1373
6072
8166
6692
6588
3654
4276
1981
9565
2343
1916
5564
4388
1452
3214
2774
3192
2098
1273
4057
1406
4841
9992
6917
6083
7415
2859
2978
2426
1978
7576
3943
1054
4386
8183
4236
6077
8158
5972
4006
1651
9625
4349
2010
6059
2439
9574
2341
2554
5563
8409
4854
6469
6508
8868
1319
8012
6580
5528
3176
1160
3565
9246
5431
1230
9229
9505
6130
7195
3371
3273
9273
4524
6636
4205
9039
8808
2867
1716
2666
9139
4936
3206
8972
8332
7578
5946
7209
3898
6077
5474
5320
2757
8230
3977
3217
2479
2556
1658
3153
6977
3921
8833
4164
8735
9828
9191
4088
1652
1280
6464
3898
9677
4559
3679
6665
5223
1661
1798
2249
5275
1694
3934
3814
8676
5643
6324
4856
2256
1974
6717
3119
7905
5125
8299
8086
5026
9546
6219
6299
4204
3513
9471
1513
4658
2039
3504
3092
7260
1987
6597
9395
6740
5394
4854
1854
4161
3216
5840
4778
4760
5916
4630
1311
3085
3179
1069
3691
4948
4084
7403
5122
8619
8388
1345
3997
1253
8405
8662
3377
7141
9020
9248
1306
9729
5722
1125
5774
4593
1090
5626
4619
3929
2270
1373
2293
8695
7879
5975
7943
2196
1932
9584
3561
5113
7929
8889
9632
1579
2244
5131
5145
1999
1800
3470
9355
6877
5594
2813
8405
9079
7017
4524
5396
3132
4769
1156
8238
3723
7024
5237
7734
4647
1540
2854
2714
5476
7974
9052
3199
5513
6416
5147
9172
6798
1795
6000
7478
6187
4782
2282
2041
3845
9586
4470
3570
1672
8441
5886
6555
7079
9207
9223
4840
6167
5446
6155
5155
5115
8937
4059
9324
2861
3418
2564
7127
9420
4912
1874
7074
5480
7237
3862
6804
7610
3263
2216
1339
9352
6392
6523
9581
4725
1823
9060
9980
6674
4022
6712
9228
7768
2347
4585
3140
6320
4426
1286
5768
1882
2727
2689
5354
5589
8269
3500
7279
4815
4869
1868
1076
9997
7039
5955
1494
8649
7147
7874
3216
3776
4427
1359
1279
3504
6541
2073
3490
9566
5727
4099
9942
4061
2979
3869
2962
5462
4715
5205
3593
2778
5590
3025
1848
2204
6126
5316
6501
3217
5420
4823
4134
5329
5904
6531
5926
7146
1085
4873
5685
3154
9154
6645
2156
6261
2971
4574
6233
4392
9667
8959
4086
3581
5135
5504
7562
5061
8347
5749
3821
8949
2229
2004
4280
4361
5190
2998
6695
1180
7305
6405
6922
6496
3008
4770
8006
8437
1071
7071
1700
8012
1823
4677
5489
2473
3294
1308
1226
3180
1922
6145
7324
1503
8029
2028
9667
6536
3499
1714
3000
2315
8912
4715
9502
7577
6734
9646
1653
1885
5522
3144
7185
5548
4362
8180
3869
2117
2634
5162
2622
1419
7603
9572
6438
6145
5749
7244
4162
7340
2600
4050
6420
4134
1595
7362
6694
4459
7920
1272
3882
7878
9344
5085
9942
3274
3774
4169
4450
5556
4764
4838
1035
7602
6319
5443
9209
7271
5056
6402
5152
4381
9188
6926
3965
9256
4028
8474
2669
9794
3886
3027
1793
7413
5849
8153
4252
8118
2173
4121
1480
3480
3585
1192
5908
5451
4118
7183
4559
7263
1719
7419
5588
4794
4704
1496
6617
5032
9626
1631
8260
5303
3641
6669
6088
2552
5595
4220
1473
7410
9203
4149
1597
5797
1417
6534
9116
2934
4842
4216
1074
3655
5781
5656
9202
4267
6557
3965
2532
3588
9736
1695
2521
9262
6456
6876
2476
3872
8838
2436
8158
6743
8369
3272
6684
8455
1001
3101
6127
5071
2941
5871
5073
5253
3894
6575
5994
3370
9292
8487
1383
7111
9693
3543
5752
1927
5291
9816
3806
5151
7373
1872
1224
5178
3825
9966
5399
6498
4971
3545
8416
6198
3681
8070
3333
3088
7491
6266
2498
4931
9530
7672
2086
4478
9206
9975
5491
6444
6322
3928
3701
4043
8935
2954
9977
3131
7760
7283
1168
7244
2765
1907
6291
5382
4260
4320
2385
6395
6948
8757
6345
3104
7253
9688
9582
5103
3767
6181
1023
3422
4161
6248
4521
9873
4216
9589
7966
7196
8487
7580
2128
3522
7228
8187
4999
2374
6535
5685
2874
8044
2937
9653
8573
5057
5736
3539
9977
8421
2096
2920
6626
9838
2561
6851
8057
3273
1987
6522
4128
1701
4316
9917
4249
5616
7009
5343
2163
4738
3915
5037
8614
3872
4453
3359
7982
1241
6747
9198
6148
5343
3416
7958
6945
7695
7336
9277
6717
6166
4928
3514
4376
7275
7080
8005
9401
5674
6383
1582
9814
8850
2584
7325
1119
9864
4613
8101
8378
4543
8924
4356
7059
1715
5775
9019
7893
7813
9811
5135
1116
7589
3048
5305
9204
3278
1810
8243
8792
3040
7402
1579
1282
9458
7536
4231
2742
2038
4470
8564
5480
3004
6781
1133
7446
5019
1385
7097
4031
1146
9905
3336
4546
3603
7562
8115
9059
6271
1267
2120
1592
5102
6602
6397
9949
4756
8555
3423
7139
7758
3679
1653
1967
3420
1847
9694
1026
7963
5125
4581
6944
6927
1847
4272
5656
2472
6593
4076
4693
4228
3702
1508
4671
4416
6311
4988
4230
5601
2813
5302
1631
4706
2639
5767
9231
3701
3740
8430
5858
8609
9803
8644
8086
8513
3609
7601
5497
6652
9872
6443
3537
5977
3395
3191
9933
1718
7930
2702
7273
3483
9639
1811
4134
7925
9389
6291
3150
4790
9250
6728
1519
2112
5752
3922
3858
1746
2102
1870
2314
5873
7332
4566
1419
1479
2694
3404
1292
5785
2624
4457
6192
5241
7222
2061
4457
7189
6258
8925
6359
7741
3003
6300
2750
4879
5691
2867
6252
1006
3491
8325
7104
5314
9797
3103
8066
2164
5193
5045
1327
3687
1090
3314
1362
4056
8376
1139
4592
8265
2735
7640
4259
3674
9324
2506
7720
4270
1773
6615
6057
4814
5528
2649
8997
5369
1009
1783
2504
1824
7310
7633
4948
9200
8144
3273
3027
2104
1478
2093
5714
5516
4661
4839
7721
8333
1666
4135
4619
7976
3386
2184
5646
6603
4088
3150
8844
4988
1662
6617
3368
7259
9163
5133
2362
1721
4041
2634
5628
9522
6795
8359
7372
2239
9255
7138
2855
