6322
7336
7952
7539
9188
1261
3485
8685
6211
6584
8969
3739
9047
5389
9218
4936
2860
3222
2157
2926
4099
9321
7865
3708
1134
6119
9354
3321
7745
1012
7292
2172
8073
1933
4867
3507
2729
8486
4164
3769
4137
5451
1595
4550
9170
3767
9936
8821
8640
9294
1140
4314
2474
5706
6334
5718
4220
1007
7703
6865
6033
5471
1749
1061
4763
5836
3560
2593
6797
7536
3196
9461
2879
3592
3631
8772
6750
1650
3041
3901
5323
3596
4902
1017
8658
3326
7703
3716
1415
9940
3160
3865
3526
4866
8052
2971
7994
5450
4754
6662
7638
8934
4502
1905
3777
4808
6661
4910
5945
5316
6041
8371
1701
4304
5952
7382
5642
3404
3003
6796
6419
1711
6593
6741
1358
1971
4791
1445
2699
9183
5714
1087
9303
1336
3769
8958
2085
3753
5260
4837
3179
8939
1051
1004
1813
3906
9867
5333
4923
9653
5166
8321
7836
8677
4266
3298
3123
3159
2424
6278
4672
6980
8384
3230
8418
7620
9126
8935
1119
4158
3687
2871
5962
3121
7921
3120
1493
5034
7184
5277
5750
2410
2665
2034
7487
2021
2077
3630
6511
4388
6990
8636
1272
2091
2316
4747
6548
2187
1829
7975
1145
1522
5021
5449
8002
2464
5485
5223
7638
7715
4776
8814
6839
9642
8785
8305
7242
9052
9195
8956
4958
4853
4625
3274
2371
3359
2964
3917
3598
9515
5065
6435
5913
3667
6422
2282
1985
6615
6914
6881
8691
1301
6999
3324
5695
8632
6285
8324
3026
8370
9780
2457
5552
9429
6711
1127
1816
5375
1843
1180
7210
3461
6315
8918
1870
9759
1079
8300
9574
7052
1495
7741
5213
6212
8895
6126
4828
4374
6674
6187
4834
1573
3262
9527
7059
6522
7284
3674
4768
8074
9764
3409
4614
5645
2777
5153
1935
9289
7101
3980
4188
1188
6334
2947
6068
3950
5916
3778
1700
8394
5864
9848
7531
8402
5017
3460
7841
2185
8297
4900
7744
5923
5721
1080
8825
1586
4410
3104
4353
9124
9010
1130
8068
7981
1264
2912
3398
4079
3581
7049
3391
5302
2888
7141
8440
8045
5920
2344
4871
9882
2633
9481
7306
5914
3790
4469
8825
8397
6534
2182
9655
8705
2587
4098
9147
5574
7455
3296
4223
3231
7994
5365
6600
5497
9940
2176
1863
9086
8467
5256
6860
2429
2721
9162
9976
4583
2688
7666
5202
1922
3352
8255
1026
9446
1367
5215
2029
7937
6510
4188
3591
2758
5408
4965
6360
8961
3319
5555
5236
9200
6453
8672
6657
4321
7047
3280
6281
1138
5812
1751
2315
2668
2835
5283
6099
5438
1762
7252
7994
5142
4120
4171
4435
5727
7624
2951
3835
7180
2951
2624
2205
5480
7461
5602
7174
9573
9870
5664
6163
7767
6951
1889
3220
5322
4741
3000
3532
4160
1322
1021
6556
9571
5908
9019
6911
7560
5321
2061
5143
1076
1288
6461
8230
5267
3820
3269
9685
1229
8045
4518
7077
3806
5303
3590
7848
3609
6813
4001
5448
6012
6531
8212
8431
1391
6233
1597
8090
7730
9990
9391
3785
6589
7791
5971
8068
1457
7941
4525
9868
8527
6005
7267
8636
5801
1058
8973
1592
2534
1300
4002
2381
2890
3609
4823
9226
8675
2239
1042
7800
1563
2324
4249
6217
8645
9894
4651
7394
6023
4969
2330
3744
1836
1028
6758
3122
2192
1489
2606
2050
4876
7989
5400
3166
6395
9668
4854
5003
8895
4051
6365
1634
8437
1190
1807
2894
5798
4901
4299
5731
3441
7051
6946
2802
7820
5348
3989
9771
6468
4437
7982
9322
4082
7001
1446
1061
7549
3205
4945
2590
6532
2327
7985
1887
3525
5416
2671
7621
3514
2194
5496
9788
3205
2006
2037
8758
4080
8648
9140
9765
1785
9786
4456
3481
2449
4451
4486
6759
7429
2842
1762
3732
1443
1064
9661
8054
4988
2806
6731
2393
5017
6562
8626
1191
1946
1822
7144
9232
2331
5378
2862
4242
7180
6907
6728
6146
1477
7774
4221
5150
6442
7684
5530
2692
3621
5094
8082
4163
6710
6640
7171
5072
7556
8465
3407
9229
5288
7760
1769
2816
5654
8742
1193
1732
4644
4538
5616
4256
5689
4588
3101
7999
6169
3131
8173
2291
8437
2201
3763
6413
3050
6800
8374
8787
8939
2803
2996
5473
8766
7074
6537
4944
1975
4869
1832
6592
6588
7504
4141
7567
1570
3452
2731
2072
2612
1545
6228
6125
7099
3403
9226
2126
6958
6339
9000
7367
5555
3537
7881
5415
2794
9956
7429
6248
5353
4634
2226
5297
2385
6319
3107
4828
3510
6093
4440
1004
6043
8485
4362
1658
4701
7409
8959
6476
9119
5979
4247
3269
3802
4616
1289
1839
3937
3749
2270
8751
5915
4005
6412
1456
1249
5021
1574
3319
1491
3158
8091
2536
7989
9337
1599
6697
6774
8951
4482
2210
3155
3623
9680
1548
6920
1891
6877
1598
2814
4488
1376
8859
4368
4670
2097
8547
5828
8622
6114
1973
4676
7736
7376
5734
7541
2204
6312
8607
4105
3659
2692
9329
8747
9230
1515
3109
5950
6374
2282
9488
9350
2826
6171
6254
1970
3593
9903
3848
9273
7119
1946
6541
2937
3691
1064
1080
1776
1069
3309
2101
8440
7558
1541
4279
2081
9644
5444
8881
1317
6282
7427
4835
5261
4093
1759
5298
4782
8228
7891
5836
3726
5238
9241
7649
5208
2501
2384
2892
6752
5640
7535
4290
1406
4436
1401
4806
6888
1948
9376
1625
5810
5914
3985
3874
3874
8360
8480
3350
7966
3167
8226
4011
7232
1951
3182
5863
6155
1679
5703
2660
1851
7555
4516
4510
7239
4025
7751
3238
6977
3331
4565
2950
1471
6371
9887
5439
5865
6575
5911
1926
8828
6227
9443
5950
9677
4746
5937
7877
1513
5364
2571
5204
1400
6948
7886
3968
7207
1276
5987
3225
9707
5813
1413
6227
3577
1531
1430
2442
9460
2887
3137
5259
4130
2440
9601
3738
1611
2341
4789
7028
4970
1322
5992
5461
4573
1811
1532
4353
2214
4222
1866
9897
4324
5392
1611
6164
6370
6745
3427
7029
8762
7626
3685
7150
2838
1196
3248
9084
4726
1551
7996
3862
7741
2396
8462
1983
2747
1023
9451
8820
7046
4218
5629
6603
1952
6730
5461
4030
3628
9901
8120
8282
4616
5180
7852
1871
9100
4608
1371
5464
6771
3842
8272
1515
4540
6996
2193
4192
7349
2660
6191
8823
4860
3495
1866
1068
6501
2048
1426
7216
4345
8763
4765
8759
5837
5006
9162
8318
1392
2763
3103
6392
2615
2818
5786
4998
8301
5034
2230
6225
7838
3143
7076
1378
2629
1063
3122
6411
9875
7813
3741
6390
6267
2500
3518
9390
9162
5918
6332
7037
2964
8894
6971
8066
5238
2287
6281
6656
7406
1315
2568
5750
8783
2294
4226
7654
4965
6526
5554
5339
6518
1872
9508
8553
3342
6148
7072
8180
4225
5889
4008
2115
4005
5914
1961
4601
1565
5619
1188
3909
8853
9219
6302
3430
8230
6946
5340
3807
2294
2660
9100
3013
2111
2133
6910
7848
2111
1965
7939
2686
4360
8280
4618
2931
2662
2676
2590
1283
5205
8008
1027
9462
7155
1908
7582
4666
1483
2024
7199
2603
6457
7787
6410
3336
1480
9620
8426
2736
7904
3078
3805
2545
2977
2347
4386
5613
7833
6123
5171
1802
6363
2135
4226
2639
6329
4029
6012
7858
5393
6349
5692
8292
1697
3959
2211
3590
4603
9668
5541
2642
1648
8332
3066
1218
1035
2857
6929
9593
7595
3009
3763
2269
4788
8457
2645
3216
8881
6469
1285
3605
8023
1194
6374
5336
2708
5106
4925
7010
5919
5691
6154
2167
3443
2750
8667
9383
5900
8571
1356
4578
2305
1230
6328
6089
3575
9164
5525
8724
6432
1292
3123
6316
9966
7944
4119
9930
3084
7137
2673
3166
2405
6005
1629
1168
8012
6565
2162
7171
9209
3863
4855
4303
3823
6188
4043
3713
4060
4911
8047
9451
8812
5249
1068
6715
7433
5141
1731
3908
1084
2941
8002
3783
2418
6322
3929
7868
6262
4554
8638
4420
7070
8501
3641
7823
8158
3131
6128
1592
4664
1831
1393
3445
7605
3344
5641
8579
8808
2101
8813
2635
7085
3229
5712
5483
2335
6907
1896
9846
5915
1165
9127
2737
6033
2973
4914
5305
2264
9826
8852
1330
2133
5166
6185
8295
8095
7619
6633
9067
6579
1814
3685
3320
3901
2326
5223
4059
8633
5286
4090
3300
4822
6388
1618
4665
9787
4293
7079
6633
7950
2970
5165
1589
3575
3732
3198
5564
8304
2659
7955
9907
4391
7924
8605
4772
3950
6828
1301
8489
7079
8145
3127
8055
9809
9189
4856
8105
3647
5439
2882
2335
2271
1850
4360
4786
6228
8651
8470
2723
2839
8010
2224
8958
4218
1889
8125
6704
1639
7082
8965
2010
2885
9837
6214
3665
3774
3330
9667
3442
7698
5081
6915
1355
6522
1583
6271
6534
2307
5767
2817
9555
2969
4416
6252
4865
2824
5699
6029
2068
4229
9589
9638
5263
2903
9121
4656
3952
9397
3624
4781
5476
6318
1040
3394
8164
5349
2458
1088
1147
6741
4536
2764
1497
4194
3733
6442
4158
8126
4398
1784
3587
3930
8179
9460
2042
4655
6714
2742
1189
4568
3271
2266
9282
7220
5550
8019
5895
4569
9095
2137
1138
3264
1435
8354
7998
7863
2166
3521
6068
3575
4866
8053
9769
9752
7335
8541
8383
3795
7565
7270
9799
6330
1054
2391
8341
5217
5836
5111
3880
2097
3923
5941
4415
7104
5140
8168
6565
1832
6747
3051
5809
4889
7190
4376
9530
7633
6980
8336
3522
7920
3850
8962
4935
6145
3438
5666
2511
7442
9490
3013
6314
8577
1109
9300
4331
5991
3794
1665
1569
7131
9065
4081
5322
5527
6099
8726
1826
4599
9994
8538
5563
7173
9844
6588
7542
3901
8469
6060
4583
5230
4003
9989
2452
7604
9634
3554
4182
4752
3008
3437
5718
6128
6454
4477
8978
5155
2282
5297
2895
4973
9022
2824
5958
2660
6333
4677
9975
2956
5150
1590
9014
7507
6175
2934
3749
6420
7321
9599
1844
1527
6441
1689
4307
7755
1202
5396
8803
4015
5354
4810
1487
7613
8535
4376
8986
1159
2335
9546
3794
7034
9539
4766
3053
2024
4612
1698
5831
3876
5901
9717
2886
5019
6527
6361
4046
9897
9726
3826
6704
4429
6638
6215
3779
5938
5937
2232
4476
8977
5601
6841
8261
8050
9355
3847
8823
1681
3386
9317
3716
2639
9054
3922
2328
6494
9713
9567
5977
3968
2298
7110
4355
4884
8216
8399
2035
3761
1917
4503
3965
4910
5471
1820
9778
4467
6056
1249
5808
4755
6076
4674
4646
2368
3349
1920
8677
5529
3332
3341
8658
4192
9335
8491
1547
1831
2419
9041
3139
5274
3947
4859
5186
1025
4202
5567
4991
8703
9316
1382
5759
5072
1765
5818
4254
7229
8090
5629
2557
3308
9885
5688
1417
3352
4125
6895
5223
2095
7645
7358
4570
3397
3140
3534
3987
5983
9059
7551
6945
6026
4771
9826
6667
1449
4620
4915
2820
7446
9823
8042
3251
6989
1166
2143
7974
1351
9019
4942
4982
1479
2901
1224
3143
7681
6391
6839
6662
6689
1663
1245
3526
5384
9681
6069
9058
6151
9133
2951
3533
5951
4071
9001
5637
9030
2672
2389
1657
3644
4259
4752
6770
3542
7427
2751
5756
2021
6464
7687
1337
6808
3888
9503
3452
4421
3442
4054
8143
3895
1517
5856
2218
2224
2054
3463
8528
9867
2415
5761
1095
9382
5827
2881
2470
2378
3837
1094
7187
3195
1301
2091
5101
7255
1386
1787
6110
2907
2628
9379
3654
6468
5132
2212
1996
7420
5792
8505
4056
4617
5814
5154
3846
7769
5784
7568
9741
7328
2093
4295
1294
6392
9898
1109
3050
8747
3851
1481
4429
7294
8426
6492
7348
6303
7255
5080
4294
4320
7160
4639
3888
2093
7983
8038
1442
7613
4739
7620
8874
7820
6472
2763
1627
7203
3261
2031
6287
1807
5287
3209
2931
2241
5649
7323
4425
8672
9143
6671
1513
3934
5307
4622
9541
3860
5589
2989
2181
1773
1527
2259
5954
2996
8849
5898
6629
4149
4405
3582
8703
6821
1623
6743
3204
6303
3265
5788
5405
3373
5746
6280
9265
2526
2482
5475
4202
3126
3504
3049
9606
1880
6144
8286
4920
2626
2960
1796
5094
2998
8281
4802
6264
7248
3341
6100
2056
3272
7927
1913
8772
8413
9761
2393
5457
2090
7420
7801
8247
9278
6166
1997
5042
6944
1324
3289
1569
3276
8226
2074
5455
8100
6138
6160
3750
8932
5227
2647
1520
6183
8539
4294
3204
1719
4467
5970
2245
5349
9171
8819
4104
6657
5425
2211
9369
4560
4275
6280
5795
8590
4317
4875
2310
2217
9920
3189
4995
4357
4134
8982
3771
7624
4720
6596
7323
9893
8665
1487
2651
3834
6088
9167
9408
7985
4590
4393
9528
3734
3409
1344
9457
8080
6112
9203
1417
1901
9544
6612
4093
6542
1044
3053
2504
1613
2865
2860
1897
4488
5004
2380
8103
1348
4793
1404
2521
1684
2221
1130
5116
6111
6194
9001
5057
2652
7352
3467
1257
2294
1414
4443
1847
1073
2439
9443
3290
9330
2755
3894
6379
9467
4633
5081
1465
8782
7912
4071
6505
3203
4283
9089
5786
7453
2707
1982
9338
6630
5622
4411
9215
4177
8297
9531
6726
5081
9922
4366
2737
1986
9218
5863
3980
2758
2235
4233
1907
5650
2921
2801
3524
5577
5566
2686
4501
4412
4424
6452
4030
1919
1104
8070
1346
4764
6646
9354
6162
3058
3557
3178
4746
1733
6175
1004
5590
3713
4596
4196
3111
2705
5841
7836
4722
3861
5590
4235
1896
1423
3482
9529
6296
3333
5855
6475
3865
6016
4260
8196
4935
7500
4555
4149
7424
5245
5196
1457
4006
9739
3118
6591
1369
3812
4542
3267
1412
6158
4761
4402
7072
5753
6293
4789
2241
8296
3316
3680
1968
6275
8014
5143
6849
8833
5108
3729
6094
9407
7646
6656
2590
2608
1796
2993
3011
2366
1138
6576
9362
9215
2217
9133
3716
1081
7445
7744
8042
5155
9387
5250
4877
2537
3319
8587
8581
6743
1417
2111
5369
3635
9854
9107
4603
9863
3706
8618
3830
2183
7050
4630
8410
2586
8761
1355
5529
7411
6703
9184
4014
3016
8296
2501
7103
7448
1967
6304
8158
6519
7920
1022
4711
8211
3319
8403
3043
7583
7277
2880
2781
8357
5410
7573
1609
3503
9321
2297
7405
3833
8447
4802
9148
5116
3435
6510
2975
2208
3318
6834
4783
6120
8197
6577
1686
8904
4919
4966
2628
5319
4449
8613
1921
7787
1250
2636
1209
1568
2803
1715
6138
2139
8651
3987
4469
1277
8183
4649
8576
7372
7981
6194
2215
1699
1769
7454
3534
4466
8372
1922
4575
1203
9554
8078
2515
7291
1066
9610
5625
2091
6499
5990
2496
2989
6789
2698
6598
1201
6490
6517
5572
6395
2753
2835
2810
7260
6192
5126
1749
2724
8518
6651
6736
5693
3645
7303
3775
2899
2549
9198
5534
4217
7529
6070
7704
3548
4267
5003
9814
8540
3834
3039
1445
9581
2792
2613
3323
5186
8141
3345
7879
2183
6328
6743
8982
8629
2770
1855
4720
7886
8675
6651
9259
7252
7008
2396
3392
3101
5825
6290
1612
8849
7309
2603
9843
4682
6363
6905
6395
3391
6448
6537
1396
2995
3395
4905
5663
8539
1342
4849
5126
1232
4146
6190
1586
4978
6525
7369
5410
5576
9418
1000
6586
3247
9486
7058
4934
9127
6251
4592
4704
2436
3102
2668
6277
2595
5411
8477
1580
1591
5867
6563
4549
2992
3825
8583
2269
2698
2501
1663
4432
4023
5354
8418
1059
2388
4886
4294
5168
2752
8940
1073
2125
9369
2079
2392
8246
3696
2056
2747
4367
2980
6144
7462
4583
2708
1185
9635
6330
4242
4931
4518
2614
9000
3372
2405
9413
5694
8700
9174
2293
1101
8101
7361
1976
1202
3909
9894
6762
1895
3005
6039
4696
1211
8101
2127
5889
3865
8563
9459
6450
6195
7288
3811
3247
5296
6771
2547
8577
7875
5582
6248
5967
9790
8083
1562
6027
6385
3582
5632
4096
1194
4230
3255
8742
2168
4418
1689
4723
6914
1660
6929
6452
7580
2834
3260
3182
5910
1747
6470
3830
4408
7758
8050
6970
9102
2565
9725
9878
3853
1078
5496
1567
1276
4051
9789
7096
1474
5630
6811
4850
7690
7565
9101
5198
4794
4117
2241
2860
6193
2863
1996
9121
9538
3732
3163
2403
2068
7298
2274
9457
5595
7693
5481
7315
7712
9585
1740
3183
7742
3303
2870
9539
1800
9443
3923
1689
7305
8236
1562
5695
9651
8914
7456
6580
3542
3689
4149
5952
4177
3511
8009
7676
6113
3079
1896
9661
5861
3527
6311
3756
1306
2997
1082
3931
5229
9007
2620
8208
3872
1308
3476
3682
7018
4927
5677
2919
5296
3966
8396
2698
7382
4889
6016
2788
2008
5483
6162
2562
1931
2552
8274
6033
1233
3062
1677
6915
3541
7864
5381
4326
9805
1644
6571
6546
3651
9842
6878
9758
4082
7554
8113
1634
2447
1275
3762
9696
9293
2849
5536
5563
6281
2090
1773
2241
2104
9308
8452
1670
4842
1020
3430
4079
3372
6655
9014
1175
7290
1362
9887
2667
9121
8478
4885
3649
6739
7150
6838
7549
7196
4652
2743
8586
8829
4496
5436
4903
6551
1541
9565
8677
3243
5862
8804
9575
6989
4457
8398
1597
5919
3622
7444
1852
2397
6607
8646
6082
6307
2127
2284
9108
3459
4824
6429
9822
5042
3412
1450
3340
1772
6628
3741
4956
4336
4138
2790
4797
7954
3375
6514
2693
4431
6147
9363
4244
3920
2679
9307
8928
5702
2078
7930
8582
2765
5220
3199
3139
8608
3466
4288
7369
4902
1503
2743
6920
2065
7742
7905
2770
9141
8671
9626
6180
6662
8708
5857
5874
5003
4331
3558
5045
6181
6858
5036
5809
5608
3692
6072
5827
1387
3918
2270
1729
4035
2394
1030
3474
6356
5387
7095
6480
6522
4287
1820
5092
5771
5559
2195
6054
7230
8753
6074
3397
2606
9694
2349
9732
4892
9491
8550
3383
2252
3823
3712
5572
5354
6005
9755
9588
3390
1245
6098
5544
1543
5876
6224
3822
6005
1857
4262
2820
1100
8705
1183
2241
2640
7238
2470
1870
5649
2955
9275
4102
8236
3815
2481
4421
8074
4797
6718
4105
3153
5676
7274
8239
6328
6245
8060
4035
4663
5425
3760
6744
2266
9592
6304
4540
9051
4053
1238
3446
5296
7054
6250
6960
5858
2985
6571
1213
1033
1156
9181
2967
7918
8978
6341
5532
1652
5022
4414
8159
9791
4022
9582
9127
2387
3789
3070
8476
6608
2592
4218
1698
2319
4131
7654
5691
4324
9442
4941
6170
6725
6515
4162
6230
9936
2825
5507
4626
1748
6473
3161
4789
8149
7697
3150
7380
4927
5061
6063
1418
6316
3088
2444
7209
9258
9215
2453
2439
5851
4113
1585
2104
6177
3682
7819
8372
6854
3076
3506
1076
9865
9792
4785
4036
3659
9844
7311
9774
7569
3620
3976
8992
1590
6538
1661
3872
2995
3831
8575
3481
4467
3322
4674
5431
2530
1100
1330
6852
3641
3462
6503
9168
1160
5137
2329
2113
3153
2598
2358
6613
9914
3470
5656
3574
3984
2736
5317
2123
8900
5425
7433
3380
5334
7538
3005
2359
7988
8759
6587
7587
5189
5075
2065
1936
3552
3684
5240
8475
7220
2070
1947
5679
9272
8146
2066
4565
3466
2635
4924
1867
2786
6742
2479
6520
3613
7238
6294
7533
2124
5065
5480
4803
9803
1328
3638
7478
9785
1324
9245
2678
2623
7675
4565
5033
8662
3725
4147
8656
3322
5433
3422
6629
3860
8071
2535
9288
8877
7536
7329
4223
8900
6200
3185
9992
2334
6096
7036
7359
4128
1784
4308
2339
7628
7537
2891
2537
5274
3049
4368
2586
8314
7643
2887
1891
2459
6438
6740
6502
1867
1220
9185
3945
6603
1313
7637
4809
2818
4823
2735
5249
1276
3693
1768
2307
6887
1568
5094
5454
8068
3414
2902
2338
9961
8013
1237
5643
9944
6890
6343
2976
9720
3247
1586
6121
6598
3180
7144
3217
3165
6951
7976
2638
7659
5389
5335
5131
5339
9939
7072
3349
7945
4544
3520
5221
3945
2065
1305
9361
4611
5076
7421
8527
9545
2613
9936
7133
7653
2200
1612
1471
2036
6233
4720
7618
5382
1792
5019
6317
7785
7777
4970
4640
7742
2666
4232
3299
3847
9701
3852
1690
5277
3796
9516
4242
7581
3667
8084
2152
9602
7822
8385
5775
5423
3087
7887
5724
6258
7413
1201
4177
1915
2181
5098
4807
5855
3152
8632
1102
9560
2581
5300
2944
2300
6669
1732
4279
2258
3222
7452
6998
2328
5440
2526
2768
3486
2584
1298
4666
7620
6507
8723
4991
5268
6739
1749
5439
4981
1306
8406
1146
5921
4925
6585
4854
6959
7287
2814
5528
1136
2726
3333
4495
5740
5710
6201
4463
5275
8442
8661
1011
6028
5261
9498
7016
3100
2912
3006
7981
3541
5391
4795
8484
2010
1009
7148
9110
4955
2540
9664
9070
9583
1338
4293
3250
8996
9285
1998
3643
1741
1717
3135
6467
9754
9820
5996
2512
3215
9696
3907
1630
8752
5207
3945
1454
5058
3919
1157
7265
7046
9177
2197
8681
7667
7725
4110
6414
5555
5654
3663
6723
9485
9870
4392
7668
4476
8451
7340
1676
5291
4817
3327
3214
2825
3096
7481
6605
6490
3491
2419
5658
1194
8280
9817
8749
2524
4188
2423
3924
8088
5859
8750
9696
3259
2343
3173
4655
9333
2126
7392
4116
1594
1423
5651
6405
3670
4630
2718
5035
6066
6075
2320
6402
8407
1434
2682
5169
9791
5180
6510
4940
9928
5461
4754
4402
5560
3533
8886
1432
3081
5632
1035
8379
3566
9356
4946
7203
8541
2176
9976
4506
6963
4797
3189
9728
5678
1859
4988
4631
5927
4640
8435
7632
8603
7899
1264
2538
7073
4842
9787
7183
4422
8694
4028
2427
5155
2126
1807
6533
3555
8873
6250
2653
6615
7442
6207
9862
7089
3253
5575
8725
3026
6023
4151
2129
7024
4931
1585
6339
4460
5098
4978
4091
5768
7943
4575
1943
7162
5030
7894
1513
2066
5230
9946
6001
8829
5698
6320
9511
4793
7918
5059
5013
9015
1979
9086
3538
5887
6535
5012
3921
6585
6054
8087
4623
4709
2898
4488
1883
3891
2060
2727
1091
6538
5531
5076
6750
1859
8260
4740
2838
4047
7494
2193
7616
8893
4543
3698
5744
2816
7837
5847
5275
4837
2531
4963
5463
9713
9891
2752
4742
4008
9619
1671
1569
4570
3770
5759
1069
8966
3303
3073
5984
9216
5096
6195
6112
5250
8776
4397
5173
8852
2570
7152
9211
9432
7795
4995
5334
3211
3055
5080
4667
7368
5992
5537
6329
1875
3791
6830
6459
5938
1986
4793
9208
1159
5991
6495
6818
3490
1476
7820
1188
6466
8232
3837
6841
8019
8986
8087
5555
4981
7629
1559
4377
8753
9754
2542
1544
1624
2949
8629
6839
7900
8421
2462
1425
3234
9388
8070
3335
9112
9953
4688
4777
3969
5404
2270
5810
8987
6001
5085
3176
1872
7321
5303
5023
6314
5705
4666
2027
9061
8616
1536
3336
4570
6118
3915
6903
6563
4813
8726
8481
5625
9419
7254
5310
2570
4610
1127
7901
5725
5512
7978
2324
6858
2830
5014
1411
7504
9888
4638
3553
4733
7135
5917
5536
6108
4220
2280
9648
5323
9724
1467
4702
4651
6890
3643
2169
8807
4328
9523
2387
1005
3485
3050
3989
6609
6765
4618
4814
7476
6667
3947
7040
8752
1062
3474
4089
5523
1245
6377
7378
1268
8634
7151
8070
4667
9342
3792
2599
8163
2145
2021
3946
1091
1679
8706
9720
5630
8940
6350
6430
6711
1596
4466
3958
4482
3248
4701
3468
3117
7268
1690
8740
6809
8037
3542
6931
5206
4053
3793
5177
8872
9634
2397
8599
3456
6104
5245
9083
3662
9985
1291
5192
2835
6336
8060
9023
7275
7586
5770
4192
2183
3248
5318
5883
4912
9023
2691
4529
2471
6212
2969
4848
1006
1488
1249
9959
3953
7306
6142
7446
7213
7095
7007
7871
1680
9147
2319
4834
2820
1458
5738
2931
3045
1414
3305
3410
5490
1696
6795
2363
1491
6210
6903
5625
2415
6107
8763
7607
3676
1334
5906
1618
8714
5500
1145
3392
8270
3834
9442
3394
8063
6915
1183
2437
7174
4676
1619
3387
5586
8381
6529
6420
3062
2937
1304
2546
2883
5955
8764
2435
7891
2544
5507
6113
8979
7419
1308
3319
5261
7681
9190
3922
2820
3135
6722
8263
1647
8105
2961
5968
6607
5464
8698
8802
3023
4387
5585
9843
5042
4366
3834
6457
9173
3284
1363
9764
9111
5993
4400
4214
4964
5853
4795
1150
3274
5211
3079
1959
9122
2659
8514
6862
2844
5696
3174
8862
2817
3174
4674
2801
3279
6358
3506
1921
4457
5344
7878
9206
2681
4333
4291
5749
8895
2208
7811
8848
4030
9709
5366
9842
4252
9008
5026
1779
9972
5665
7454
6058
8643
9298
2531
2402
1477
2661
3109
5669
6028
3573
8496
5658
5528
5803
3953
2060
1449
2746
5364
4013
4646
9804
2133
6136
1907
3938
3627
8555
6819
8151
6295
2147
5518
9681
7424
8733
2425
3351
3478
5028
3385
9718
4199
2868
6143
8179
9096
1305
6510
9730
4184
9197
4772
9034
2245
5501
8419
2964
9714
3131
3310
5690
1306
1319
3493
6369
6939
3413
8322
5339
4269
7455
7682
4355
4048
4722
7949
9490
1921
2139
2065
7133
4954
2877
5868
4465
1287
8083
1389
2532
6308
6360
2876
7523
8209
4527
7085
9893
6451
5260
8031
1608
5340
7342
6487
9288
5861
4576
2519
7772
1152
5370
8469
4888
9035
9201
7318
2484
3331
8336
2573
7247
6355
3101
7716
8019
5930
7669
5521
3872
6808
2762
3729
5701
6886
8417
5491
5680
2582
6872
4966
7173
9197
4089
1948
3702
6289
9084
3477
3715
9816
4579
5103
6333
5954
5564
2973
7170
3886
2530
9430
3994
5636
4860
7689
2020
4602
2344
3109
5988
2816
6725
4012
4295
8814
9334
5522
8106
9064
8367
1198
6727
8824
2362
3777
4064
8422
8276
4762
5414
1410
1672
5844
9722
8574
1092
1208
1161
2661
9746
5408
3936
2719
3505
1500
8694
1266
1372
8942
2328
1374
4118
2207
3609
2935
2918
2827
8034
7513
9921
8267
1621
6302
4672
2133
6660
6426
4154
1384
7776
1158
4367
2171
3169
4304
5691
6170
1125
9461
6613
2883
8436
3705
8940
6696
8285
7391
3862
2942
1823
7900
8951
6184
1116
3426
4833
5811
5607
8991
6263
6790
6841
6686
4218
2187
8598
8630
1231
2329
2713
8998
1581
6456
3191
8499
4027
5131
5080
4986
5785
4085
1839
4821
2940
3955
6512
4889
8553
4673
7137
5944
2511
3316
4901
3459
4114
5322
7167
1936
3460
2407
8155
2209
1144
6108
9261
5575
8728
3501
3652
4531
2624
7470
1828
1618
2430
4027
1004
2625
4455
9436
3172
4138
5123
8537
5503
3580
1054
4374
5341
5906
7715
1452
1608
9234
6752
5604
9074
3592
2970
1040
7380
6281
2821
4871
3573
4640
8001
6009
6959
8258
5749
7424
5428
6768
6625
8661
9130
1214
3235
5849
8953
3929
1858
8323
1824
2959
9013
7763
7268
5352
2043
9443
9075
6406
1971
6493
5455
6474
2240
7474
8356
6527
9041
6592
6880
7095
5140
4961
8239
5438
6573
1945
8628
4353
5616
8266
5294
9701
9482
3567
3145
1767
2006
5956
8508
8935
9744
3488
9210
7883
5172
5011
3530
7018
3135
2862
9629
5962
6205
1901
5653
9684
1332
4864
4748
3303
3430
6428
3997
7488
9333
8688
9095
2156
2672
3485
2077
2202
8523
2020
1645
8077
1641
4520
1499
9129
