1234
2226
8997
6371
7641
2690
9488
9609
2386
4260
4664
4549
1827
6825
5386
9160
3188
3704
5883
3688
4140
1929
6066
5271
1365
1454
1841
5033
4640
7892
3266
6707
8023
2245
1547
1460
6754
9165
8816
2715
8993
6540
3426
5822
2939
1442
4504
3933
7743
1634
2328
6309
9058
2467
9427
3089
1617
8353
7412
6689
9188
5986
7147
2148
6019
9634
1669
5525
2075
1547
6276
4657
8571
1694
8407
1173
1504
9668
2012
7024
9332
9966
7454
2960
8968
5166
7161
2876
5212
7040
7407
4204
5578
1252
9442
5215
2518
7274
1479
3470
8437
4693
2204
5239
1744
6327
9097
7287
3399
4081
6873
9180
5895
9711
5182
6647
6662
2734
5948
2545
7609
4663
1505
1731
6438
1208
6222
2009
2570
1968
5596
2574
1124
2582
6234
6277
6654
3267
2848
5528
9013
1787
1715
6579
3169
2116
2635
9902
4910
3368
6414
4514
8587
1143
1186
2005
5457
1718
4837
4513
7433
1192
9886
6573
1536
6258
6694
4071
4935
5221
6510
8300
1800
5078
5023
6051
7124
8688
2118
1774
2981
4771
8987
4327
7312
3481
2434
6144
2208
2071
1147
5091
3197
4716
1622
9971
5261
6173
2026
3769
5180
1840
5644
1184
4387
1648
8608
6036
3179
8089
3745
4233
9700
4284
7618
7960
4621
9555
2793
2657
5641
5674
4463
3903
7503
8449
6727
4918
1802
6087
2235
1951
7066
5805
7715
3546
4558
1669
1931
3816
4103
1497
5453
3289
6932
4915
9891
3474
9570
7198
6871
8454
6522
2370
5429
5456
8469
5695
6199
8331
6353
8900
9214
2559
9828
3010
2858
7025
6127
6545
1707
1876
1922
2524
2988
1615
1261
9507
6330
8096
5185
9327
3560
4563
5995
3639
5856
3316
3068
6496
5897
8024
3072
5925
6533
1794
8840
9748
3525
2007
2450
5537
8296
5800
6998
1015
5012
7053
5623
8922
8722
9255
6029
6480
2317
2824
4140
1288
2163
4835
4643
4138
6801
8762
8338
8994
3040
8961
5066
6700
2216
3795
7546
4311
6541
8817
5532
1113
5661
6119
8949
5770
2955
1041
5381
1687
3098
3794
1835
7126
2526
5381
9430
3577
6553
2010
3596
4417
9603
4584
8021
7305
2018
2681
9683
3154
5341
2660
6777
5404
8655
4850
1722
5820
6401
6361
4870
7233
6387
6043
4653
3332
9071
9038
4941
8353
9963
2815
2933
5167
6397
2140
7764
7300
3599
4725
6449
1660
6656
7077
6213
4082
4732
3663
9800
6723
1765
9600
3299
6846
4912
7959
8173
5117
7501
1939
6434
1914
8274
9717
3361
9379
1732
1540
5550
6885
8032
4173
4150
5521
2355
2239
3409
4311
1051
3903
6780
4194
1070
8227
2913
4866
8414
3547
3216
4511
2367
6895
3779
6463
7208
8185
4189
8164
4557
5609
9427
1295
7547
3601
3888
3416
3655
9835
5851
9634
6126
5799
1390
2555
1145
1982
1458
6884
6715
7986
4386
2966
6382
3974
3189
5514
5413
7163
9485
2346
2503
6031
8234
5261
3356
3148
2871
8857
9451
1837
5391
2286
4822
4107
7292
3643
4644
6661
2195
6800
7843
8127
4315
4797
1774
2778
8320
1605
7815
6749
8279
8853
5535
8368
6282
2742
6208
1193
4730
4924
5670
3012
2491
2638
1385
7325
1090
8196
8833
9089
3917
7948
8100
2235
7434
1471
7163
5997
5546
1905
2478
9066
4992
6605
5839
9762
9925
5499
4280
3252
8867
7755
4696
8147
7354
6446
9497
4853
5760
5082
5773
3898
1219
4839
6697
3451
9126
1788
2060
3027
3557
8446
2100
1373
3722
3242
8164
6426
7426
3132
3993
3944
7572
3151
5325
5951
5970
4356
5568
6106
7680
8202
7774
5464
4066
5571
3682
2553
8620
6478
2138
3965
4282
2641
4885
2890
1078
2032
8926
4236
7116
2247
4298
6263
7504
5663
3293
6713
6878
2262
6574
4578
3215
2574
1681
3379
4784
4789
7476
4865
5228
9387
5792
8703
4780
8856
8952
3034
6844
9279
7611
1878
5661
3751
1151
4743
2654
2562
6041
1951
5388
1219
6377
7894
1614
5790
9206
5302
2414
8673
5855
9330
3752
4741
3149
6950
5371
4940
3332
2786
4021
9161
5737
6625
5055
6162
7669
3339
4833
1644
8415
5970
1113
6383
2510
8910
3165
1122
1891
5347
6194
9568
7248
1893
3044
2681
4732
2139
1108
1822
5623
6998
9073
3014
3278
2987
9009
6837
6414
7952
2856
4499
5704
7787
4732
9248
2364
9730
2549
2963
3284
8154
2015
9198
1855
4312
9325
8722
2398
3814
8486
6270
9676
6669
4160
6173
9614
2615
2819
3399
1791
2096
6241
9382
3527
6170
4723
3515
3810
7664
8652
7247
5420
8006
7766
1642
3137
2049
5797
1827
5631
1043
6962
1793
4381
6748
5059
6062
6835
9905
8442
8965
3439
6676
6453
6724
5690
4372
7143
9248
6444
5949
6549
2355
2560
3555
3905
8326
5251
4091
5139
9582
1667
3770
6038
1528
3165
5631
9595
5828
3046
6437
4091
3745
2426
9192
1931
3772
9020
6584
2870
9271
2438
1095
6235
2358
5838
9241
4340
8475
1917
4454
4600
2412
3478
7042
8462
3400
9616
2093
8701
7800
9222
1572
1745
2697
4100
6486
2012
3350
8781
7186
4233
1456
3006
8053
4966
4062
2316
4239
6310
6662
1739
6815
1477
8286
3515
8277
3196
8555
4564
2012
8239
4238
7652
2818
5706
7255
3554
8590
9406
3604
9913
8068
2789
4044
5128
2416
2754
1484
1823
8405
8882
8200
3806
4038
3346
2715
4273
8510
1708
1577
3789
3282
6593
1902
7932
6789
6399
6309
4779
9978
9953
5462
4156
2861
3157
7715
8873
8353
8897
3136
9003
6283
3168
9500
7119
2923
2751
7227
9666
4925
8764
9640
1852
7218
7997
4123
6784
9819
4095
9885
5812
8037
4930
9978
4433
4026
6628
5294
2882
4114
1146
2670
7591
6500
5405
5290
4403
7469
2399
5906
6489
4949
9400
1916
3685
5684
3218
3421
4799
4997
2618
9431
2237
1194
1694
2351
5324
1383
7819
6306
3219
5396
5659
1681
9746
8322
5853
9604
4075
6670
7540
6502
9597
5106
2135
6593
2845
3084
1860
9301
3674
3130
6339
4311
1037
4038
5989
7411
1084
1594
9035
6370
9668
3765
8004
6311
9051
3505
9952
5354
5195
1078
3974
4751
3009
6770
3277
1547
6222
2943
4126
3641
8140
8539
1082
7233
5649
9249
5718
1953
7132
6834
6787
1934
9523
1428
2185
3403
8425
7897
8260
8580
4313
2782
1315
1205
6813
7671
3137
3066
9464
1969
7654
2378
1533
3149
4424
1597
2382
5469
1307
2524
9627
5141
5907
7331
9171
9497
9605
8252
3319
4820
3385
3906
6754
2308
4817
2377
5972
3048
5304
1277
4304
6981
3642
1420
5713
5810
5833
2832
4820
1329
5385
6519
9750
6864
2153
7201
9445
6132
5028
2423
4359
6435
1400
5466
2746
6661
7541
5802
3022
7457
4491
2385
5840
6757
4171
5658
8238
3924
4957
2134
1920
4155
3913
4861
5205
4699
1856
2392
6578
6556
5046
8347
9079
4847
4012
2122
6554
1342
6619
3623
1161
3178
9518
8263
2198
6826
3288
2621
1733
8917
8855
7925
2980
6363
3235
6969
7748
2782
5694
6184
7787
2585
7700
2717
2330
4410
3861
1652
1567
7211
4728
8971
8210
2160
3346
7351
7067
8589
2566
3419
2855
6133
4220
6616
6678
5952
7990
8710
2833
2444
1661
8198
6345
4534
5877
4819
1121
2705
9727
7069
3242
5224
1098
9884
7771
1843
3056
8653
5758
3851
3767
4341
5051
7782
8048
6970
5190
8185
5578
7815
5014
5270
2163
8285
1868
8799
1722
3611
9676
2670
2272
8119
5078
4031
9299
2297
1513
9759
6093
7700
2303
3872
1973
3713
2438
1421
3661
6874
6723
2916
8727
7633
2855
5343
8706
6175
2277
8495
4268
7249
1059
9888
1132
2201
3416
3681
9606
7176
4053
8466
6052
2633
2986
4014
7036
2148
1521
9785
3584
6943
1658
7287
2538
9190
7116
8180
5769
1123
3796
9972
5240
8396
3516
4271
1884
2814
6569
3159
1013
4216
7539
6620
4529
5562
5198
8225
1639
3994
9305
4017
7049
1878
6412
7995
4368
3219
4648
9482
6132
1888
7782
2904
5178
7658
1787
1671
9498
6362
2224
9420
2814
9352
7962
5435
2552
2981
4060
8225
8672
2750
3147
6075
4867
1158
4452
9999
1961
6982
2111
5238
2071
6513
7871
3031
3716
6433
2968
8580
4563
1952
6750
1463
3495
8802
4596
8563
1753
3637
4853
7500
7798
2575
2755
7595
5527
4041
4745
8134
2227
1145
5172
4084
9588
1487
7653
8963
4959
2706
3827
8594
3204
2414
9094
3307
9159
4671
8104
8002
8812
6539
5102
9523
4270
1508
6484
4147
1288
2981
7278
8588
4182
7983
2438
9490
6291
7405
5920
4069
5563
3480
5005
7337
1961
3447
5627
3025
5321
4356
1698
2034
1911
5839
5908
6008
5162
7415
2568
6245
5913
2732
4579
3854
8163
7304
4922
2458
7258
3516
8007
6330
2171
1326
6013
5618
8304
7837
1998
3943
2714
1369
1568
3987
7167
9735
5612
4305
4636
9510
9709
3337
2781
3733
1708
6597
6089
2194
9524
2642
4236
2523
5230
9617
3259
1070
3834
4571
8038
3138
4463
1016
3339
3401
8894
8406
6177
3500
4410
2946
5517
8522
3166
3289
6584
5893
7978
1377
6041
3330
6744
1418
2414
5777
5673
7662
4190
1800
3780
6943
6401
4296
5378
6424
2588
6158
6649
6071
8191
5660
9779
6192
9768
3487
2683
4706
5373
8391
9630
5344
3771
5030
2019
6052
4498
4446
6699
1126
5497
4757
9026
9178
2889
8043
7576
6870
5858
7145
8466
1320
9088
1452
2503
7116
2042
4150
3336
1908
1745
1357
9515
5215
4091
3858
2375
7025
7291
4304
9937
3637
2906
5390
1601
2683
4643
3492
9183
7107
4595
4995
4773
9805
5442
3679
9944
4740
6229
5618
7311
9159
2177
7519
6410
1271
8070
6749
1315
2401
3819
8059
6250
3711
4113
9240
8377
3009
2721
3114
5284
2908
5014
6300
1594
4540
2077
2738
9215
1814
1428
7380
9704
2942
9926
5867
8936
1062
1203
9282
2800
5230
2658
3995
6103
2118
9243
3536
1926
3592
1728
6439
9209
2402
6780
2665
3662
6141
1614
3293
1566
8492
3566
9906
6744
5860
5423
9559
7089
9705
4206
3655
9667
5537
9954
3507
8633
2021
3572
2732
1856
1779
4590
4442
5822
3313
2922
1526
9782
2505
9162
1010
1978
1612
9052
6577
5489
2711
5927
9181
9560
5193
4829
5930
3470
5370
8416
4354
1854
6302
6134
6082
1305
5569
2117
1649
3919
7447
1439
6280
5298
6939
6972
4655
1118
4144
7549
9920
8584
6559
2018
4524
2469
1708
6517
3142
3218
7456
1201
9743
6763
9772
5639
1979
1130
3977
2332
2093
6112
1700
1830
1815
9814
6238
4785
6242
1652
6338
8418
5310
5524
2062
8681
4306
3302
2766
2304
2689
6752
5568
6339
1919
5901
2189
3918
3455
4809
4456
6706
3694
9889
6149
6861
8374
7413
9367
1570
4450
6880
4270
8785
5203
7216
9311
2966
4508
9627
4378
2571
8243
2126
6971
6649
7502
5692
2254
2938
4359
8751
3780
7251
8325
8140
5340
1224
5231
6238
8385
1003
2603
4362
8592
3050
3803
4037
1847
5870
1561
7016
7935
4497
3010
2735
6623
3294
2732
7489
5424
9325
5451
4019
5172
5284
1067
8128
8438
2996
6904
6696
2428
4615
2463
6725
5769
6153
1390
9488
5413
3325
9461
6599
6069
8415
2921
1434
8505
2188
2896
3934
6016
5694
8948
2801
4075
1065
9124
2571
8627
7865
4581
5575
3987
3895
4522
5196
4053
3180
8507
3313
4777
2359
9894
1899
6966
9151
5636
7442
5425
5070
4529
3016
8047
8653
6108
7460
5898
9791
8643
4023
1908
1860
4528
4051
4389
2879
9171
6616
6652
7870
8184
5472
3591
6690
2555
8762
5864
3617
1631
2777
7353
9522
5405
7627
1878
1715
2233
2078
2918
6769
3501
6964
2152
2102
6887
2470
7788
7184
6364
9093
2273
5652
7068
1991
8457
5058
7335
7449
1243
3042
5965
3714
2986
3893
8963
7045
5647
2321
5098
8140
6526
5917
9563
4291
5103
3351
4811
3471
9247
7390
1690
4149
2075
4529
8547
3966
4240
2288
4719
6492
6052
2112
1890
1002
1509
3815
3361
6597
3111
1615
5089
7529
2977
9404
2851
9372
6971
2507
3213
9040
2179
3934
3896
2510
5896
1290
3466
8972
4271
3136
5879
4697
6046
2992
3282
5845
4315
3608
6568
4219
4453
7280
2884
5052
5419
5964
4653
5699
4833
9327
7287
2153
8474
3218
1352
4469
8593
1082
4110
1381
6077
8735
7514
9659
6722
2803
7497
5958
5383
4082
7228
5532
2565
1738
3704
3049
2696
5778
1888
1364
1569
3427
1819
9709
6631
7404
6567
8869
3727
3677
3166
7523
4595
4817
8671
7014
4768
2641
9506
3016
9377
4732
6760
7796
3634
3139
7770
8668
5375
3259
5111
3001
8047
3414
8430
7441
1912
5340
3080
2802
6287
2691
7739
1979
7354
1235
5103
1108
1564
7023
2909
8731
4539
6662
3740
3608
7449
7405
2537
4375
6859
9675
6608
8303
9426
5512
4145
3080
2248
4174
8442
9930
2675
3142
3190
9273
3836
5319
1985
6552
5616
9826
7024
8819
5668
9326
6717
2093
4211
6311
7651
9573
3340
5227
4658
5657
6693
7724
8668
4350
4058
9275
9047
5753
4381
5133
6695
6054
3231
6552
4314
5404
4472
7487
2237
9361
4778
4046
9351
6278
3231
5934
3922
3063
4256
4228
3260
4697
5704
7797
5541
5668
8250
4237
9816
2989
7669
4928
7033
8665
1979
3455
3499
8276
2013
7685
4451
1033
8587
8417
9707
9169
2544
6318
5016
6297
2594
3805
3196
7244
3643
4032
7049
8990
4363
5628
4983
5112
8595
8269
4664
8504
2476
9864
4334
3965
3851
8252
6248
5899
3637
9144
3156
4892
7732
8359
4845
9438
5407
8606
4082
8806
7039
3702
6119
6342
9607
2099
8333
5849
1544
1650
5787
1754
1069
5987
3499
6935
5336
3697
5660
4099
6668
8006
1366
6302
4314
6806
2370
8090
9849
9738
4690
3193
6342
9245
6026
7154
4900
7662
2905
3481
8681
7684
5160
2631
4347
1070
5791
9164
3143
2053
5914
6735
1163
5239
6893
7873
3285
7645
3928
5404
6671
1097
5820
6638
3019
6713
6397
1715
3648
7799
8733
9660
3324
3264
6714
2210
5184
7936
9838
9120
1677
7991
6071
3421
8813
1236
5645
7874
3721
3722
6474
2094
1925
6399
9894
1217
1785
5605
5771
4727
6195
9971
2206
6240
6534
4878
9271
4938
1697
2964
4632
2355
2812
7307
7056
7846
3704
6817
7927
2863
9716
2633
8855
7693
1234
1920
3725
4059
7919
5011
5208
1924
6880
1677
6620
5632
4166
4371
2399
5851
3158
8860
7747
9304
3106
7209
6311
4444
4073
7138
4548
9204
6117
5487
4542
6778
2251
7374
9798
8776
1566
5500
4911
5704
4153
4108
5692
3292
7302
8707
4313
4412
6405
6247
6260
4608
5646
2971
9391
6997
4633
3362
4939
7561
9677
9846
5205
9008
3192
6421
7813
4349
9272
6499
6083
1572
5063
5940
6793
4281
2276
5225
9829
5879
7362
8033
5176
1407
3860
1193
4552
5741
4596
8799
5798
4802
1276
3007
6238
3304
1521
5575
5406
1554
9277
8551
7725
6661
1351
4508
9264
5320
2648
2021
1691
9108
7176
4852
6752
7326
9297
1681
4398
3018
4523
4561
3536
8091
2599
3365
6398
4507
4469
8841
3029
2530
4508
1147
1969
1401
5511
2451
1827
3719
3227
6719
9065
5287
2758
1086
6621
6025
3324
5979
8825
2925
1722
7969
3101
4964
6613
7790
1317
8396
8271
4718
1603
9812
3497
5315
7104
9865
5751
5724
4682
5798
1308
5087
3738
4393
2101
3282
7145
3794
8736
4574
1657
3450
6727
4208
7652
7226
6236
6057
8859
5061
4997
7508
6617
4203
4983
5568
2845
1606
4837
8173
9068
7378
3693
4667
1816
6818
5317
8831
3838
2940
5836
1361
3379
1984
4803
6055
8919
8753
6438
4129
4017
5821
5847
1945
5819
3659
8566
7622
1849
4415
8710
5213
1038
5982
2719
5109
2806
2473
6729
3137
4892
4265
8051
1371
3716
4696
4609
9916
5261
5238
7811
6024
3586
2404
7338
6071
3773
2894
6612
6118
3548
1800
4194
6281
2044
5995
1486
4885
4981
2209
2320
2089
7473
5649
1491
4265
3130
6606
7747
7900
9687
3931
4600
8075
6751
6397
4657
3712
3032
3794
6605
4422
5515
8328
3097
4891
3750
5150
3352
1474
8723
8954
4785
4337
1650
2991
9076
8050
4240
3773
7120
5504
2208
3944
9578
4190
9865
9316
7517
5309
3469
1245
9379
1073
1890
8111
3410
9300
7727
4514
1564
7509
1105
5531
9453
5045
2776
1050
2627
5636
2593
8305
9746
2629
6589
5439
1635
3871
8899
1641
2495
7540
3409
9091
6201
5035
5057
3247
7277
2396
7972
5513
9793
6076
6785
1849
1782
1376
2772
2319
8563
9950
4877
5951
6224
8608
7512
9876
1954
9628
4956
4332
5831
3387
7366
2206
3473
4683
5264
1419
6659
8067
5169
1785
9751
2555
6468
2349
5747
2768
3723
2673
5159
8308
5513
7205
5566
7439
1924
8160
1022
7544
4473
8458
3681
1678
6178
4880
2158
4015
7281
4171
3973
5887
3201
9128
1392
8684
2972
6763
4093
5283
6321
9344
6127
3164
9347
9135
6546
8421
7073
1172
1641
2120
1750
5395
6212
2981
8332
8065
9101
7232
1183
7255
9861
8470
4137
3264
5388
7552
2281
6193
4574
1300
6665
3429
2901
7038
4754
4692
3336
3557
9996
5653
3610
6055
6829
2747
2177
3136
6659
8357
9290
9156
6255
5731
4160
5056
5195
3421
2093
9681
1204
8675
3783
1431
5373
3476
7455
6289
9847
5124
1285
1913
4007
9327
4948
2586
2510
2515
4505
6759
6524
4582
5579
9986
3027
4481
5698
8873
3025
2218
3722
4408
9079
9334
5810
4214
5164
6899
5806
8731
1737
2210
1602
1336
5631
5302
6081
4574
6332
1848
2619
9065
4678
4724
4434
8695
2320
2822
2711
5151
7395
9422
3586
5480
7259
9784
5224
7127
3609
7487
1299
5404
3647
6465
5397
9653
4534
7049
9813
1709
5585
4386
1572
6334
3515
2128
5205
9174
1942
9139
5540
6222
5521
7621
2948
7604
9378
4630
7857
1535
6472
2531
8881
2760
6983
8121
6457
9804
4801
4717
2024
1333
4568
4471
6261
8632
4449
5102
3103
5583
2559
4955
4437
8909
5323
5850
8188
9322
9277
4812
5984
2350
5939
6061
2201
5571
9445
9417
7436
9877
4872
4249
1012
5876
3079
1028
2586
6143
9333
6855
6660
6782
7644
5968
2077
7485
6607
1393
5250
1391
1548
2505
9546
4691
9117
3833
3097
1234
1516
1336
1522
2709
1493
8386
2019
9414
9766
2583
1371
5200
2551
9153
7742
9324
9065
6911
1593
6480
4625
9038
1567
2871
5149
4378
9406
1631
1803
7504
9252
1760
2817
9082
4404
6372
4247
8901
3826
2196
4535
2364
4792
2852
5027
3877
9237
3288
6317
8969
6116
3104
7003
5828
1906
5107
6543
6456
6874
2170
7131
2439
1889
3772
1411
5529
5619
9556
9334
6029
5486
9103
1308
1919
1265
3341
1077
3961
7839
1761
2696
1975
5193
7344
8886
4988
2820
3479
4871
5546
6765
6086
6148
6721
3277
1856
1012
4205
6174
2376
2016
7797
9473
4434
2369
4232
4651
7905
2475
9410
7979
4211
5892
4846
3295
9823
1325
4830
7783
7862
5174
4477
8145
2634
2345
7371
7570
3034
2838
1664
7951
1403
3212
4535
9255
2240
2340
4838
7104
8786
1886
6714
5800
7151
8255
1441
1978
5000
5909
7436
5736
6007
9596
8161
7253
8932
4111
6190
1317
1220
2890
3045
6888
8618
2182
7293
7026
4005
5296
9139
6104
8273
1837
4291
5310
8713
7654
5627
3471
7947
9469
9843
9775
1573
2182
4414
5356
3796
9170
7492
1407
8015
6237
4265
4569
5453
9814
6573
3020
3946
2655
3519
2071
1260
1848
2957
8805
1768
7993
9130
4516
6093
3578
8234
9503
9083
8006
2813
8327
1931
6693
1140
7175
5875
4897
4686
3386
9464
2812
5729
2514
3806
1007
2049
1345
5595
3537
7708
4155
4206
9246
4889
8920
1221
1834
7440
8580
1184
3865
4991
2110
5917
1401
9263
7778
1756
5394
7426
6704
4032
2763
9316
4274
9091
6346
1100
9320
2315
3863
2154
4770
6395
9575
9992
3095
6444
4401
4939
5820
9763
8516
1429
6511
5737
2702
9998
8395
2932
9687
5348
8038
1359
7292
2813
3741
7369
4636
3820
1617
3227
4090
6171
9234
2903
4003
9790
1325
3233
5447
4878
5205
9827
4446
6573
3285
4706
7880
1674
3303
5491
2330
3481
3844
5150
8686
6995
4672
6152
2991
5431
3769
9960
1856
6186
9952
4256
6507
3100
7303
1491
5746
8050
4700
7388
2561
5580
3601
4984
6163
4611
2910
1902
2173
7857
7798
3110
8188
9676
1491
2155
1982
8704
5651
2320
2778
2884
2599
5963
2976
3753
8331
3927
3476
1403
5972
5820
9495
8541
2030
3238
7755
5758
5147
9082
8243
7509
4233
6530
8133
6650
7144
5994
2628
4946
1586
5746
5882
2157
1805
5683
2717
6739
6932
4589
9177
7945
5617
4732
6357
4202
6272
4314
3393
9164
2044
5238
2441
7678
9300
7954
9790
3630
3038
2430
4471
6536
6903
2783
8889
6308
7349
1927
1142
6777
6095
4365
6761
2133
4190
5969
4708
4424
8018
5266
9921
1763
2093
3403
5111
3540
8236
6403
6983
4319
4945
9035
5781
2997
1849
5490
7259
3516
4709
3019
7685
3024
5282
4479
5351
9364
8784
8593
5635
5014
2205
1711
4482
1038
2902
8554
6212
5699
7359
6716
3584
5006
2253
7612
4656
8245
7945
8451
3252
3984
9663
6680
6316
4165
3355
3444
6431
9179
9690
2085
6403
3897
7815
7398
4054
3688
7269
1521
9017
9346
6691
4154
3842
2064
5053
4813
5294
5119
3398
8450
3913
3332
6294
6059
8468
9299
4568
2452
4699
3541
6006
7489
7505
2057
3326
1658
9773
4458
2359
8619
2086
3485
7476
6152
4067
5428
6782
1416
3461
5142
7745
4614
8715
8580
3911
7909
3495
7321
1119
9446
3806
9485
3170
5607
8459
1451
3209
2259
8813
5695
1020
2866
5863
5974
6511
1012
4904
2592
3147
3895
9905
3073
4426
4590
2397
5307
7295
3217
7456
8061
3309
8044
7801
8312
6175
2645
1981
7130
6560
6441
9478
7270
9323
7055
6137
7705
2034
5855
9354
4042
3968
2250
5298
1073
3058
8867
4282
8231
6002
9106
3699
7529
9008
6912
6804
9878
9860
6513
3073
4981
7168
1191
3200
6721
5162
5885
2409
1680
5449
7637
5207
5802
3749
7364
2129
6669
6201
8274
2108
4143
9153
4465
6831
6959
7279
4579
1633
3248
3283
2696
9016
8517
2294
4865
2681
9956
1770
7443
4992
9600
9854
1931
5319
2928
9491
7009
9817
6388
1775
5323
7383
5542
3281
5978
7964
9348
6682
4772
6368
5596
2021
5375
3060
1301
1580
4384
8367
5826
1840
6218
8137
1020
3879
2970
2681
1337
5330
4806
8906
8909
9461
6249
1402
2057
5113
5710
9250
3104
4308
8118
9195
7777
2539
2915
5719
3144
4415
8080
1248
2668
2353
5925
3733
9998
4874
6173
9845
1872
3263
7052
6140
1611
3629
9714
6741
6043
9877
7371
5393
6760
2172
1779
6143
2158
9285
1194
1727
5624
3818
3847
7331
3533
1246
4667
1001
9395
5003
1729
6688
7803
2437
2116
6713
6527
4487
9699
2087
1015
3423
1667
1915
1941
2214
3440
8958
9383
3234
6847
9885
3994
5715
8795
7998
8293
4256
1953
2774
6514
7276
1417
9037
5304
8882
1469
9795
5018
9354
1215
9350
1958
2306
9341
3228
2657
5597
4389
6135
2732
9514
6790
5352
9063
2985
9126
4647
3181
3535
5180
2861
5727
4073
2282
4220
7322
4210
6930
3508
5186
8871
9260
4715
6845
5702
2916
5344
1234
2865
6311
1365
7373
6295
4735
5233
6513
9995
5183
9976
1736
2234
6481
9068
9578
4567
5552
1063
6431
4206
2419
7959
1456
4522
3522
6760
8061
1430
5524
3798
6241
3723
1161
4018
2893
2416
1734
4309
6699
1868
8249
1964
2275
5554
4612
3925
8298
6312
3972
1032
3122
3543
6171
1960
1379
2560
7003
6165
9995
1688
4868
1986
4623
6702
6533
2443
5859
4773
2477
2103
2768
1453
3777
9658
9520
6381
6951
1724
4743
1865
9247
3441
4934
8593
8532
3258
7343
9700
9402
9107
1678
1764
1682
2916
2041
4103
5154
2006
5034
2634
4734
4912
7243
7257
5792
4136
5573
2488
9488
2529
3117
7340
1065
1885
3677
6155
3164
1356
3194
7330
9637
1064
2999
7207
9687
5634
7491
7718
7159
1251
5754
5279
3524
5399
3377
5223
6280
5533
4519
6850
3784
5482
2176
4217
8159
1354
6513
4723
2134
5844
6268
6301
3171
3707
1186
1995
2821
2570
8455
7586
2526
1836
1341
6579
9149
5542
8548
9429
2341
7395
8505
2415
5540
3229
4278
3148
3841
1898
2275
6894
9957
7844
2229
9922
7287
5849
4505
5442
2395
9043
4382
6145
4544
3717
1600
3944
4008
4029
7451
1570
3893
8087
5560
5332
6470
6650
9300
7819
2376
8895
4110
4651
6015
2659
8579
2797
4921
5347
2375
7383
7991
7313
7518
5823
7752
8341
7579
4682
1694
2512
7157
9395
1833
7207
6430
7773
6897
7737
8731
6801
8512
4908
5847
2195
7858
2109
9925
9717
6944
6406
2639
8029
8020
6570
3794
5721
2265
9588
2942
4912
7216
3176
3476
3688
3775
9828
9936
3620
1757
4426
5809
4996
6146
9425
7855
9074
4066
5282
5840
6272
4552
4097
4518
9696
5062
9243
3984
8568
5976
1567
9752
9711
1070
4492
1335
7524
8991
8642
5808
9956
5268
9811
6448
3700
3759
9188
1874
4775
3343
8411
6923
3010
6496
2604
3207
7185
9912
5129
4125
9806
5771
5510
8599
3556
5236
8208
4758
2330
9399
4771
5241
3777
4806
6389
2417
9480
3003
2621
6048
3394
5035
6618
5331
6852
6062
4040
9517
7775
7208
1075
3626
1979
3797
7046
9553
1081
6181
2416
2620
2093
6888
2100
8182
1036
2535
8955
1727
4128
3700
6776
3562
7949
8101
1410
4858
4798
4156
1197
4805
7629
3738
7291
3373
8839
5329
5930
8888
3476
3248
1551
1067
9092
8070
6509
4396
7131
5375
8928
9829
5823
9814
4921
4273
5454
4023
1873
4364
6099
7772
3388
1256
3957
7753
1081
1207
6746
4751
9106
5671
9665
1390
4236
8309
3732
4547
3741
6389
8670
8971
7767
8216
6392
6066
8478
4233
7118
8486
2384
9134
7879
8558
5420
8884
9522
7680
1222
2810
2289
6089
7478
4212
3245
7529
9507
3011
7914
9791
4717
6519
6734
6772
5125
6084
3878
9266
1844
9520
3587
9086
5072
5543
5296
4246
5591
9926
9378
6774
8020
3451
7213
6433
5423
6518
9021
6780
6939
9000
3678
1806
9243
3098
6705
1538
4749
3918
6139
8712
2087
6608
2458
3568
6540
6520
2221
1756
8659
1533
2382
2350
4347
1987
1074
7450
2567
3282
2617
9072
5528
7736
1059
1781
2419
5326
2693
9784
5652
4221
6293
3823
3148
4835
2220
7137
1787
2931
1908
6740
4650
4376
6519
5505
5586
6105
9853
8272
2821
5974
8310
1798
3608
2272
5391
7281
3048
8153
4573
4175
8988
5391
9951
9687
8085
1292
6197
6162
1449
3438
1361
8447
8566
1521
3734
4255
9246
6000
2434
1740
6400
9679
6357
4011
5798
6248
3630
4361
6626
1658
4675
3827
4368
4871
6362
2215
3389
2744
1848
