9323
1021
2570
1275
2173
2452
5343
2066
5665
4152
8274
7905
4324
8411
6199
5038
9541
5504
6481
1371
2404
1829
8015
4626
9084
7935
7110
9562
1277
1836
4230
9174
3387
8326
6382
6336
2035
2098
4046
8992
5958
7238
2063
5357
1868
7222
1296
4278
6157
5319
8551
8563
9396
2535
9633
9631
1029
2251
1761
1380
3142
5858
3710
5776
9830
7164
3082
1510
6974
5808
4677
1648
7626
3329
2031
3312
6109
2833
3297
8871
3893
3757
4005
5340
5465
6977
8073
2798
6367
4210
4135
9667
3769
6423
9801
8086
7533
1386
4147
1519
2254
1986
1286
2797
2882
3042
4532
1818
7872
7330
2604
6804
6112
1268
4906
4866
9848
4491
6013
1035
2979
2986
2418
1213
2071
4306
1852
4619
1550
5969
7556
4119
9938
1749
6559
8711
7731
3042
7859
1140
4762
6249
6075
7607
6850
9758
8143
4752
4009
4581
4931
3824
5997
9887
2829
4822
9506
3233
9963
4913
1060
5509
6131
2494
6519
1356
1469
1634
3038
4970
4908
1631
1624
4190
9207
1325
1906
5538
3365
5846
2421
7381
4205
3498
2075
4498
4170
8207
3580
1685
6507
9188
4713
1869
6131
3678
8101
2786
6787
7230
1114
4426
2793
8779
3080
2792
7334
1605
6179
8498
3376
1339
5857
2611
6215
8496
5796
9060
8630
1648
6668
5607
2926
6070
7675
8243
3214
2099
5728
4888
2923
2958
4405
2788
6569
4253
1393
2792
6779
4131
1891
8219
6346
2603
5813
9061
1755
9538
3866
4821
2124
4206
2514
2682
3478
5000
5016
7388
6451
1279
2587
9300
1876
2779
8897
7176
5438
9429
5858
7921
1121
7453
8377
3638
2326
6212
9674
1976
2866
6109
1473
6908
4888
8865
2335
8421
8698
1737
2767
5328
4386
3115
7118
8135
1563
8223
1247
8937
6605
7725
8357
6025
4333
4662
3361
4153
9632
2299
1047
5860
3976
6503
7715
2165
7417
6082
8485
2747
7190
4419
6190
3209
8139
7173
9446
7915
6376
5301
2047
2074
3617
2970
2694
1593
1666
1485
2719
5796
2068
2433
1937
1402
8244
6860
1994
1408
9104
4354
6537
4327
1618
5776
5782
4799
5345
9081
3831
6470
7787
5679
3932
9646
6567
4723
3018
7927
1319
8432
6055
1578
5635
5497
5230
5339
5700
1339
9526
2946
6071
3507
6689
1943
8285
4315
4407
3773
6224
1254
9687
8431
4418
4152
6540
3656
2792
7613
9606
1370
7854
3587
2590
6997
2429
2602
3989
6539
2728
6393
1380
8588
6441
5868
6383
4245
3734
3366
3626
9654
8795
6142
6033
5199
4677
4496
8545
9058
7251
2243
5859
5921
4313
1449
7981
4583
1845
5100
4845
4387
1749
8665
8750
1758
6858
3811
8147
1353
7341
2122
3027
2694
2366
7801
1710
4676
9454
1248
5703
6668
5703
7483
1587
4762
3434
3158
8210
3500
7993
9581
3973
7505
5996
7673
3565
6231
3556
3575
7310
8429
3071
3506
4052
7426
9222
8357
7750
6381
8308
4555
1463
4939
6640
9009
6710
5638
5928
6147
6863
2827
4680
9918
2526
9394
3806
9629
4568
8608
1750
3625
6421
2813
9873
5293
2725
2243
6642
7511
4388
4993
8684
2610
6136
2360
7244
1440
6994
9527
6392
6944
1234
1272
5203
3480
7877
4395
6495
2728
1702
2387
8880
3943
4077
6539
9171
5935
5771
2019
4931
3704
3700
5553
4068
9171
1161
6356
5361
6366
3872
7975
3677
3405
7318
7968
6356
8446
7145
2394
9051
1225
8574
6178
4152
4376
2103
8429
4409
8862
8036
7542
5575
7274
2147
8172
5746
1830
5598
6395
1807
6962
9735
9085
3193
1004
5897
9482
4887
4334
3014
5789
1310
3764
2814
7205
7294
4761
5704
4967
3271
2205
3515
1369
4169
1040
4041
8209
4426
8430
6174
7776
7241
1430
5826
6899
2859
3960
3357
3677
6067
3195
1163
2917
4447
7670
9764
9851
5563
5765
2738
5916
8480
4607
1689
2894
4744
7599
4153
8355
9331
6272
9688
7039
6662
5197
1826
6586
7694
2803
2937
3114
5869
4892
9537
2464
6720
9617
4216
3955
5744
7221
6283
8459
1128
5609
4677
7198
9179
7904
5439
6233
2863
4245
2085
3321
5817
9206
1783
7369
4533
6308
4145
4540
1153
7068
3071
5365
9274
4878
8502
2459
6479
1880
5893
2717
1509
8560
4437
9987
6481
8926
6024
5424
9607
1283
5387
5099
3502
7042
1312
5875
7046
5079
2489
1690
7359
1731
1178
9081
8518
2086
7836
5066
4812
7346
4434
9524
7843
6859
9678
5741
4514
3530
5268
3078
8885
2953
9158
9704
3845
8515
5787
3183
8062
5088
9703
9017
4746
9137
6545
2954
3436
2609
5852
6309
3873
5683
8012
1340
1718
5172
1508
1296
7647
4741
3041
2587
9030
7447
2881
5074
2470
6782
7652
1187
2682
7771
2804
3555
1189
3378
1298
2012
2850
5944
5127
5063
2823
5464
1506
7428
1805
4433
9385
5835
2529
5681
5602
8272
4654
5278
3189
3950
6518
9329
5962
7156
4323
7865
5639
5375
1586
2830
8418
4037
2905
2744
9011
9647
9687
9049
7435
8945
2029
6555
6071
2058
9891
3387
4532
6748
9913
7175
2311
3463
4480
5054
7126
7731
8149
7244
7200
5593
1890
8232
5659
6688
5407
1405
8095
8831
6388
4565
4367
7910
6145
4218
8299
8042
6554
2274
6841
5075
5022
7405
3263
6499
2771
4350
5752
9946
5423
9077
1069
5322
1056
7434
8728
4690
6405
9815
4379
2776
1481
9493
9604
5412
5056
8065
1150
5387
9581
7970
4164
4102
8605
2809
5749
5627
5112
9342
7887
2296
3256
4092
8278
4270
6838
6108
4308
1253
2331
7881
7055
2681
6087
6934
9918
9698
2813
1316
2341
9937
5930
2490
3517
2913
5899
5798
3230
5081
7979
8920
5212
8273
2808
9033
4170
1366
1022
8166
8115
5950
6179
3109
7949
6597
3437
1909
8388
3749
7833
8754
2540
4510
6155
2926
4597
6328
3747
5541
1761
4705
3321
3241
2340
1981
7097
9285
1457
4224
1315
9002
3705
6339
7474
2084
1607
1793
6969
6084
3875
5924
5433
4805
9910
4676
1874
2311
7678
8365
6296
7326
8899
6305
9775
7903
5403
1306
9477
3016
2995
6184
9961
4467
8676
4678
3192
2895
3133
5054
2781
9557
1629
1733
7575
2115
6208
5204
6773
7523
2466
4640
9200
4430
5129
3338
6342
2591
3177
7504
7547
3787
6415
5021
6819
4112
6510
6777
6403
6905
2098
6105
6690
8948
4251
8749
1084
2265
6472
5144
7099
5074
5184
6024
9584
2390
9534
2837
3884
5291
8461
2310
2883
5518
2984
1869
4049
8855
5786
2342
1573
3437
9414
4166
4868
5784
5492
8142
4127
1122
6401
5545
8932
1324
2893
1528
6363
8120
5367
2505
2012
9431
1428
1173
7079
5167
7469
5139
5877
2029
4700
7862
4397
5771
5223
3925
1870
5293
4338
2455
1205
1750
4647
1199
6201
4019
8623
2510
2496
3049
9055
4333
6348
2696
1586
4627
5562
4808
1038
9120
6837
5808
4296
5863
6453
2911
3662
1904
7572
5372
5338
3530
4125
9562
6622
9946
3933
3213
8101
2913
1810
9286
4866
2096
1052
6103
1604
5058
6666
3785
2779
3318
4819
4024
1517
7569
8504
9280
4263
3181
9601
4624
6008
5091
4582
8168
5426
2116
1956
9925
6983
2878
1262
5068
7489
8210
3632
8537
5062
1684
1798
4030
6143
5728
9912
6577
2076
5676
6697
5669
6195
3122
4693
8061
5399
3635
6554
7083
9370
7191
6597
3941
6100
8117
4491
3867
5861
6295
8178
4468
3610
3857
3130
3875
7453
9464
6982
2189
9199
5709
2248
6069
5857
8410
7846
7511
8149
5432
1864
9592
3313
6984
5826
7845
9376
4241
6131
9798
3351
5361
5227
3476
5590
4713
7626
5865
7276
5237
1463
2064
7042
1289
2585
2396
2828
3477
3698
8617
3568
7101
1378
2109
5270
2401
6208
1735
9491
4868
9531
8918
2514
5848
6229
9741
7563
4793
1942
8312
4187
3290
2611
8333
3205
2847
7348
4145
9215
5416
3785
2489
9635
8692
8356
9558
4309
2170
1809
6337
1046
3565
3884
3447
1565
9285
5771
4348
3554
2564
1636
3582
2756
7049
4451
6622
3137
6385
1885
4436
6812
4281
5546
6271
2258
1512
3133
5595
7634
4994
4691
3144
9214
8238
6313
6825
2830
4448
6600
3174
4706
8478
5011
7304
1843
5379
8399
9993
6183
6307
6530
2153
6194
6591
4529
5793
9212
5221
8517
7188
2377
3538
2857
1843
4872
4932
6282
9928
7744
3526
3991
7316
4393
2377
9964
2147
8976
4013
3994
2830
4903
5443
3694
1057
3980
2509
6995
7541
8201
1574
2778
5967
8226
5529
6477
1419
8672
5298
8397
7609
2568
8214
9057
9555
2308
2437
6851
2452
2570
2286
6830
5171
8551
4988
2683
6514
4524
6063
9156
3511
1680
5172
7272
7388
1144
8870
4316
8279
8083
7146
5928
2202
2647
6673
8567
5396
1224
2190
3165
1460
1014
1944
5453
3332
2732
3667
1211
6838
9728
9210
7355
1900
4065
5379
5893
7746
6758
1325
6206
7205
1610
3026
7725
4270
8308
2145
8063
7806
5118
8365
1760
8915
3557
8099
6194
5692
5456
3286
1856
2995
7721
2831
3489
1320
1759
8632
1409
9991
4168
1357
4736
2153
5281
8948
8318
2502
5885
3336
7045
8434
4490
1902
1054
3712
6944
1239
4705
4876
6427
5347
2668
6261
7269
6407
6226
3542
4582
7065
7251
4240
3702
1834
4586
9698
8820
2991
3162
8373
3906
1468
3538
7455
4432
5257
7336
5070
2113
8071
2546
8842
7192
2830
2708
9923
7578
1788
4272
4102
2453
4097
9430
4138
9153
4907
6080
9181
3313
2409
4918
2385
5558
6042
1742
8141
8436
1810
6253
2964
3531
2014
9941
6103
9986
4904
3922
2771
3771
4225
6270
1102
6789
1894
9529
1683
5125
5976
8717
3153
7254
5913
1594
9607
3469
1655
2906
4018
7859
7626
6667
2905
9412
6631
9880
9162
9023
2952
4711
8463
1502
1340
1272
8601
4096
8365
2110
3474
2408
2340
5749
8817
4626
4700
7265
6240
7439
7034
1949
1069
3484
8570
1210
3970
1864
3680
3159
9942
6521
3615
9514
7766
5836
2097
5056
5211
3771
9577
4030
3428
5590
2139
9369
4749
3876
4625
6358
3413
9362
1582
5427
9977
7757
5859
5513
8939
3950
2378
8161
6508
8539
3950
4741
9730
9124
2671
5139
5587
9176
7883
9726
4737
7090
4267
8799
9154
1243
2358
1475
4694
2643
4426
6789
5023
5689
2616
1491
8737
2556
8224
7237
1259
9379
1684
7137
4553
1096
7111
8102
3865
8912
7210
3374
4939
3996
9831
4601
2635
1000
5146
3596
6054
7505
2521
7132
9072
2080
9972
5346
1464
6911
1223
8048
9293
5799
8131
5651
1446
6903
9534
7294
1476
7557
9994
6577
5581
5728
2042
3070
8003
5236
3342
9505
3563
3541
8135
2612
2928
5478
4461
8460
7716
6034
9134
3328
7679
4547
2229
4498
4055
3408
5103
1726
4631
6095
3839
9898
7399
4797
3268
5321
8980
3891
9722
1251
8339
7531
6747
4334
4287
2024
5903
8424
4541
9484
4780
6042
7082
1335
7667
6904
4228
7743
3447
6105
3797
6539
6780
3610
6618
7166
6593
3919
5908
1138
9068
1935
5304
2786
3267
6382
8493
3946
2606
5369
2251
2178
5071
3804
4444
4862
5588
1717
8923
8609
4380
6711
9082
9396
3397
9315
9187
9419
8456
1640
2141
6290
5647
3430
6061
2344
6054
1224
9222
2250
4808
3574
8346
3035
6831
8539
4581
7633
3842
7582
7298
4886
1490
2599
4185
1469
3394
2066
4111
6020
9314
3149
3664
2928
3238
7653
6738
3442
5741
6638
8105
8983
8752
5177
3669
4603
8763
7466
2424
6993
3495
3587
1879
2153
2082
5564
3473
4053
4212
2609
8716
1200
7560
2099
8758
3217
2567
5840
4334
5971
6998
3309
2759
4923
1254
4743
4402
4618
3125
8594
5990
7973
4702
4674
5921
4813
9600
9861
6263
1414
4548
8519
5948
1755
7415
8511
9319
5474
8727
3102
9102
3483
4183
5589
3373
8300
6399
3163
5597
4576
7948
8385
2842
5338
7512
8193
2112
9657
7872
9351
6260
2380
5426
5323
5018
2873
2478
1271
5837
3117
9760
8752
6317
8560
3943
3847
8514
2388
8081
3390
1250
7274
6961
9076
4806
1090
6185
9865
6396
5832
1737
1895
5187
3144
3010
4316
9220
2552
2504
3555
3764
7623
4859
5436
7506
8119
5643
7575
2103
2872
2651
1428
5836
5753
3578
1218
4240
4954
9144
6162
3592
2955
8501
5103
1593
5539
3889
5008
5625
8179
5916
2559
3145
8556
8387
3877
9446
7252
3283
4892
7439
9896
1063
4988
2786
3272
7178
2894
8768
3683
8816
1929
5529
3360
1094
1495
6930
8992
2712
4195
3232
8579
7299
2076
2683
4566
1903
6776
7828
2066
9042
9390
6878
3216
7001
1962
3035
8647
2813
2033
3884
5728
2503
3868
4709
3187
9822
2930
3306
9005
5813
6273
2288
2934
2141
6121
6273
9300
7621
5315
9184
5892
2891
8783
1756
3273
8666
5902
6652
4442
3175
9193
7172
9076
9280
4372
3916
4661
4595
8572
3770
6000
3792
7484
2681
9438
9141
1113
3928
8898
2243
5642
3656
5910
4154
3145
2189
2167
5763
2076
2672
7214
1830
9597
8663
1110
5208
6171
6255
1211
4328
4483
8142
5204
4285
7390
6274
3377
3189
3609
2692
6308
2309
7202
9766
9449
1277
1302
2464
2794
3306
5326
6718
4846
3568
3834
8593
4631
1339
3358
6930
5236
6403
3377
5221
4567
4063
6359
7261
2921
7917
2824
4752
1511
8126
1423
7267
7840
6598
7483
3204
1153
1501
7432
8857
1396
3013
2923
6145
4467
1496
8528
1599
7176
5283
5351
6164
7898
2044
2764
9413
3859
5578
1043
3924
8416
9065
1396
8942
5671
6105
5452
3969
9188
1525
1342
2879
1634
4168
8269
3911
7605
3750
9491
5170
2823
8759
4122
5072
5471
3855
5543
1025
1905
6465
6904
9719
1201
1097
7663
2122
1886
8640
3283
9398
4825
1188
9509
9154
6800
1925
4964
5965
4194
3747
1814
5201
7215
2395
5764
5443
1612
2143
4841
6994
6308
6982
3751
8272
7728
9170
2950
2164
8256
8043
1373
1176
2819
6446
2279
4683
8784
1053
2371
5637
4819
8801
1642
6867
8749
4688
6120
3803
9838
6685
2843
5979
4986
1591
2473
5064
9239
4569
6568
9221
6755
8563
8771
1648
4700
5456
5505
9139
8073
9672
5183
8298
1147
1413
8633
9262
3187
5374
2191
8090
6170
4890
9063
2517
7276
5312
1986
2698
3502
7566
8082
4381
8359
7782
9456
2208
3846
2913
5923
4864
7648
7677
7268
2821
9113
9199
8707
3524
8943
6741
3197
8780
6456
3239
6139
1758
2778
7526
9836
1707
9764
5990
8997
9614
9497
5807
1547
3505
4831
7697
9107
8725
3518
2578
3633
3451
6191
9218
4548
7189
8630
3030
9298
2682
9786
5679
7995
8492
6389
2345
6790
1607
8979
5024
6351
7985
7483
7946
1015
3093
1957
9709
4723
1209
4825
7523
4874
7400
7597
5774
8657
6354
9189
1416
4635
3020
2504
3469
5509
8900
2742
2142
6402
2152
8615
5397
4829
2205
9399
8646
3347
2205
2735
3780
1334
5914
7876
3407
1778
6667
1785
6356
1066
2224
1112
1234
2242
1021
8947
6969
3577
2832
7091
3067
5341
5411
3519
7864
1497
6442
7715
5482
6924
7852
6580
2447
5622
7904
9663
6927
4962
2925
6791
4594
7536
7514
3679
4354
1116
6097
3892
7602
7215
4025
8288
7202
6752
4905
9394
8526
1771
7864
5015
2390
2180
3385
1730
6969
8898
6114
2343
4367
3290
5876
2915
6726
7435
8262
8152
2445
8470
5644
6882
3781
2209
3883
9712
2814
3707
3367
4793
4741
1895
5131
1336
2185
8593
3077
9889
5333
7365
8560
5561
3975
4272
3130
9292
4729
2833
4836
8544
6792
6724
3721
9666
3549
8145
1710
2365
6003
5092
8191
2161
4689
5759
8464
1365
3694
2890
8085
6252
4723
9272
5385
6565
6303
6915
2835
7267
9371
5765
2815
4014
5525
5781
1642
3802
4158
1594
6076
9994
5450
9151
5979
3052
4431
3123
5680
9541
4726
5927
4294
2886
6453
1086
8665
2328
8578
8713
6234
4635
1157
5940
6028
4665
7015
7660
9838
7212
2184
1414
8818
1110
3338
5543
4111
8852
2989
4579
9088
3371
2434
1948
2768
9256
3604
5526
6134
3896
9392
6299
3213
3498
1350
4018
3231
3362
4325
2204
7824
7446
4718
4222
9645
1609
1495
6199
1569
3588
6586
5047
5233
3020
5473
3918
5350
9732
9679
4740
3519
3055
9840
4600
6986
5574
7296
4619
2425
9072
3960
6228
8565
4656
6082
5617
5791
5584
7501
4646
6085
4270
4039
7352
6662
2671
3208
6513
4247
2673
5963
6724
6415
6704
8370
8818
9896
6288
7057
3376
9089
8215
9715
4783
6899
4046
4614
9190
3703
5640
5020
4152
7624
9111
1252
2904
6502
2905
8022
2019
7922
4297
7664
8716
3840
3435
8658
2904
5766
1228
4794
3051
4400
3418
3989
9564
5830
3851
9730
4875
3085
9689
1808
2254
1439
5608
7427
1517
5184
8376
1005
3643
5817
4334
6772
9444
3858
5759
1962
9443
3884
3721
9114
8076
7849
8869
7273
1164
2384
9546
9980
6539
7597
6018
7315
3045
9541
5628
4051
5437
6048
6867
7238
5469
4258
3762
5033
4986
4178
5964
1915
5832
3203
1895
4211
4304
4949
1075
4025
5590
2422
4882
2445
9489
1769
7099
1951
3404
6851
8458
3280
3375
6340
3287
6131
5930
5252
7774
1612
2390
3056
4458
4824
8779
8088
9232
5197
5493
6530
3404
5743
6240
1972
2253
6137
2060
1056
6428
6110
2331
8469
5915
5158
4172
1043
1521
8704
6590
5199
9973
9731
7238
2285
9961
7921
3391
7344
2387
3378
1242
7220
6664
7770
4077
8657
1307
3814
1994
5162
4545
9898
8911
5509
7386
6731
9329
5149
9855
4786
2303
6457
5288
4664
9358
8218
3255
1589
4382
2653
8627
1172
1988
8286
3421
2154
4146
2253
4292
3245
9075
5972
5058
7073
2675
6470
2303
9848
6860
7714
4092
8547
7648
3456
7722
4978
3560
3650
4310
3597
3410
2642
2894
6670
7050
1731
9332
3951
4164
2738
3912
9914
9802
1904
5642
8721
6864
8691
6389
2132
2655
9586
3539
7464
8159
3758
9075
1904
3324
1132
5128
4178
3895
2260
1287
6646
4236
8785
8314
7965
7944
2938
3729
9142
7179
2003
1966
4741
9895
1276
2859
7115
3054
2656
5920
8737
2196
9791
5781
5278
7477
8081
5936
2897
3802
7612
1879
9956
1480
9136
4167
5447
6655
9809
1666
2654
2761
4949
2698
4979
8030
5526
7114
8418
9124
4610
2118
1673
6005
2505
4307
7664
3840
8023
7812
2742
8534
1300
2104
9534
5875
8870
8795
2043
7033
3193
1811
4938
7565
5100
2295
5014
7971
5672
6233
3151
7664
5667
1673
1559
6711
1560
2989
2507
8444
2374
3204
2171
3813
6526
8826
3277
2701
3238
3296
6022
5884
4469
5034
3949
3315
5831
4752
4916
7575
7991
5001
9330
6207
1539
9038
3122
8627
4350
2936
6661
2709
8932
7745
1422
7442
5207
5022
4399
1880
5226
3154
7722
4202
4906
9776
7811
4623
6681
3100
4788
7966
8756
6520
5758
6870
5244
4869
3828
7586
1707
2260
5178
1870
1148
6831
7929
3796
2735
6750
7123
8504
7623
2053
7502
4714
5564
8840
6023
1501
2980
7322
6011
4355
9922
5488
5018
8255
4410
9175
3319
3186
1891
4705
2054
9888
3457
3730
2318
7097
8888
8125
5806
1629
9056
5382
3071
2322
7802
4733
3895
5116
4128
1682
4834
6223
6796
3636
2161
4415
8287
3610
2253
1720
2705
1196
3455
1040
8984
8886
4517
4325
8699
2196
6050
6468
2833
2185
9554
9126
7257
3531
6596
5397
6278
8432
9251
5086
6035
2467
5708
7446
5072
8022
8981
8289
9206
4388
6457
8649
7385
3130
9297
3037
2236
2267
5293
6693
8555
1150
3677
8804
9441
6552
4500
7931
2844
1651
5513
1019
1921
4322
1458
6986
3549
2480
7656
2623
6121
1829
3307
6783
7882
5282
6642
7663
2992
8408
5043
3038
8160
9541
6293
8892
4796
2982
5868
8389
4025
8051
2469
1428
8644
5167
5805
2291
8834
6542
4138
9594
3935
3321
5191
9330
4391
2190
5596
9332
4286
4176
3122
2201
2248
4746
5727
6882
9907
1735
5076
3472
4066
5227
5265
8109
5628
3156
1602
9024
3461
1397
1048
4091
8914
1710
3597
2787
6767
5972
4141
9418
1212
2116
2316
9912
8273
2158
7720
2415
3429
7270
5055
8107
6701
2606
3321
1040
9318
1729
5192
4205
1136
2837
3844
3209
8540
3933
1802
9689
8733
5350
6212
8467
8366
7372
1818
4625
4303
3804
4838
5809
6273
3742
5632
4370
6542
1547
7219
2282
4376
8175
1067
4456
4032
9471
6321
7346
6191
7765
2436
3444
4425
6531
3358
4415
9652
4176
5143
1303
9501
3738
2015
5925
4621
5435
7605
1990
1742
8841
5936
7619
3226
1359
6737
1854
4269
6734
2156
2709
4004
2244
3112
5359
8588
6410
1010
6048
5455
5510
3039
5257
6783
5445
2862
2887
1803
4944
6995
7153
9713
2479
1526
2657
2426
2688
6103
7107
3336
1272
5296
4428
1225
1161
7219
3620
1162
7688
6103
5929
2949
4476
4632
4962
9366
3861
5018
6386
4941
8816
4505
2747
6699
9256
2406
1372
7980
3981
7034
5635
8473
1526
7812
4152
8784
4737
1014
7771
4518
3744
4508
5087
1432
4784
4380
5733
1136
5890
2068
2966
4361
1776
6620
5940
7669
8877
9936
5470
7232
8346
8353
5227
3129
7116
2772
7628
2686
3922
4059
2564
2720
5909
2838
3132
2358
9148
3571
1686
5388
1382
2562
6615
6527
2110
6662
3690
1526
7885
1772
4155
7465
6874
2570
2961
7310
3134
4504
3565
1392
5572
3184
3392
6675
7612
9827
5681
7796
9672
3572
8858
1033
5018
3960
2140
6688
3192
7379
2717
7951
4389
4252
5290
1582
4647
5507
1968
1066
8566
2868
9813
7132
3107
6126
5536
7464
2336
9041
6003
5683
5568
9356
5100
6692
7664
9944
5589
4622
8624
5344
4070
3564
9952
5071
4957
6893
3457
8831
2709
6764
3179
5385
9025
1370
5579
3117
4438
6614
5082
1480
1075
7648
4505
1197
8665
1722
4921
5953
8187
1841
6033
3112
4352
1905
2623
8642
1999
1258
3884
6113
6784
2468
3896
8131
6200
3507
4041
7190
7102
8799
6369
2846
6493
3427
9537
6026
7554
9361
8814
7626
2335
6019
8443
2476
3549
4176
2669
4411
5159
1194
2138
4341
6728
8397
6429
3280
1004
3026
4032
6295
7071
7176
3787
9543
1085
1159
5917
2026
7697
6193
5240
3823
6959
5553
3351
3829
6869
1688
3410
6547
3763
5947
2898
5671
4062
7506
9510
7624
9994
6470
6129
1841
4312
3974
1187
9776
7317
3502
3746
6328
3884
9699
5145
3596
2604
3337
6330
8916
7663
7520
4537
3980
6405
2032
7686
2833
1053
2568
9942
3793
2342
3200
6560
8803
5097
2533
2519
1263
7748
4172
4368
3208
2606
1400
9214
5413
1768
9611
9436
2294
6642
5796
5272
2699
3146
6875
1761
6734
2631
9685
4484
5645
5916
2011
1664
4169
2858
4553
3323
9198
3521
8226
2374
7028
4981
7305
2346
2884
7628
1185
1261
1702
4359
6230
5492
3870
9256
8281
5883
8827
6974
8549
1091
6496
1710
4803
6106
4014
1241
7426
1742
4672
7224
8412
9999
5636
8088
4575
9842
2265
8626
7943
8162
5428
6012
7473
6930
3973
2419
1474
3796
5547
5961
3124
8243
8892
5936
5616
1185
2290
3300
4608
3620
3178
6140
8293
5869
3673
1570
5406
2971
1156
1409
6952
1596
5456
8997
6315
1841
1314
7818
1850
7782
9193
4391
3867
9281
4864
3077
9353
4721
7298
8885
1920
7413
5750
2743
4089
4710
8633
5848
1554
8397
7140
8687
7121
5976
1699
7909
1985
1575
8992
9753
6527
3718
1671
2036
5121
2900
6669
7404
5397
4192
6408
7613
1797
4010
2880
4007
4066
4105
5305
1737
7388
6103
3380
1156
8289
9870
2248
2072
6264
9070
1315
8982
2629
9884
7993
1703
2374
5079
5847
7647
7264
5724
1256
5735
6498
6828
5712
2981
1043
6454
4423
7638
1993
6081
1359
1899
5831
3796
9473
7152
7477
6589
7358
5229
3232
8776
2868
8530
2766
7550
8576
6211
3846
8537
4895
5582
1882
1613
8871
6371
1689
2311
6999
8961
8438
4165
2642
1591
6887
5995
6928
4943
6230
9226
6971
5095
1401
8490
5152
6065
6365
1947
5026
7217
8389
9953
6853
8423
1050
6246
9456
9425
3780
6412
2883
4186
5992
4763
3764
3760
7389
1361
8966
2394
7264
9665
8691
5637
1547
8921
8963
4069
3882
7138
3480
8653
3465
1635
6102
5764
3733
2580
7091
4183
1139
5853
1186
8434
2502
5780
7451
4915
3590
3413
5807
1750
6319
3708
6084
1044
5870
9244
5229
9058
4922
1217
9530
3736
7457
5531
9955
4914
4384
3170
5234
5192
7452
6121
1602
4391
6327
5793
5482
3479
7081
4265
1231
3325
8842
1226
5845
2282
4387
4664
2198
7127
3106
4959
2992
3845
3167
1640
4516
2863
5990
2392
4688
4367
8753
9941
5120
3196
1229
4493
5636
4440
7420
3456
4791
4068
8641
4052
3458
7964
3128
7515
6236
5362
8675
7423
2568
2906
8221
5585
1847
7539
5949
3461
6621
7575
1179
8260
6502
6337
2583
6264
7601
4434
9502
1922
8439
1161
5395
8243
3569
5984
2592
3175
1369
4230
6993
5856
5450
4984
1620
4621
3744
2137
7849
7204
7072
3691
5438
1352
8605
1512
3515
7941
2321
5997
5999
9588
4594
4788
8692
3752
5937
1279
2643
1096
8251
1726
1652
2395
7974
1095
4277
8570
2788
6675
5646
3928
9532
5281
8413
1993
5681
6047
8487
6610
9239
6646
2865
2198
7810
9813
2254
8494
5328
2235
4954
6321
4344
2297
4498
7093
9219
5415
4213
6594
5437
6642
6128
2836
1855
1559
5547
9351
8591
7787
6012
3868
1032
1435
8064
2714
1095
4961
3844
8330
7852
8360
4579
5326
9475
8551
7430
1330
7315
2074
3156
2796
3568
3180
1348
4909
7412
2831
6398
3266
2051
1052
8509
1189
4699
6276
4584
6445
6069
9141
6301
9358
9016
8261
4181
5317
1326
7394
1281
4898
4423
4325
5678
4773
7285
9532
9207
1894
1931
9785
5107
1313
5351
6392
4527
7797
5772
1045
3232
6780
5060
6865
6658
3304
8703
1811
1294
3648
6860
5570
2042
3096
8018
6124
3589
5387
3479
3303
4788
1239
8195
7006
6477
1628
6570
7589
3139
9415
5056
9713
8602
1435
8001
1811
5320
7280
9248
6031
8220
7137
8834
8126
2352
3353
1367
5160
6093
5503
8348
5521
2919
5854
2855
4699
3943
4360
1606
5540
5352
6760
4146
8645
9748
7478
7857
3387
5750
3209
7032
7013
7608
9266
5381
7621
3212
6205
8574
1661
4345
3754
8798
9935
2964
1999
2463
1858
1725
3702
9427
8159
1479
3754
1821
2046
5530
1421
4918
6774
1981
5451
1110
9392
1318
4234
1512
3935
9904
8137
1080
5665
5798
4302
8443
4078
5083
4133
7446
9225
3481
4441
1900
2290
4423
7606
4708
6800
7919
6434
6675
1867
6035
2382
3244
5289
7112
1806
8167
4929
6419
6344
5564
8370
5141
3515
3099
3265
3866
7404
4291
6669
4074
7089
6196
1155
9900
6097
6438
6113
4568
8237
8336
5271
3422
9504
9548
5508
4809
3968
2337
3158
7517
4421
5275
9586
1832
5274
9491
1868
7538
3084
1190
8024
8418
