3777
2869
7430
7302
5561
7213
7831
1142
1107
3620
4212
5023
1199
3495
4209
7462
4060
2054
6401
2711
1412
3697
3200
1121
4361
7347
2176
6874
4050
2694
2649
2620
8629
7828
3284
9779
4253
2812
3968
1012
7163
5314
4839
3889
3187
4371
6062
3736
3508
3392
3382
9171
2489
5395
6752
4469
2526
3671
9482
9743
8284
4265
8120
5373
4460
3965
2031
3407
6099
7130
4934
2325
6625
3453
8702
6228
6523
7630
1579
1628
5143
9772
2473
1884
7043
6036
9204
6208
9026
6447
4786
4552
5800
8598
9901
1042
4923
5917
1344
6544
3617
2985
8742
3648
2092
6557
1737
2832
2376
2581
7026
4551
7121
5758
6947
3984
1644
5254
6817
4244
6972
1061
2100
7435
6351
9243
8233
8963
3970
3974
1647
4340
5247
4601
1104
2019
9010
1877
7493
3562
7166
3486
1730
5953
3708
1708
6621
4330
9804
3216
7923
2336
2450
2879
4543
1743
9993
5676
6236
1589
6209
2961
5712
9287
5198
7928
9179
7569
7685
4105
8988
1452
1548
5204
2721
2418
9182
6729
9830
1880
9325
3161
7442
2985
1560
2653
1766
1802
6459
6091
8282
2760
8622
2252
4341
3519
2676
2014
8346
1505
2183
9962
7281
5609
1596
4145
2138
3402
2837
3521
2807
6486
1469
1407
4340
5450
2241
9047
3102
1399
1147
1283
1015
1452
4736
1597
6649
2874
5493
4572
2438
2919
8078
1639
4567
8447
1210
4851
2835
3893
6362
7453
4726
5781
6920
7353
6682
8255
4825
3543
3978
6329
2461
7980
5927
5097
6785
5645
4142
2718
1567
6083
7453
3429
6425
5546
6082
1493
9166
2229
2722
1739
7340
5616
7254
7562
9646
2885
7855
3162
5784
5977
1614
4439
7900
6008
1789
4906
5214
1230
4185
2023
4846
7277
5558
3415
1853
5909
6732
8143
3818
5953
1355
4019
3344
7029
3486
4859
6145
7120
8518
4845
8751
1586
2357
1926
7019
6070
2178
8409
8817
6602
4598
3779
9802
3443
9555
7182
7169
4946
1993
6205
3669
2486
2423
7645
6870
1143
6649
6853
9042
5180
9510
9372
4248
6200
8639
6178
8847
4788
2791
9520
7672
3234
1457
5424
9236
8130
6627
9205
9536
1761
6495
4658
3307
1582
4231
9415
2311
2577
6664
3127
9796
3161
8006
8048
7662
8299
3315
1608
2869
8024
4324
2458
8661
7403
7823
4966
3361
8309
7025
7441
1843
8346
6176
7081
7958
6385
7568
5174
1373
6247
8388
4270
6293
3261
4175
3218
3722
6027
3878
5240
5999
7686
5983
4907
7868
2253
3761
8732
5699
7444
1689
4796
4914
7279
3367
1165
2798
1426
9872
8057
3838
5747
7573
7100
8593
6509
6889
7065
6458
2526
2364
9338
9781
5436
5443
6730
1233
1932
3812
1672
1976
2095
5231
7268
1204
6233
9017
6094
5701
3952
6223
1398
7072
1493
1375
4495
9215
4253
7801
2305
5430
4076
7306
1780
2245
2489
2376
5090
2208
4659
1287
6486
9829
7996
6161
6863
9469
4567
8299
5385
7911
7455
2540
4656
6003
8194
4716
6686
3518
4723
6037
3590
4302
2626
5883
4436
5103
6312
2455
4599
4827
3850
1430
5045
1579
9311
4514
3680
5444
6760
9549
3522
9784
5574
6689
6462
4450
3626
4682
4346
7486
7302
8028
4546
2801
1810
5403
5510
8021
4401
6023
9342
1372
6797
1685
3883
5249
3916
4952
1344
1885
1060
9031
8263
6824
9241
8243
2512
5188
3251
6520
6688
4635
5992
6427
9562
4014
5993
3635
4978
7720
1999
2657
2901
4013
1637
3971
5942
7236
5737
4383
4475
3501
8530
1016
6928
2616
6735
6611
2281
5299
5100
8547
2497
7546
7772
8870
1858
8557
4660
8059
9681
4101
4648
2019
8382
2160
3136
1069
5268
8857
2691
1266
3354
3408
4706
9278
5153
8820
2310
9668
7611
1143
5647
7714
3902
2542
3058
1762
3767
6245
5063
5426
4576
2741
5309
5055
7549
2156
7160
6911
2342
4134
8167
4755
6618
6765
4593
6373
9638
1072
5053
4220
3521
2636
8584
8325
3455
7744
2146
7754
7422
1478
1157
4497
1877
3036
5970
1669
7722
6463
3255
3497
2651
8652
9376
4423
5660
6528
9346
2346
4158
6097
6915
1299
6706
2686
6999
1297
3460
7928
1540
5208
8593
2977
6645
3397
1137
4000
7833
4884
6026
2996
2098
9552
1931
6415
7778
7462
7139
5053
2276
5567
1129
7125
8386
9727
4525
2313
2656
9887
2118
2730
2638
5360
6201
3952
8772
6489
6570
2277
2392
6752
4719
6386
2346
9478
6967
2240
7414
6140
2403
2501
6598
8133
6211
4392
9477
2574
7246
8177
3327
3121
3148
3791
5595
3844
7086
3634
1574
8755
2125
5720
3649
6917
3058
1809
4604
9728
1777
6405
2691
4654
3223
5053
1698
2761
7520
5934
9939
8067
5948
4212
1333
2919
4240
3488
9093
3859
5992
2748
6393
6608
8313
5925
9940
4003
3897
2340
2658
5350
2445
9833
8042
4294
4955
5877
3121
8011
6431
7097
1026
6977
2654
3479
2023
1926
1837
3910
6196
5026
6651
1087
6027
3567
9687
7464
3848
7466
5351
8371
4202
6019
6922
1851
3083
5116
1520
8387
5992
3081
9445
7457
1245
3839
3965
2867
5871
4791
6790
2988
9383
3906
4885
9122
4160
8923
7697
6493
1937
5731
3529
1850
9323
5212
6773
3374
7997
5632
3495
7698
8623
8929
4845
6527
9736
9164
7725
6729
5302
5205
9555
4474
3022
5633
1109
3302
1856
8798
2171
2993
7858
4900
3719
3701
6339
1982
4286
8684
8900
6011
5607
2100
9078
3247
4571
4884
5879
2971
9578
3857
9565
1945
7983
9917
1968
2841
3169
3956
4929
5226
2406
4566
7665
9162
1161
5816
9822
5635
3267
6114
4957
5291
7306
5123
6596
5807
1428
9584
2916
9398
4061
6068
2204
7709
3077
1769
9183
3889
7515
3765
1749
8783
7376
2713
6172
6201
8012
4341
7443
2963
1674
1393
9123
6798
7537
9318
4149
1359
8668
4063
6427
8910
7817
2444
3460
5149
6131
4456
1528
3368
7151
8234
8020
7772
3883
2048
3155
4025
5633
4405
4899
9640
3171
3312
9037
4246
4020
6468
7171
4421
2246
9425
7665
6570
3690
5219
1601
5296
4304
1552
9079
5519
5165
7591
4783
4890
3081
4583
2136
2693
3950
4472
9220
5521
5391
6650
4012
2621
5654
5710
9321
4924
4260
6394
2836
5341
8327
7494
5218
4540
1820
1108
2190
9783
2347
1520
5692
2985
4812
7650
2551
3412
3006
1395
1178
2239
4500
5513
5871
7688
7790
6053
2101
3728
7384
5701
1676
7755
8471
9326
3564
7672
8494
5646
1426
2344
6087
7575
2814
8176
1808
6693
2415
9426
1074
5986
1230
4958
3618
2011
4422
7251
3372
2511
4884
6559
6669
5164
6003
6246
9451
5963
6593
9158
2237
4726
2086
4757
3912
4205
5862
4000
8012
9975
5519
6484
7161
2154
5074
6090
4126
3731
2450
5143
9305
7026
6259
3746
5331
6983
6935
3257
7729
1651
3544
5004
3825
5747
9477
5088
1016
1498
4917
4605
3329
5396
2527
2609
4698
3161
2303
2353
2182
5743
5755
2969
1186
6428
6533
1497
9767
1762
8111
9887
6238
2042
5100
4661
3144
3550
4510
8943
1963
6673
6366
6327
1393
8292
6309
9510
3867
9487
5517
3694
5650
3435
3677
3646
2035
4996
3453
2363
2055
5439
1981
8312
2572
3054
8096
7114
6455
4509
5402
7612
3883
8522
5285
3152
1420
7237
7390
5271
3632
4085
3147
5051
9429
4177
5068
9363
1393
5209
5371
3183
9104
3364
7001
9782
2252
7738
9221
3453
3453
9521
7811
4645
3603
1521
4306
2544
5027
6481
5042
4125
5185
6454
8756
4529
8696
2094
5982
3433
7822
2407
3263
1731
6045
8815
9978
6020
6475
1825
8610
7509
1496
3203
8038
2610
4109
2132
2731
5959
1585
4292
6780
8199
3344
5138
4474
9839
1966
3513
8612
6798
6569
8712
7446
5005
2916
7738
1824
7460
9913
5645
7920
7898
4016
9959
7755
6447
3735
7305
4406
9804
6600
3990
8760
4501
6621
4545
8913
1172
5363
1307
9770
3983
3482
2314
3514
6804
1682
6403
3910
4958
2156
5338
1778
3761
9844
2548
3595
6277
8825
4892
1362
3300
7596
1234
1881
9615
6426
5723
2741
7554
3357
2127
8278
4224
6971
6807
1085
7282
4984
3086
8121
6983
4928
9505
1720
3358
2407
6419
8359
5489
2545
5569
4671
2761
8117
6580
9037
4649
6485
8559
3525
7841
3994
1756
7966
2051
8532
7074
1411
3778
2154
4911
3986
8389
7484
5005
4280
1373
7480
6702
8659
1569
2301
2056
2522
5925
5921
4434
8158
1867
4791
2490
7549
4179
5952
4645
6955
8038
5492
2803
4802
8814
9885
5321
9424
5978
2951
6057
8425
6424
6579
3613
5280
4569
5443
7543
9027
3726
7511
5398
4855
9485
7991
7361
5153
6820
4540
9263
3650
4968
4072
6658
6022
7865
2148
7427
5732
2918
1092
3661
4362
3660
5874
1801
8030
5340
1289
3503
2474
8800
6496
6623
2776
2925
1385
2996
6984
4702
5656
7600
2481
7325
3075
5837
6734
9726
7681
4912
3666
6008
2308
5462
7286
2891
9489
8005
7461
4764
1554
1434
1355
1744
4032
9376
8353
2503
6094
6285
2284
3747
7828
5589
5406
7952
9600
1104
8043
5516
6480
1197
4594
8268
8252
7965
2858
6556
3028
1285
2435
4804
2883
4281
1277
6788
7617
5638
3913
5150
2662
2997
5589
8628
4002
8271
3687
7722
3621
7098
4159
3970
4870
8563
8647
2191
6097
6154
3804
8092
2397
4222
1901
2334
2561
5407
2727
1147
9021
1447
5779
8323
8952
1326
2672
2980
6456
1177
6094
9866
4539
3715
1452
9260
3914
3140
2395
4654
1328
9080
2196
2517
9427
7419
2557
7853
7639
4430
1079
9008
6336
5467
3408
6769
8346
2613
2216
8967
9343
8433
1233
6864
4930
3482
1720
1951
6405
2763
7353
2148
4881
4464
7639
3151
8710
2862
9187
9201
1517
4259
3151
6713
5811
2742
5680
2611
2793
6512
5088
6215
4845
8090
6370
4696
6233
6549
3412
1895
5610
2756
8868
3127
8327
3649
5755
1075
4883
3188
2557
3820
3950
6922
4094
5025
3796
2246
9092
1376
8986
4131
9014
7798
5028
2261
8095
8636
2909
2001
5443
7354
9255
3679
5901
8029
3856
5604
5053
2958
2224
3516
7492
7198
5527
1822
9330
5070
4610
9975
4327
4790
1597
3013
5114
4388
2938
5220
9506
7593
6044
9929
9647
3006
8548
3506
7506
4032
5310
5879
6281
6016
9720
5392
7886
5987
3862
3191
8501
5311
2072
7321
8455
6649
1042
1439
4108
3688
8456
7244
6107
6053
1427
8222
2207
5571
2708
8047
2502
1477
5124
7308
6939
9802
4902
8359
1572
9442
9755
1534
2086
7790
7257
1748
9827
6439
6724
6057
2558
3311
5483
5111
6199
3958
5641
3246
3434
4489
8385
9942
4258
6849
8634
9252
9519
2503
4076
7939
4217
4554
7093
9248
5261
8768
6969
5769
5375
9025
6634
7266
4977
2115
7346
8745
5861
9112
1743
8777
6424
7542
5031
5772
5532
2773
1616
5025
1649
2438
8474
5366
6445
9109
6744
4682
6540
9316
7516
7526
1742
9635
2395
3735
3183
4190
8418
2000
1430
8717
5491
1845
7114
8049
3564
3784
5493
4866
8762
6187
4399
1703
2182
5601
9521
2372
8014
5292
5592
2067
1263
8763
8113
2849
9853
3177
6525
8926
5338
5255
5875
4156
1352
3167
1602
5970
4637
4410
8262
4351
2374
6678
2551
5670
1049
7376
4387
5721
2808
7271
3903
2829
8019
2758
5529
5340
3032
7368
3532
4017
3030
4187
1912
5995
1421
3349
3774
1463
1190
5997
1123
2948
2978
3468
1194
1425
5655
1927
5486
5508
9048
6985
5929
9925
1702
3876
9589
2358
6662
1887
7760
1954
2556
1532
2807
3713
3132
1549
1286
6235
2534
8416
2250
2456
3718
1075
8553
5766
9638
1969
6582
7830
6238
2128
2925
7856
9342
1723
3080
5303
2470
2905
3507
9266
2519
8066
6236
4797
1241
5858
9466
5688
7309
8863
7197
3412
3361
1535
3264
2066
9687
3597
8458
9857
6618
6658
3284
2243
3338
5382
2642
7824
4641
1498
1914
6230
3764
3366
1701
4157
1760
6875
4329
5354
4090
3062
8133
9182
6725
3489
8381
1550
7591
8415
8966
9481
5735
1614
8834
8923
4440
3882
4759
3383
4547
4622
2351
6203
9120
1127
5131
9687
4322
7774
4563
5353
6863
1915
8979
9123
8246
5473
5156
7031
1484
7649
6180
2174
9986
7864
1725
5935
7804
3492
8357
9282
4507
4354
6294
6074
2895
6113
4914
2165
1042
6940
3065
5766
9870
6386
1545
6398
7007
3517
3792
5066
9402
6974
4437
6905
5179
4615
9827
1482
6056
7903
2653
1929
5360
4470
4451
4747
5669
1376
3252
5401
4435
9435
2448
7456
9520
8195
6140
3531
3671
5403
3303
9428
7446
7950
6140
7464
9574
7101
5979
4775
6096
3420
8804
6259
5080
5216
2822
6303
1257
3221
7593
6707
1420
8032
6887
8335
5737
2642
1514
1368
3844
4331
6577
6753
5987
2845
7396
5375
4576
3153
3867
9161
9413
7447
4559
2617
2487
3721
4268
2146
9730
2431
5966
6271
6394
2713
3881
4499
5554
9868
5074
3998
9336
6743
6617
4032
5503
2761
6317
9190
9103
8512
8573
1531
1071
4276
4762
2513
5257
9529
3848
1558
2571
4030
7234
1996
1392
1563
3235
9279
1750
3426
4398
7370
6450
7141
9248
6327
1505
6137
7127
2045
5213
4520
9508
9923
3746
2155
7349
8783
6285
4363
9103
8705
9148
2065
9496
1184
8954
5278
2457
3863
9205
6769
6456
8296
2938
5385
4569
1131
6280
6274
7802
7023
9436
4055
6919
1862
4461
9849
4568
6065
8548
3782
2331
9317
3344
6485
3805
5238
5150
7120
9573
7823
3117
8235
9819
6449
3070
6046
4690
4284
1077
6609
3787
3471
3642
8130
6734
6152
3627
5590
1228
6777
6703
2743
7181
7604
7514
9154
7651
6611
5645
9819
6869
1929
1604
3138
6689
2406
6471
1468
2213
1352
6955
5339
3317
8308
4737
5918
6385
7906
1616
4153
6030
2549
8359
3158
1064
2224
8587
1061
4301
6750
2956
1627
1911
2202
2244
5382
1239
3336
7596
5896
7826
6525
7202
5201
5572
4887
4989
2848
8593
2701
7080
4825
1155
1351
6368
3514
6598
2598
5650
3189
5066
4903
2765
5312
9084
7037
3599
4090
8295
3181
5909
3122
2996
4260
7813
3162
7114
4113
1735
4712
4843
8670
7157
4183
7012
6762
2795
8609
1997
7548
6308
7703
2660
5446
4646
9060
7729
5187
3715
7396
3834
1201
4745
3190
4566
7574
1111
8037
4644
5450
1083
6620
2503
1258
1728
6356
6571
7179
8090
2608
5119
1280
5904
3028
2513
7280
4306
9200
2411
7826
4960
5951
6168
3637
1829
7549
5053
2222
5043
6245
1412
5712
8928
4312
8954
6738
8572
5735
2298
2711
7265
2041
6064
4536
2989
1102
7487
2552
4796
4492
1222
4818
4232
6322
1374
2376
4644
5470
4431
6747
3021
9773
9369
8234
4462
5307
4350
3275
2010
2520
1937
2558
3362
9379
7813
5246
8007
6435
1952
3183
4244
1066
4421
5524
1825
1035
5190
7123
2149
8049
6855
5349
5876
6463
2823
6863
2811
1098
1147
1883
7027
3251
1444
1870
4022
1425
2648
5199
8973
4697
8264
3062
5338
2267
6793
5312
1312
9200
9283
1932
6823
6103
8172
1091
6418
1125
6992
3307
8731
5788
4397
4360
7472
4552
1771
9896
8076
9776
3519
1754
6565
7182
5079
1842
8762
4712
9959
6721
3639
2053
7217
6324
5934
2190
7008
2280
5929
6433
4146
3092
6237
1869
9460
7335
2702
5713
3671
2571
4590
9749
4134
3269
9825
8629
9404
6407
6192
5292
5568
5698
2926
3686
8461
2190
8311
3094
8742
8889
3321
8302
6332
5268
5277
2510
6568
7712
7978
5127
8779
4933
8144
1520
6155
1980
4509
7318
3103
1328
1383
6823
4251
3739
5861
8443
5206
6809
5854
3999
2130
2686
5874
8403
5405
2504
9852
4819
1296
6852
1313
9234
2931
8868
2323
5171
9459
1075
2692
8562
2068
3664
8116
4357
6779
6727
2523
5995
6280
7100
8629
4601
3867
5746
4744
3964
2553
1768
8379
5474
6613
4265
2177
1636
8404
7817
5906
1368
9164
4584
1410
8858
6721
2226
6667
4855
7883
2081
3102
8862
4246
4080
6567
2458
4287
6302
5300
8412
4530
9504
8991
1048
3658
4934
9141
1058
8423
1992
9001
3095
2983
9614
7122
3057
5673
7526
8409
9836
2118
7267
6223
1637
4944
7081
8858
9372
9787
3036
5170
2953
5152
9647
5208
3113
6062
6524
6157
4772
3424
6515
5632
9673
2930
7349
4123
7493
3899
8693
3322
5238
7544
5423
6166
6935
8914
4187
4111
6353
3482
9302
7532
6270
8702
9821
1380
2086
8016
3912
1830
8065
8848
9314
3288
1694
9567
2835
7427
3409
8602
5212
5774
8185
5817
3435
9080
9197
3559
5229
2118
8788
2210
6374
6474
9188
8406
4771
5620
2917
4767
5328
8591
6501
2582
2762
3300
5274
6643
4430
3874
7783
3092
4482
2718
4886
4636
7905
1485
6147
5595
8671
7663
1787
6667
8458
3113
9695
9648
2241
2654
2924
8506
9709
3339
4495
5202
5636
6186
6952
5526
5645
2108
5116
4752
1320
3842
3322
6085
2620
1900
1056
5344
7217
3153
1532
2958
5427
9847
7468
9608
2991
4694
1722
8781
6364
6553
1027
2245
4718
3379
7722
9980
4211
9642
3607
7610
6553
5614
5245
3540
6324
3897
7731
8620
5309
3219
3349
2033
2762
2537
5131
5627
7656
4965
1954
7758
2780
1204
3794
3623
6415
9651
8336
5215
4416
4152
5674
3244
3147
9422
9626
7775
5322
5809
2985
3203
9443
5099
7049
3534
2020
1178
3646
2815
8267
6596
5522
4267
4729
2629
7734
6421
5336
5994
4680
4613
7355
5553
2306
9042
3834
3668
2508
2688
1154
2223
8768
3453
9543
1453
3831
4744
6195
9890
6120
4465
2244
2786
4696
7339
4666
5812
1882
1662
4503
7912
4841
9584
4651
2334
9726
3914
7537
3564
7191
9190
5446
7633
5805
7523
7529
3465
2003
2639
9395
4811
3674
6123
1334
2263
2542
6498
8849
2376
3748
3852
2449
2732
8195
8014
7262
9464
2915
5618
8895
2513
9994
4165
8393
4393
4378
9362
6493
1492
3275
3349
3751
4126
1505
2836
4691
8525
8859
2372
8305
8409
8366
2090
2960
5956
6234
5751
5480
7541
6425
9137
5683
4800
4879
6775
5640
5125
9053
9785
6232
2363
6613
9023
9776
6801
3536
7839
1215
4504
6602
2731
7811
7891
3028
5601
9747
6737
9976
3540
7407
2123
3137
9337
8066
6266
6752
5313
5148
7274
4316
2137
9770
4867
9352
6048
7028
8377
4705
4811
1348
4498
1608
4286
1783
3630
7583
1796
7124
8939
3381
4159
9877
2127
2400
9267
6207
7253
9263
4206
5379
7871
7369
1701
9266
8743
4939
5256
9244
6318
1983
5759
6257
4779
2928
8313
5823
4773
4281
6846
2882
5371
4183
7390
9627
6549
8886
5765
8637
2865
4689
6126
1251
4484
8685
6667
4150
1998
4878
2669
5261
5500
6636
1566
9324
9001
9403
1356
3343
2128
8865
1623
3163
7087
1055
6165
7226
2712
3289
9820
4440
1209
3777
7040
3115
5691
4000
6947
9168
2836
5656
8885
9630
6490
1288
1300
6676
9351
1678
8297
7799
8881
9795
7023
4673
1757
2091
8176
2946
3627
7213
9079
3202
2750
5789
9807
5177
4316
6151
1161
5528
2261
8785
7275
4411
6141
6005
6069
7174
3549
6681
9126
1500
2751
4440
8332
3781
7051
6834
2570
9564
6607
3850
7122
8778
5540
2466
3810
2843
6898
1553
9051
6675
9762
6805
3864
4765
2005
4900
6972
8638
9547
9965
9822
8804
5293
2606
3017
5226
5463
3332
3406
3682
9398
2706
4951
6953
2796
5274
2831
1739
2965
6353
4988
4458
5978
9555
5196
1338
6357
8985
5414
7123
1213
7217
1199
7292
6383
3840
6996
9007
4954
9566
2661
7872
9603
2885
5805
5792
3637
1954
9813
4862
6463
3147
7072
8582
8942
6269
3918
9016
9382
2546
8642
9243
9134
7246
7149
6590
8100
7071
6103
4745
8734
2369
3439
3755
7964
8904
8952
6848
3174
8176
1105
2906
1433
7490
2206
2532
2903
2424
7205
4964
7590
9119
5912
4261
5563
5226
8533
5406
9093
1251
5949
2196
6807
3738
6762
9310
9976
8841
9113
8962
6114
4633
2401
4485
6803
7640
9144
3530
6321
1474
8767
1340
2617
3632
5032
2707
1538
1864
9472
7284
2320
8612
5323
1055
5229
5154
2215
1683
2233
1400
1484
9833
5808
4502
9881
2546
3431
3407
3180
1355
8582
9515
2923
9346
5194
9241
8714
3394
3175
3132
1577
8833
1586
5856
5245
1505
1948
4207
2655
7397
4809
6452
1249
9388
5664
2525
5661
4838
4828
8310
7000
5473
1162
6250
6472
2482
9517
9262
4990
4343
5141
8737
8361
8793
1684
4378
4483
1369
3360
5729
8432
3899
5438
9172
8008
8800
9013
6173
2226
8644
2607
2553
5943
3242
3387
9507
3732
8017
7492
3833
8758
3127
8872
9729
9120
8110
6724
5042
5734
7028
4038
6169
4797
4049
4509
1310
7672
2580
3449
8178
7610
2682
2781
6548
4726
3552
4858
9495
9783
7570
2457
6965
5730
2295
5285
7260
9512
1843
5177
9867
4077
4457
4950
4062
6507
2089
5443
7797
3055
7628
5776
3844
1247
3448
5482
4528
2250
6205
9431
9217
5763
3588
8573
2298
1820
3761
9642
1628
5418
1050
2765
9167
2187
6000
8587
6786
1000
6145
8529
4236
8078
1607
5320
1521
5626
5190
2051
1003
6707
1205
3291
8670
5071
2220
2951
2869
9781
9974
2567
7051
3809
1890
9561
8629
7822
1061
1665
1548
1260
4924
1005
3244
5605
6597
2917
4268
6278
4271
9240
8550
1780
9542
5431
3495
8922
2299
5715
1103
9223
4291
2199
6062
2233
1502
1910
7267
9911
5149
5762
4795
3489
8175
9913
7005
1162
1287
8485
8424
5209
1028
6045
1076
6364
3686
7803
1595
6642
4108
8494
8038
5228
3722
6799
4655
1009
4218
6033
2810
8992
5065
3892
2699
9375
5556
7630
7011
4173
3470
4090
8322
1693
7011
8047
1590
5781
4295
4886
1310
1931
6941
5345
9619
4416
1740
7094
9443
5997
7707
7023
6712
6686
5617
9015
2704
7912
5139
9308
7377
2691
2011
1429
4504
8114
8082
7658
6829
5652
3335
7880
3552
2520
6217
3289
3571
4818
9570
6669
9428
5085
7766
1257
1992
2623
3049
7639
7334
4186
7811
9988
5161
5239
3945
2830
2414
6878
9312
3843
5648
6173
1685
4633
4399
1157
2999
8452
4429
4578
6044
9053
5345
3956
1573
6913
1051
5252
6812
6613
5639
1268
4062
8822
3021
2517
1823
5734
5669
1320
4939
3058
6254
4718
7764
9667
8939
5048
4446
1646
5447
7096
7957
5701
6112
5421
2848
4358
9993
3612
9815
6931
8123
3440
8698
3900
6708
8667
1563
8420
8068
7913
1244
1958
9658
9761
4196
2293
1940
3349
5020
4895
4314
4762
1757
7613
1086
3871
1574
2216
9894
7826
8465
3186
2777
4681
2956
7816
3628
5477
4609
2458
1928
5150
8068
1626
6567
2687
3307
2595
9874
7345
6053
3540
5601
9056
2271
4396
3190
2579
4754
6541
6005
3039
1833
3714
6582
5485
3966
7241
1387
6069
4008
4350
3666
1421
2080
4598
5115
4885
4783
4617
7577
4059
4199
1361
3126
1248
8173
7369
4712
4503
3886
6084
5401
8788
5044
7847
3644
7358
1729
4820
1392
1548
9007
5483
5881
3045
4684
9902
6439
1700
5019
8716
1262
2874
5675
8027
2177
2374
2610
7549
7176
1902
4800
6968
5383
1914
1499
6494
7038
4619
3411
9819
9296
1035
3233
4968
4531
8549
2465
3595
2209
8769
9404
6810
2364
3316
2969
5896
9628
3192
2120
3315
6014
8813
1850
4854
2711
3411
6357
1841
1956
9460
6467
3763
1285
5968
3024
4562
8062
2061
4507
8841
4526
6408
8620
4651
5613
2116
2987
8972
5255
5286
4825
3364
4139
5847
2087
6379
2046
5810
2481
8578
2836
1401
1248
8489
3843
1804
3860
9281
5239
1161
1837
7027
6730
5287
9914
4799
6389
3218
6358
8548
8523
5700
1534
6249
9946
6559
5851
7462
4346
2383
3847
4693
4358
6859
5542
2528
1842
3503
8116
3459
3851
6640
1397
6607
8636
4075
1473
9375
4043
4061
7408
7847
8449
6704
6237
1135
1291
8091
2479
7952
2226
8072
9647
6624
6016
4141
7290
2066
2457
2144
2666
2099
2445
9684
4194
1787
2186
7445
6893
3953
6657
4433
4412
8522
6456
4864
4497
4676
3781
6657
6266
3134
1248
7752
2739
1877
2221
4652
4861
1465
2710
8096
7483
9972
5897
3366
5244
5193
5049
2038
6328
2770
7889
7493
6035
7951
1346
8234
3385
6223
1843
5597
7698
5155
8086
6166
6797
5286
9536
8623
9267
3174
3843
8409
8988
1407
8428
4381
4942
4966
8206
6633
7052
6022
5439
5960
7860
1446
2989
4262
8657
7909
4888
5391
5066
4911
9569
7910
2052
1360
1702
5426
8998
9650
1345
3944
2957
8925
9700
5689
5842
7453
1345
6131
5408
7997
8092
2593
4542
8172
4782
2865
5857
2891
1572
6468
2111
3550
5158
1167
4072
7798
4766
5957
3522
1622
2046
1322
3709
4073
5477
9833
5139
4734
7913
5208
8889
9506
3327
7465
5212
4304
9402
8549
7575
2063
6967
1494
3300
2551
2531
1384
6441
7800
7794
8223
9874
7113
2583
3330
4977
4814
5975
1480
2943
6547
1916
6352
1380
5380
3194
7955
6028
9041
7822
6462
4288
7925
3655
5998
1173
9127
1886
9107
4218
6511
3536
3666
6138
2596
7481
9808
7136
2717
1602
6027
4719
5834
3140
4610
8095
2202
2067
9281
4216
2663
6558
5457
2870
6441
6315
4649
4209
6343
3841
4209
6990
5774
3589
8621
1755
8811
4955
5693
1328
3630
1751
6892
4859
8469
2342
7767
4922
9377
1766
1831
4863
2669
6963
2584
4145
7372
1327
6198
4548
1636
9041
1545
4925
5327
7550
7992
1085
4531
4312
6651
2960
3785
1178
5219
8999
6394
7117
3041
5599
2244
3136
5719
4245
5202
2278
8647
4893
9676
9531
8010
9877
1006
3604
1414
2371
9392
6531
4579
6692
3918
3308
2643
4216
1766
3447
4451
9719
7071
4997
1074
5151
4903
9985
9483
3299
7947
8306
4577
3802
6948
5743
1108
8211
3016
5681
7674
6824
2933
6870
5524
1624
8999
7477
5728
5429
9885
1144
6381
4907
8104
2307
7606
2440
5358
7175
4523
2711
6417
4442
8803
7088
2017
1518
1896
2980
8761
6255
2085
5707
8353
5906
2498
1726
1768
3419
9665
3800
3970
5887
7056
8854
9446
4652
8618
2224
6171
9875
4555
2917
2957
4159
3645
3184
6335
3942
4095
5652
5914
6863
2640
2052
1755
9711
6349
1450
2570
2573
1644
1033
1888
4384
8220
9657
6900
9062
7165
2398
2753
7925
5287
6851
8929
6070
4883
2232
2206
9221
4275
3983
4656
2029
7530
4877
5871
8967
7116
3760
3821
9820
4343
5187
3716
9869
4569
4781
9040
8121
1732
7250
9844
8477
7374
7995
2696
5384
9510
5151
9392
1597
6058
1172
6275
3321
7782
6930
3741
6557
8799
3686
2296
2803
5425
9425
6592
3172
4343
4891
4447
8389
3878
8340
4655
3958
6828
6152
5020
8071
2440
6395
2549
6400
4460
8793
5663
5306
5617
2593
1222
2455
4587
1490
1298
5085
3358
4867
2481
5532
3490
5268
3566
6136
4524
9562
6571
4244
4268
3574
5726
