6198
7970
7450
2933
3290
4778
3944
2556
2615
5394
3390
3088
2032
7857
5870
6766
3222
3236
4302
8111
6579
5416
8679
1165
7725
4469
1711
4605
5196
3810
2245
6966
4175
4306
5098
3914
2625
9092
8819
1218
3407
5832
6863
2216
8215
9308
8649
1135
2023
3488
9784
7541
4422
5107
3573
7581
5577
9477
6164
9875
6534
6059
3655
3377
8530
8721
3985
8945
9733
9061
4905
4447
5357
8673
4973
8851
6046
2350
6320
9171
5119
7084
4749
1708
4518
1051
1756
9279
3826
2157
5585
4006
2164
7926
2945
8469
1426
5577
6122
1823
6979
6410
2774
9702
6949
4578
2100
3055
3179
5231
1679
5263
6799
8353
2819
3571
5437
7122
7389
1714
2702
9769
5960
5721
4087
6433
2840
6773
9780
6591
5327
5865
7463
6356
4106
7699
2276
5472
1727
9393
2122
9433
9908
4044
1693
3623
7759
7714
1056
7434
1356
8632
7190
3902
2158
2641
2825
7645
4605
2478
2567
2088
7324
4386
6343
6681
7272
6842
3584
9929
8152
3049
4114
6135
6956
2239
1647
5917
2788
2747
7001
1586
2077
8414
4316
2128
3739
1566
1848
1697
2609
7324
8036
6386
6066
6202
2782
3434
2132
8377
2231
1973
9753
2147
6491
3772
3277
1091
3353
1855
6663
5056
1966
7942
4769
9549
2964
9318
5377
1099
4665
9534
7928
3249
4372
3211
1079
3194
1673
1918
1463
5339
5570
3636
9499
2107
3184
2988
3721
7861
2816
1732
6987
8227
2760
3741
8262
2001
6055
1101
1634
8324
6640
9255
1010
9157
8169
3142
3058
5612
7891
9543
4120
1958
1449
6100
8536
9710
6802
6748
4457
2748
9832
4423
4430
1194
3184
6605
5499
3719
2862
2455
2309
6033
9158
4083
4615
4092
1383
6131
1091
5330
7621
6121
2616
4065
6316
3927
3975
4569
2768
5491
1944
4385
5036
7812
7565
6300
2774
5886
8757
5473
8178
1373
3033
1688
6699
5870
9154
4406
4220
1555
5753
3466
3854
2230
4779
2186
7478
6435
4722
4512
4904
6975
4622
1575
9800
1999
4952
6406
7586
9082
1281
2787
4018
2425
1958
3865
5831
4870
7053
4505
6122
5618
5788
9258
6728
6481
2732
8349
5495
4427
4737
9819
7537
4775
7670
9705
7721
7967
2367
5014
4485
5296
1867
4286
8877
8483
2013
5737
5737
8374
3239
5635
4499
3514
3892
7083
2219
6956
4048
2047
9513
9390
6148
4808
4676
2396
4884
9683
4984
9140
3895
7106
6588
1451
1277
2407
3347
9649
3209
3791
1732
9274
9996
9760
2667
6412
9451
5877
4888
9499
3930
3216
5340
9999
4681
9661
7761
4223
3223
8747
3790
8705
4898
2859
3063
3348
5652
2485
4257
9599
9882
2966
4667
7874
1648
6578
3924
1263
7632
5201
5413
5350
9598
7851
3318
6798
5294
7710
9173
1992
2607
3528
1617
3328
9587
3861
1017
5177
5359
7415
9183
6759
6368
5595
3261
3448
6609
9395
1997
5051
4455
9201
8922
3541
6580
7112
3506
6988
1903
1255
5973
6539
3742
2505
5345
5694
5207
1784
4781
1140
4916
1843
8703
7221
8091
4084
8189
2865
2033
9096
7111
8692
8087
6813
4123
6854
4442
1055
6444
5382
1110
3083
5592
4307
1816
5263
1847
2168
9769
7401
9352
4774
2515
8359
2873
6275
6313
4229
1388
4126
8037
1472
1473
6413
3332
7900
8785
9873
4885
5114
3254
7758
7642
4037
1580
7656
1580
2985
8303
1229
6047
2094
1912
4271
4284
6924
5575
5508
5779
1978
2749
3179
1169
3434
2669
2911
6479
1860
9461
1956
9416
8744
1459
1141
1939
3307
9475
1769
2775
1129
5601
5775
5299
1840
8261
8117
1833
3809
5534
5540
4597
3531
3457
6101
3295
8369
4202
6316
3743
2546
7173
2754
3105
1812
5344
4060
4805
5150
1362
6750
6229
1623
3332
9274
4240
6398
1021
5291
3888
2567
1710
8336
3977
7738
7401
1425
7808
3876
4021
2209
7146
7271
3874
4107
2001
9763
7864
1352
6498
1221
5304
3769
6686
8848
2841
7527
3029
7515
1900
6657
6560
1252
1261
4657
8974
4528
5217
3052
4266
7231
7448
9963
6524
5805
5124
3044
3177
3570
1544
7762
8320
4137
6471
7725
2129
5355
7655
1603
8763
7950
8337
3619
6168
4270
5819
2638
6661
4507
8549
3482
3135
9113
2196
7349
4452
1659
1452
5618
2900
1163
1938
2097
1382
9199
4051
5402
4491
5690
5322
8933
6029
8333
6689
9478
2720
9428
1394
9017
6491
3560
2608
5335
3324
5094
9299
6536
2602
2119
9472
5608
6060
5536
1625
7908
8365
4063
7154
6809
9264
6464
8649
8468
4054
1783
1274
1397
4323
2054
5047
1056
6108
2388
4737
8418
4949
5163
6087
8786
9216
4593
3853
9538
5318
1875
3141
8916
2361
1982
8182
6742
3301
8103
6624
9145
5694
8887
8286
8746
3240
2395
4346
4337
3808
2034
7569
5039
4317
1797
4420
6581
8769
1624
4555
5425
2163
2734
3563
4254
5358
9724
2536
1939
3962
3445
3748
9605
6200
5693
9213
9940
4058
8140
1765
4127
9703
5139
6749
6233
3325
1102
1518
6536
3182
9271
4089
2225
2199
6338
4754
9018
3331
4150
5668
1252
6543
7159
4862
5638
5760
1364
4155
3725
5249
6795
3718
5290
7511
2291
3030
1747
6227
3588
5876
5313
5126
7686
8877
1189
9855
3584
1932
4341
4979
9402
4412
4590
3624
9317
4301
3925
2889
3061
8528
8455
5521
1111
6474
6719
2797
5818
9438
1860
9211
7111
5004
6791
4268
5799
5239
5765
2221
4323
5399
4476
8221
5250
2464
1469
5520
9813
2536
3825
5739
3320
9899
8631
4601
4582
3374
4056
1030
2359
3818
1478
8676
1279
2355
3194
5394
7263
5029
3823
2435
2223
3411
7533
3321
1721
2134
2746
3538
2514
6597
3851
8313
2949
8439
1533
3053
4278
3344
9448
9361
6595
3809
8291
6943
3658
7494
3661
3566
6120
4721
6750
3145
8821
1295
5236
7026
4951
8945
7405
4543
3213
4157
5925
2942
7746
3484
8282
8613
9614
7917
6299
3516
8092
5992
5623
4205
2582
3199
3271
7145
5988
1736
9721
7971
3191
9516
6199
2573
1542
4265
1706
4599
6865
4881
1184
2897
4370
2144
5751
7847
8556
5725
8829
2946
1034
5907
6332
4223
8051
1988
9132
9749
5922
8361
9912
9456
6512
1340
2738
3961
4159
8763
5007
3756
2445
3097
3855
9625
9198
5448
4333
4863
3168
1322
4664
1667
9863
6252
7265
2868
3276
2409
6686
9246
1777
7174
8170
3130
7097
1236
1197
3618
1026
4443
9033
8512
6456
2353
4225
3041
3750
9191
4147
8892
8116
2566
2311
5098
1765
9822
1216
6229
4032
5267
5094
8911
3687
5005
7397
5205
5284
1219
1673
5894
3091
1680
2080
3815
8504
6695
2390
6974
4375
1568
3857
8153
7969
5396
7072
8754
5891
7097
7599
8866
8534
5137
3965
5538
4759
1649
1584
1245
9685
2912
2439
4930
7476
5629
4340
5011
4183
8274
3645
2532
6110
5191
3078
7189
8406
2915
1751
2067
7418
2845
5391
3511
6460
8883
2545
3407
1771
5800
9888
2203
3520
3308
1183
9353
1416
1678
2990
3538
8627
2484
2084
3690
4705
3395
8403
4470
4970
3415
2259
4674
3035
7432
6279
3637
7735
3127
9668
5614
1936
7506
7429
8759
5134
4165
6942
3399
3552
9915
9066
5600
4367
5767
5455
5548
8349
5224
2851
5127
9721
7027
3745
7717
4312
5784
3630
3811
3580
6077
9717
9210
7358
5723
5052
2454
2959
5272
7789
3554
3699
1607
6727
6614
1141
3130
5346
4039
8455
5585
5515
9696
2799
6109
2642
7320
7761
9251
4223
1330
7925
6476
2805
3456
9171
5403
3397
4925
8764
2892
3374
1774
2479
1983
2086
1431
4256
3612
5585
8422
9129
2374
7926
8922
5073
9247
6660
2716
4612
3941
2715
8828
1364
8002
3862
5129
2821
4698
8462
4069
6769
4554
1049
1042
9227
6656
3991
4201
2898
6856
4146
9117
5596
5224
6222
1515
3386
7794
3628
2226
3158
3433
9069
8297
7091
2801
1940
1796
2035
2389
2043
8229
1323
6504
9664
1876
3494
1161
3388
6785
1031
3886
6666
1058
4673
3980
9654
5599
7426
5432
3386
4509
5911
2780
2383
6162
2282
6344
8280
9942
9035
3657
2472
8530
7741
2081
9162
5837
2505
2253
2935
4780
4360
2996
6914
1576
1767
7214
3102
5982
3437
6464
5512
2052
5355
4027
2741
2279
3358
4933
1866
6009
8331
2686
6727
9101
1867
4772
4651
7828
5557
3861
1959
3340
1216
7061
5735
3807
9864
4122
2496
5616
1011
2489
3721
3637
1622
7676
9466
1248
3591
9096
5802
3932
4626
6305
2064
2902
8195
2978
4378
1034
5992
1855
2617
2716
7412
4492
1350
3343
1503
2706
4529
7393
9218
8673
1992
5991
3405
8076
3566
1514
7373
7802
5450
7363
4903
2182
1236
1443
7947
2257
1504
1448
6533
1324
7334
8413
9874
6556
3456
4149
9164
8205
1561
6142
3924
1089
2213
7339
5136
7697
4466
7023
6806
1556
3145
5994
8495
3051
9001
6962
9811
4709
5271
1830
4788
5459
3903
7653
5204
6988
9466
4097
3260
7687
7055
2026
5125
1145
6583
5567
6687
9429
2090
3120
8564
4544
3229
2120
1202
9085
5409
1783
3939
5883
1570
4757
5901
2851
3479
5355
4929
5850
8505
8528
6698
5854
3481
1481
7067
1254
4219
3166
1913
4346
7641
2232
3215
2301
6582
8755
2128
7484
8398
4055
9916
4789
2626
8323
9939
8906
4013
6374
6377
9944
3709
1193
8133
1647
1551
2578
9004
3941
3243
3515
6807
4028
4305
5136
7851
5812
6388
5145
2763
2090
8591
2899
5531
3923
7118
1999
7142
4428
6844
9550
1446
1710
1021
2238
9914
6225
3523
4172
5382
1758
4058
6921
5040
8526
3324
7418
2967
5952
5148
3959
5908
1344
5825
6057
2447
3897
2856
8527
6175
4440
4524
6127
1874
1796
7849
4264
6535
5948
5235
2049
2240
5200
3594
1601
5518
2221
9935
8199
2827
2087
2384
9970
2188
4044
7874
8145
3195
2263
9986
1578
2428
5153
6812
4483
5143
7126
1395
5573
1021
4708
1235
3985
6833
8619
3054
1040
3410
6506
1875
2311
2373
8864
2547
8084
6738
2616
2432
5028
3908
1255
7160
4097
5491
8412
9229
2507
3361
7547
1937
7788
4851
7843
3256
3956
4871
8832
5607
4068
8535
6658
8041
6939
3241
4246
2248
7203
1002
2739
3381
6290
5570
1771
3993
9143
9606
7374
9288
9692
3354
2584
3111
9137
8117
9681
1581
6152
5554
4418
6993
4983
9929
6322
1563
5209
8757
6033
8254
6024
8728
3889
8129
6070
3900
5825
5700
3092
7638
6911
9821
6377
9716
1030
7650
5706
5958
5691
9472
6271
2960
1384
1172
2256
1699
9306
1610
4957
3162
3299
9236
5112
4331
2834
5945
3008
4583
7495
9110
9163
3198
7984
6858
2616
8615
3433
2713
1292
4703
7928
1781
1413
2143
3120
1048
1320
1013
2916
5808
5738
2968
4642
2573
4476
8703
1232
4771
3973
5261
9287
4788
8832
5020
9310
1734
3939
3314
9048
4498
4025
2018
4012
1005
1487
2453
4784
3337
8166
5592
5104
7767
3085
4061
8125
7174
5967
3885
5599
8665
9273
1167
3603
3096
3448
1703
6305
9363
3668
6723
1267
8663
7674
1694
8448
8384
3814
3998
2665
7390
1698
3508
4507
4028
7426
2581
9315
2930
6317
1998
2290
9086
6414
1826
8004
8051
4639
3812
6423
8359
5861
5807
2834
9902
5127
3760
1311
4195
2026
9326
2480
3775
5315
4987
1466
9691
4465
8625
8638
7334
8617
2666
7687
7883
2189
4262
8485
5046
1242
5467
5614
5362
5302
6454
8650
2876
6566
6249
4905
7338
2750
5013
3260
9808
2385
6577
3795
2669
3865
3718
2558
1632
4774
1350
3220
5501
5004
2276
2199
9358
2192
2047
4080
3578
4572
6324
6361
4853
1906
3139
8445
2771
2557
3485
6560
2779
5884
3283
8295
6829
5332
2061
2070
9102
3589
9023
1174
6866
9400
5924
6645
9584
8119
3562
3156
1444
8131
3389
2079
9767
8061
9586
4790
6963
4529
7991
7267
8249
8705
3428
1439
6291
3595
2242
5430
2105
9712
9667
2391
6230
6835
3390
2930
3945
3223
8260
2887
1204
2169
1930
2304
4499
4885
1843
2340
5036
1465
3529
3148
4220
1088
5516
8041
2167
1215
8035
9307
7468
9351
5206
8884
9867
5803
4177
9466
4261
9291
3201
5763
8553
9733
5834
4027
3128
2275
6686
5070
3843
6343
2796
3299
6035
3506
6612
4329
7258
8696
7891
9839
7250
6751
5769
4458
3780
8178
4275
9860
4318
1832
8099
6275
2922
4479
7564
1565
2836
3940
6533
1396
4221
9792
5118
3577
2765
3959
3766
7205
6371
9506
9825
6393
3972
1087
2240
2698
5355
2359
5702
4773
7082
9270
1791
3964
9951
5303
8679
6378
9194
8187
3305
6443
3446
7542
1764
2797
7493
3270
1746
4911
4941
2506
6538
4595
3864
8845
1092
7682
1698
1095
3144
3387
6382
4726
1386
5041
8830
7841
5452
9668
6880
4801
3112
3614
6654
1102
1674
3413
2751
7895
8799
3184
8203
4051
2065
5281
1012
6519
3207
4678
2055
4508
1829
3289
7401
1747
3249
4430
4513
2981
7249
6540
1385
6261
9124
3477
5318
8005
9046
8545
5085
1731
9580
3695
3900
9324
2720
2546
9471
7426
9242
7495
4444
5289
4902
6720
2716
9302
3135
1650
5230
5769
6797
4240
6937
6149
3586
3098
6587
2776
7877
7723
8439
4859
9701
8681
3358
4087
1047
8414
6012
1451
6518
9864
9670
4471
1708
4647
6409
4033
5250
3233
6629
3557
1373
6645
3859
8718
8200
9626
9349
2557
1447
2483
2222
7124
6304
6799
4447
1464
3369
8791
6711
1144
2682
5915
7486
5027
7207
5891
3014
6554
5051
9820
1549
4075
7032
3625
4733
4397
4741
9404
6973
4898
6117
4136
5230
7258
2731
7186
8818
1233
1303
1890
2741
6008
4476
3020
5250
6760
5232
1264
4844
6119
2559
7193
7041
6429
9965
6020
5182
5007
7904
3820
2619
8690
8915
4423
8607
6665
7444
3681
4567
9668
8190
4178
4556
7689
4856
5251
2706
4606
5304
7066
1756
8366
6562
3963
5004
4301
9697
3371
1469
7832
4070
2409
3487
9205
1021
1329
4776
6168
2498
5128
2432
2340
3969
7894
1865
1950
4854
2352
3141
7876
3411
1659
4613
4122
9074
5232
9049
1732
1946
2013
7386
4788
4884
7625
7142
7376
5473
6647
3895
3451
1059
5426
9322
4848
1457
1310
3879
4811
1211
3172
2758
5564
6448
6531
6883
2528
3931
5991
9854
9942
7862
2069
3951
9612
1155
2075
7571
9469
6929
8324
8233
1697
2599
4244
7945
5230
6658
8527
6594
8049
8899
3710
4832
5903
8440
3120
5254
2702
2406
2485
2223
1757
5994
3655
5194
7351
6409
1797
5368
2745
6486
8514
5520
5515
1199
8439
5994
2828
3523
3980
3415
4667
6159
3342
1062
9247
8502
3674
3868
3598
2022
2500
3564
5927
9182
2789
6364
2581
1916
2971
4017
8639
8327
7848
8193
1300
2827
2580
4578
4930
4131
9347
7769
5429
1295
9671
2835
8086
1175
8239
1655
9366
2586
5255
6186
5476
1833
6479
3208
1885
9073
4471
6561
3701
2416
9886
5313
8007
4077
6746
4739
6264
7342
2304
3684
5641
4537
8833
9526
8467
7971
5580
4340
5573
6387
6659
5375
3642
9787
8650
2220
6243
7072
2384
9403
5319
9243
5987
3777
1106
7593
1061
2709
1158
2012
1140
3480
8058
5696
3403
1918
7780
6063
8969
4348
6716
9824
5710
5055
4093
7021
3263
8983
7481
8094
1439
7993
3765
2701
2761
3505
3282
8904
2307
5821
3393
7717
1892
2126
3400
5537
4425
4545
8965
6545
7059
9445
3561
8955
6206
7641
7618
2058
8176
1150
8273
5520
3314
8693
2122
3681
8912
7608
3675
6815
3382
1340
6367
3466
1373
4607
1225
7138
2134
9923
2064
1184
4392
9755
1490
4910
1158
3804
1288
9820
5601
9669
2457
2666
4491
2367
5598
3797
1299
4741
8321
9162
1758
6507
6465
3568
9549
7030
2970
3619
6752
5470
5358
4402
7359
3384
6658
6019
5551
9217
6532
4245
3566
7978
5430
2306
4019
2052
4823
2083
1176
2031
7666
1374
4463
6708
7091
3743
8530
3353
1119
2583
4359
7748
5593
6660
8959
1666
5112
1638
5811
2222
9019
7979
2991
4437
1255
1153
6034
3973
4212
3481
1819
1086
6578
5864
9301
3188
4503
8243
3478
9765
2466
2172
6712
2676
7869
4145
8125
5707
1222
5840
7401
6393
8793
5345
8731
7735
7817
5059
1603
4678
4187
2458
8729
9296
9050
8552
6539
5137
4397
3225
6707
7893
6327
3864
4363
5210
9296
1032
2278
2764
2791
4664
5670
3096
6413
3802
2316
5083
3729
4247
4143
8642
3718
1429
8093
7389
3499
8491
2944
2635
6296
4133
4768
7447
6969
9722
1892
6258
5489
1072
8128
1035
1067
6442
1987
3365
6709
7572
6482
6402
4293
8073
1405
7979
8822
5356
6061
5878
3895
1654
1293
5182
2109
2112
9956
2511
2789
6125
5237
2083
9466
1288
6229
2933
2330
3701
5606
6749
4751
3638
2034
2102
5601
2657
1432
4020
9579
7869
8774
5778
1378
1831
5680
3879
8246
2596
9126
2301
5979
8906
9323
8468
2636
5307
4901
4864
4351
6739
8244
6743
4051
9166
6066
3536
9046
5282
8005
1632
9121
9008
1665
2810
3636
1804
8126
3828
1708
5061
8979
5444
1181
2572
5090
2718
6424
2317
8877
8000
8190
1338
7422
4919
4566
7547
5416
2438
1843
1769
7178
1212
4736
2428
7603
8678
2030
5821
1782
8277
1778
8962
7727
7415
2158
5595
5153
1173
8841
8945
7750
2727
9512
1208
2140
1328
5740
7919
3058
7720
2086
4017
7792
3776
3529
7032
6794
2187
1417
8231
2687
5745
2185
3072
2462
9203
3581
8574
7444
8707
1501
1701
6190
8109
5274
5504
9283
1822
2602
6858
2077
2076
5364
7907
1400
1498
3081
5358
9695
1511
5888
5201
4030
8782
5079
5966
4375
4617
8962
8472
4940
6072
8477
9327
7305
8527
3652
1756
5855
9422
2823
6850
7210
9521
3274
1378
1998
6093
8018
1924
5790
6658
3065
8722
2474
3897
1294
6393
9089
7564
4421
5774
3434
7189
1630
4098
7245
6897
4263
2218
1190
9323
8540
5469
5475
5720
8661
8359
1393
5115
6260
1092
5787
1035
2584
5698
7984
9273
7886
8649
1992
6908
5386
1561
6225
9993
9867
5380
9960
6771
9489
6224
9124
3996
3718
9381
4943
2843
9358
5325
4872
7918
6123
2269
4204
2198
9378
1956
5763
4184
9614
2676
2388
7953
4021
7186
2327
2599
5907
2931
8555
7044
8414
3580
8262
8951
1258
3267
2519
7725
2328
9580
1341
3141
3128
2939
4864
1125
4773
2637
9446
9863
3253
6703
4946
6461
3350
4250
8313
2069
7043
5758
1557
8937
8150
5543
9736
1067
2374
9377
8044
5626
2080
7458
4398
5136
3957
3868
5728
2383
3958
3581
4864
3963
2201
9128
6072
5685
6878
2321
4445
7694
2793
4876
1287
5480
2522
6629
5254
2421
8423
4272
3106
1672
4870
3200
4934
1025
9948
2797
5777
3670
1759
7575
6967
7849
6435
2772
5711
5717
4252
2106
2283
6445
5339
7636
6730
3082
8725
8321
9447
5916
6137
7347
2583
8770
9848
3859
5484
2246
9155
8977
8960
5047
5091
1119
5668
9397
9750
1489
2166
6953
7378
6299
4220
4708
7980
7656
2322
9338
2394
3594
4984
7827
6200
8730
7896
4757
4160
6731
1085
8546
9267
3487
2253
5662
1975
3595
4113
2597
5784
5463
2047
2051
8912
2823
8336
3262
2289
8585
5281
1317
7059
9319
1211
2618
4591
4035
3708
6188
1170
2496
6019
9295
7859
5517
5325
8719
9465
9010
8658
1054
4276
8010
2343
4073
3428
5617
3288
9976
7798
2096
9972
2927
6328
4205
5949
8244
5949
6348
3859
8892
5993
4014
6824
3614
7751
2376
4877
1767
7368
6866
3916
3709
9080
3641
6945
1282
2556
9153
4168
9580
1735
1502
7588
9050
3447
4178
1538
7756
9864
6820
8946
1087
2940
6608
1893
8584
9143
9608
3219
2253
9729
6551
5389
9589
7299
6935
4012
6198
6903
3426
7995
3211
9625
6394
6359
9996
1902
7005
5669
1095
6231
9240
3169
4624
1406
5063
6239
3699
2504
9509
2597
5497
6005
7955
1326
8951
4263
2556
4306
6472
4745
4081
2900
5390
7679
6456
2641
4263
7884
5601
9637
3908
6429
5931
7400
7931
1470
2316
3524
3774
4175
5512
2483
5194
9938
8123
1735
2140
2995
6290
1400
3920
4842
7755
6124
2260
9992
8307
5010
2855
1266
7243
3083
5474
7983
5662
8483
6975
5512
2540
7154
2601
1474
2682
7617
4773
3440
2159
5076
3006
7809
7057
3340
1198
2989
6359
2034
7111
8146
4026
2935
1000
7695
8621
2241
8035
5235
5427
9901
1260
6044
1305
7651
1532
1745
4044
1407
8894
3657
5983
7162
4980
4913
1032
5504
8540
5201
3380
9275
9288
5390
5717
3986
9431
3837
5805
5748
4124
4395
2364
7109
9957
9069
1824
6260
3878
3207
2467
4790
6933
4892
5520
8555
3224
8667
5041
4097
7254
2596
9444
9632
6545
7833
2312
3219
8332
6980
2018
1599
5107
1504
4779
8438
4360
8779
4088
5251
7657
9087
1504
5371
1160
3564
7152
5945
9360
2787
4992
5880
4797
9888
1345
8410
9706
7102
3176
4297
2969
1985
5970
1819
4997
3159
5021
9479
7241
5055
6420
3896
6405
4593
7686
4952
7743
7398
9413
4337
3482
9247
2014
4915
9685
2887
3263
2155
6459
3806
3901
5207
9551
4199
4198
8039
5056
5347
6166
1567
5254
4312
7151
2100
8135
5672
3045
9611
2487
8269
7508
9066
8185
3244
1217
2980
3684
7185
7244
2238
6248
6382
5372
2419
7616
4598
2823
7393
9374
4175
5035
4184
4710
2094
4737
5315
3051
1918
2244
1941
1675
2502
4233
2596
6626
4350
5170
1379
9792
5724
1749
4003
7449
6310
7702
4898
1571
3424
8059
3219
8541
9762
8602
2931
5266
5899
6030
9717
2811
9438
1641
3216
4961
7292
8731
8837
6801
5481
7486
9974
7001
7930
3969
8801
8790
7984
9351
7290
2985
2211
8827
5517
6820
3442
7389
3217
9648
9789
5965
3124
5230
7681
5843
8259
6028
5825
9157
3390
4939
8190
2488
4689
2801
8348
8103
5709
9130
7186
3732
3510
4952
5757
6257
4064
5300
3233
5526
4968
2232
4748
5449
4937
6094
6373
5870
1923
2674
7848
7571
9805
9095
9002
3556
9483
8777
4820
2235
7367
6130
1920
5809
6797
2277
3369
2962
9009
3361
6207
8162
5831
8791
2324
3036
7086
1727
5876
7949
5015
9560
3071
4390
1139
6328
5694
8146
3181
2580
2182
5461
1742
2998
9183
8324
3689
4885
1877
1668
9524
2566
7169
7236
5941
4450
9840
6813
5237
5416
2062
9572
1062
6223
1757
4904
2488
9391
7731
6864
6673
1579
6010
6167
2939
9327
6489
5217
1685
4817
4429
5679
4244
1258
2061
4825
1419
5122
3379
1644
7016
8758
7500
2112
9533
8035
9499
1017
2827
3961
2730
2290
2341
7002
4050
2104
4133
3911
9089
4337
5365
4681
4756
3563
8589
6016
2633
7324
7068
1125
1371
5275
6954
6250
5311
9937
6971
7293
9080
9098
2342
8468
5507
9136
8264
6392
7673
9832
4157
6108
2456
7676
2434
8465
3162
9018
8764
4109
2002
2888
5266
2027
8434
8933
9427
1777
4138
3456
2118
3517
4594
7539
3880
6379
1248
4084
8124
6019
8834
8088
6523
5425
3428
8866
1350
2428
7938
2623
4123
7277
9925
5304
2816
2965
6430
6601
8981
3596
6027
2476
5450
2973
1747
4326
3469
9475
8308
1584
1567
8414
3480
5998
2260
3707
4225
1162
4332
3469
6053
6188
8191
1841
9318
2701
7303
9294
5523
3871
8104
6635
8654
6465
2829
9456
5644
6095
4577
5742
5370
9806
8631
3341
9809
9618
5469
4312
3492
6403
1115
9680
1728
2053
3334
9468
8391
6256
2099
9448
8872
2940
1761
6756
4176
3803
6718
8231
9049
2522
8519
4460
2725
1453
8921
6325
6781
4031
6904
1670
8692
3566
6066
4560
4084
2097
7198
5532
4490
4003
1739
2316
4400
2390
5706
2797
1981
9070
8112
5232
4109
2775
3290
1904
5974
7778
5044
2008
9606
9282
9211
2798
5527
1016
8585
2206
6172
5650
4981
3023
1529
5147
5815
8694
2523
2581
7701
8102
8003
4191
5887
9451
4111
3071
5031
1542
8317
4017
5746
9464
6370
2806
3295
5288
5772
3973
7726
7952
2323
3249
7148
1001
3355
3667
1717
5792
2544
1290
5046
6472
9344
4053
3778
8572
5166
4745
8199
5871
5102
8065
2691
5576
5535
4230
8735
8279
1763
7506
6646
4742
1871
7393
1921
6010
3684
3153
9857
7648
8512
5995
3822
9072
3457
6553
9009
6155
7749
9374
7993
4747
2707
4709
2325
2432
5129
6172
4714
4712
6371
3615
6038
2320
6033
4282
2497
3224
1408
7014
1665
7735
4301
1446
1591
2225
2118
3785
1290
1935
5545
5458
7506
3550
7590
1753
8813
4958
2025
5688
6369
2054
6028
8014
6117
1688
6422
5699
4386
6600
4614
7589
4197
1859
9860
7478
6620
8206
9935
3197
8521
9209
7481
1680
8440
3356
8176
8561
9448
4325
5918
5123
1341
3453
7671
7177
2517
1131
5493
3553
3856
3066
4012
7732
1854
8915
9446
7537
3526
4810
8814
4108
6910
3862
6185
2671
9686
3672
3543
3283
9873
3662
1724
4748
7432
3450
7751
4765
8170
5500
9303
5217
9698
8845
5507
8515
7160
1410
5778
5230
4816
2696
3806
7988
9750
3735
7925
4117
4320
9010
9584
7008
1593
3468
6965
1671
4819
8931
6022
8943
6342
1174
5115
4382
1446
3765
4157
6373
7956
6188
2537
5275
2335
2648
4285
3586
9144
4875
9741
1883
3188
9359
3682
4334
4225
1148
7289
7148
6486
8407
8952
3673
5848
5791
7525
5349
8641
7280
9506
7099
7310
1201
1080
6662
8897
2594
6250
8297
2802
1301
5293
5494
2297
5981
5706
7261
2892
3982
5490
7371
2535
9288
4617
9824
3510
3033
7074
5117
7183
5429
6094
1623
4646
3828
4591
2797
4597
1630
6838
2379
4690
4544
4841
4102
1712
8751
2529
8501
7924
3140
4342
9112
4103
7088
2035
3167
9585
6614
5488
2648
9616
2187
2560
1879
6193
6207
8441
2924
6229
8901
5152
7392
1472
9363
8810
1034
6329
7901
2992
8148
3767
3078
6091
8589
1952
3137
3761
1271
6187
3853
4143
9009
9436
4291
7403
7003
3088
5629
1066
6274
8752
2232
8626
3481
7857
7712
3227
5522
6773
4109
3271
8382
4564
2089
4277
1813
3122
3563
6300
9429
2917
3182
1143
1696
1923
8329
4834
3553
2823
6491
3642
4497
1359
2779
5421
2609
1377
4166
3424
4249
3370
6319
8436
1902
9421
9796
3881
4802
3586
2997
6095
2032
3521
5542
2827
7934
3459
5440
3411
3088
2388
2288
1087
9098
3819
9381
9628
5270
9095
9281
1064
2418
4229
3023
3926
7039
5659
7414
7135
8269
2016
4320
5766
6197
1176
3039
3513
8136
9150
6594
5812
9994
3423
6299
8014
3296
2614
2586
4056
3818
1067
2157
1015
2671
2062
3427
6763
2494
1997
3635
8493
2652
5682
8424
8580
5384
3722
8958
8229
8707
1492
9613
9312
9699
3683
5284
1721
5109
2204
9802
7930
5485
4001
4424
1877
3123
5458
6286
9870
5958
3107
5964
9035
7189
2545
1497
6247
7062
7739
3116
9672
2282
1188
1325
3899
6797
1410
4035
6253
4785
