5928
1379
3110
6003
8236
5466
4041
4914
7973
3065
3262
6240
1116
6373
9974
2142
6432
6404
5987
9594
6095
1032
1118
9338
9869
1414
5084
1061
8268
5191
6217
8737
3911
6534
1282
4465
5012
6610
4087
1929
4967
9709
7149
9033
9665
9933
4428
2287
8455
3417
4845
4386
6767
5643
8989
7653
3753
7728
7705
6182
3141
7097
2872
4614
6371
8781
9760
9952
6003
6919
4144
9709
5424
9535
4362
3991
5690
8246
9999
4261
3508
9662
8242
5287
8607
7550
1911
4178
3832
3415
4982
2439
5617
1033
5922
1375
1530
6639
9401
5811
6146
8801
8004
2632
2634
6068
5227
7610
2543
8912
5395
8890
2172
2851
3637
1984
1555
3721
2842
2954
9306
3471
4547
7190
2164
1342
3273
6988
6670
5117
1554
3460
3733
1220
4419
6266
6519
2268
3732
1711
3671
2830
8593
1072
7029
3800
5363
2884
6746
8148
1811
1449
1595
8569
9928
3301
2749
7514
3335
7631
6870
6850
1816
1936
5985
3742
4227
9657
5561
3640
5638
2028
4865
5043
3982
2107
9787
6580
5398
3697
1685
2904
2206
3620
1926
1230
3745
8798
5084
6433
1007
8168
7590
7231
7111
1924
4222
3921
2094
1643
2335
6643
1237
5413
6412
8702
6594
3171
3995
1559
1542
6031
6659
6297
6218
7445
4229
5931
7465
8024
3701
1367
4146
2423
9515
3936
4032
1213
2697
7004
3713
7013
2692
1339
6357
2741
6572
9852
1883
1648
4770
2597
6514
1629
6147
4246
5324
2762
3676
4952
6656
8764
1708
1802
3641
9115
3898
2845
3788
1012
1002
8412
1104
9456
5212
6601
5666
2136
5531
7940
4477
6430
4282
5051
8110
5831
2506
5683
9675
1700
6995
8036
3510
5017
4494
7038
7796
5148
1755
4324
3586
4897
1869
3193
8331
8159
9803
9615
1390
6654
5847
9677
4071
8139
6964
5036
6389
7490
2055
8873
9958
4226
6367
3803
6973
6190
3694
4107
8570
1840
1312
5911
7329
6003
5330
3447
8241
7182
3568
9371
5379
1115
4904
7162
9672
7194
3985
7838
6891
4405
6781
9618
9818
8161
2971
1933
1878
6501
3740
1097
3843
4577
1589
2590
6799
9016
2613
9670
8792
6765
5979
7557
8657
6385
4001
8962
6727
3191
5729
5001
9272
4937
6535
9711
9871
3962
8149
2237
6384
5725
2360
5107
3788
6717
2770
3158
2480
9488
1937
4297
1167
7960
3676
1266
8798
3456
2659
1109
8061
3991
6658
3099
9965
7659
6061
1369
1295
1446
2056
4942
8475
1877
2372
4680
7268
5629
2214
5210
6881
6011
4937
2281
3830
9468
2760
5634
2335
4070
3279
2793
7950
4517
1435
1143
6458
1294
5779
6449
1709
6021
9575
8206
4628
6048
4730
3007
5879
7872
6554
3384
9948
2045
7630
7422
9552
5166
7349
9985
1300
3699
3454
9689
6585
7313
8309
8885
2686
4862
6016
6358
9333
6064
3978
4096
4833
8615
4051
2532
9332
7590
9061
6026
7867
6962
3522
7752
1550
4518
3367
9520
4082
9069
7492
3186
3643
7026
9452
6248
9248
3235
7797
3222
2912
4295
4104
1638
8675
2363
1248
2371
3331
6987
1529
7147
5010
3136
5892
9430
1030
8681
5501
9199
1565
1230
9800
9631
7935
4356
4374
2133
3434
3331
4561
2143
3773
4362
7067
6388
7606
8583
3083
6121
5726
5705
8690
4543
8932
4049
4194
2573
2529
2481
1830
6559
8968
2844
5099
9656
6259
5390
9239
6118
7993
6559
3693
1023
1911
4608
3914
8889
7192
4437
9829
6615
6567
1526
9564
6403
3039
4469
4028
7251
3740
4997
4514
2638
6283
4754
3142
7600
4090
2651
4691
4016
7271
5614
9075
6093
3176
5490
8900
8143
3127
4472
1166
5543
2377
7567
1065
2676
3922
5587
6560
4880
3023
9127
6000
2519
3006
5911
2772
8838
7044
9901
7443
6236
3922
7567
1750
3276
3182
4401
9947
6812
2298
6719
8622
9884
2751
1997
4894
3181
2112
6894
8639
1131
1868
9308
4104
5133
3845
8541
8569
5294
2457
6615
2885
5163
6113
3433
4886
6453
4913
8266
4082
5352
3568
6368
6985
8400
2161
7452
3904
3394
8311
4565
1433
8153
8539
5026
1039
9742
3472
5226
3245
8200
2040
9728
5622
2191
1597
7627
4987
9305
3837
9927
6395
1039
4914
1045
3919
6342
1365
5201
7256
2446
3376
9287
3257
1414
8887
7734
3556
4892
4357
5018
6465
9721
8083
2396
1060
6888
1523
2364
9872
1369
5553
7138
1647
4664
5025
9075
4030
5252
5278
6491
2335
7718
8037
7747
5081
8544
3095
9065
6556
2069
4887
8808
5782
9586
5515
8800
3685
8156
7296
7857
4930
8208
9317
2836
4096
3031
8717
9134
7650
8890
3664
3200
4020
4749
6251
4244
1736
6516
5409
3268
3502
9395
5698
4351
1813
9647
9868
4477
2720
4806
3864
6008
5893
5594
5360
7026
4788
9648
7106
4235
7937
3074
5254
1176
5480
7807
5996
4800
8267
5206
5042
1280
3550
8719
6974
3247
2285
5356
2872
1415
4166
4433
3232
7362
4740
6987
2345
8686
1031
3649
1458
2660
2141
9424
4596
9690
3702
7089
2924
2074
7469
4742
2801
4378
6639
3245
6388
6119
9224
4921
6030
3148
8711
1768
4542
1411
6599
4035
4185
1568
5359
3796
8955
8635
2725
9919
2380
1245
5995
6535
3136
8721
3130
9021
3568
4489
2613
4121
1378
6697
3371
9131
4519
5293
6721
6308
6219
6414
2694
6893
9200
5900
5091
1102
6356
8691
1639
2198
5912
2493
4850
7024
1110
5831
5523
2739
3801
4501
4664
4878
3061
3296
5302
8867
9718
6443
5340
3294
2054
3016
1541
3715
4031
6061
6910
7807
9602
5345
4356
3731
3263
9006
8124
4174
8380
8868
8096
2775
2556
4627
9152
2650
8563
8553
8584
2293
5296
3282
2464
4700
5345
8146
9631
8757
4238
3045
1009
2982
6430
4745
4848
4265
2136
7569
4272
3138
1015
3621
2345
8608
3728
9118
9869
5646
3036
6853
6457
6419
5882
8541
2682
4444
4985
3218
3360
2962
7890
7787
4057
7140
9459
7224
9884
3939
1826
8150
6534
7678
9687
1887
2561
7792
4348
4625
4019
3213
6965
6813
5277
6242
7970
7881
4214
8178
2855
3909
4549
1687
1863
1514
3454
4365
9415
8776
8259
1410
1265
1079
1909
8843
5075
6617
5871
7312
2543
4826
5476
8459
7458
2082
3091
2642
8648
2125
8433
6399
5243
9410
2271
2329
1690
3922
3757
3025
5358
9236
6136
5414
8705
6931
3673
5661
1989
7831
3471
4805
8470
5455
8738
7676
1385
6369
6492
4566
2113
6116
9097
7503
2357
9321
3619
3806
1613
9201
2586
4415
4524
4043
6365
1492
4064
9650
3706
2999
4856
3453
6836
9857
6245
7701
1277
2183
2139
8134
1584
2074
5749
5974
6588
3005
7444
2920
9704
4825
1935
8503
3438
7782
6378
3296
1464
4568
7228
8145
6501
6541
8695
2685
9474
3674
1611
5555
1809
5060
5850
7618
4192
4757
5456
8121
1978
8543
2405
3991
3428
5992
8699
9973
7966
7464
3024
3002
3196
7000
2882
1326
2873
5593
8063
1148
4400
9461
6424
1553
9877
4232
2403
9046
5858
4971
9534
3555
7707
8766
1763
3708
5693
8129
9605
5903
2740
1532
4416
5370
1519
3103
2206
1251
6094
3445
2069
3761
7871
5778
8291
3097
6573
5151
9403
7299
5623
8176
5274
6207
3376
5564
7845
8180
7553
9415
6768
6316
1178
7370
2915
3742
1901
1151
2881
1764
7331
6891
6343
7749
9924
8232
4891
1726
9388
8555
3318
8658
6106
5733
9708
5328
9140
5329
1665
8892
2965
8958
7162
5756
7580
8937
6325
1545
4392
2073
2483
1273
9148
2658
1690
6864
2349
4986
8404
8837
1027
2757
1854
7532
3878
3018
1641
5867
6634
2008
7672
8630
4498
5309
6486
9359
8742
6348
7768
8500
9201
2212
6866
1477
1513
7440
9721
4238
6180
6626
7995
3638
1346
7126
6682
9731
6134
5712
4097
5047
4383
1505
5269
1195
8575
2006
2681
7678
1786
6064
7795
5645
9380
5295
2677
5703
4521
9512
1616
9146
7365
8609
5674
2441
5499
9870
6841
6817
4956
8720
4160
7196
5810
7861
1855
5508
6427
6702
3304
2704
5054
9821
3048
9920
6511
5120
7507
4709
5520
6718
6943
3507
5549
3436
6205
4242
2059
4145
1366
7179
4391
5623
6460
7496
6445
4677
5951
2049
6004
6589
2244
9465
2520
9628
4379
1331
1170
4345
7878
6232
6834
6372
2112
1625
7036
1308
6687
7624
4308
8918
5422
9581
3499
5634
2557
5118
3158
3790
8865
3382
5141
8370
3108
4708
2459
2351
2627
4615
6292
6421
3903
9598
2120
9650
4511
7555
4523
3310
8347
3714
7626
2095
7228
9667
6418
2021
7777
6397
6778
3697
4411
6678
3986
3366
3814
2624
4965
6430
3998
1544
3221
4125
3657
7764
6097
2165
1649
7155
3742
2149
8357
2815
8863
7385
3393
5490
4808
4940
1761
9079
3992
1236
2974
4691
5903
9944
5562
2230
7826
5078
5371
3868
3536
1390
9217
8116
1413
4536
5480
3449
6105
6585
3668
9841
8918
2121
3905
7035
9996
2070
8278
6633
4611
1666
6770
1915
9408
6868
5671
6753
7171
1300
5065
9675
8089
4834
8047
5074
8214
8531
5745
1309
4658
5067
1065
5497
1724
6379
4324
4949
7067
2981
2351
9491
6350
3800
2719
4566
4693
9216
7124
6214
5310
4837
9877
1937
6043
1140
8855
6635
2937
9875
9112
6450
1704
9439
6341
5852
4763
2089
1313
5485
9229
1512
5088
3303
3453
7881
2621
4059
4182
1205
3462
4750
1222
4768
4418
8311
6341
4277
9977
7235
7415
5269
5348
5277
3425
8277
7705
8404
2293
7852
5956
5347
1659
5639
3971
4606
3528
5680
2173
9409
1483
1558
4625
4019
4007
9479
7398
8216
8045
4813
6970
2866
8765
6194
3314
3209
4216
7107
8998
5892
8571
7757
9569
4869
1417
9921
1128
1828
1822
7547
1938
5157
5313
1577
1922
5677
3652
1942
2428
2830
1128
7547
1764
2040
3252
7065
6019
9522
7584
8518
9276
2492
4045
3884
6952
2427
7174
1801
3361
6086
4505
5879
4942
9610
8224
3065
4265
1720
5774
2157
4903
6415
4611
3467
7591
3868
4254
7345
3560
6137
2016
5600
2444
4335
4354
1995
3578
8955
9590
6753
9077
5018
9338
6583
7587
5400
1814
7077
4414
1243
3292
8136
9872
2801
7019
9956
2290
5902
8499
2234
8562
5265
2652
5441
8403
9261
2963
4843
1977
9870
3163
1195
1032
4580
6123
9579
1487
8371
4645
5258
5847
9699
2402
9566
2076
1253
4799
9524
3017
6146
4073
6999
9500
7554
2896
5024
6303
2524
7016
5453
9885
3475
4431
9466
5479
7210
8329
5340
5392
8361
5193
8118
3954
8656
3544
6235
9759
3371
2184
2414
5115
7565
5872
2591
1975
4830
9630
6712
9403
9097
7431
4626
2148
2348
8809
4153
8858
9652
3835
6506
7247
4429
6598
3947
7893
2703
2277
6066
2369
3159
6576
3999
4952
7101
3459
5729
6681
7931
4240
2734
9848
3403
4866
8448
6248
1642
9646
2984
9390
3595
5709
9239
4025
8066
1095
4145
7646
6059
6254
4502
2244
5145
5840
7484
3693
5313
8954
4908
6277
4286
6291
2047
3864
3127
9308
5673
7191
6344
6716
2214
5016
7511
5210
9139
1802
9396
5166
7063
4148
9217
3054
3084
1572
3444
5837
5363
7768
2841
7104
7507
3436
5862
6194
2334
6678
3154
2457
4556
7439
3694
3656
9229
7018
4589
6274
4578
7220
2975
4087
7325
4128
9899
3289
3694
4604
2910
9704
1713
1201
9902
1510
8595
5478
1176
2510
6388
5207
1477
3322
1841
1807
1397
3793
7526
1640
4484
2705
4728
3759
5517
4700
1655
9001
2050
6339
3104
6299
5560
2987
9749
7597
2572
7815
4634
7962
2493
5170
4798
8474
1882
7969
2177
7666
2296
4787
2844
8113
7205
2891
9004
7592
3387
3691
1155
8736
2620
1487
9794
7620
1720
1181
9214
2969
8140
5788
3126
5328
4128
9656
3331
2353
1309
8593
3151
2126
7687
4662
1564
9557
7204
5185
2243
9300
4701
5932
1413
1084
8583
2526
2684
5553
9632
3624
1954
6284
6553
9245
5011
8949
7216
9685
6698
3051
1033
2622
4727
2227
7407
8686
6960
4424
8476
7547
1909
9621
1750
7231
4280
5119
2296
5621
1277
9504
4895
8572
5071
5099
1903
2780
2266
4785
5903
5159
3512
6425
3880
8318
4739
8404
3328
5312
3102
7400
3119
1672
1408
6699
2416
5869
6269
9944
6193
1875
1907
5492
9964
5001
1990
5872
9975
8266
3814
4832
5667
6135
6753
2222
2793
8046
4349
3696
3325
2873
1678
4655
3933
4921
6280
2319
8378
7793
1224
8310
2290
9532
5474
3237
2559
3149
6221
8060
6824
1149
5525
8816
9433
3144
4735
4725
5627
5775
3984
5479
9661
4832
3019
4583
3813
4820
6737
5399
5230
1469
6174
4806
2261
4617
4708
5459
6552
3437
8144
4390
5523
3513
2380
9914
9974
9093
4542
1183
5808
5029
6415
2542
2324
6523
4266
9341
8906
1738
8934
3229
3426
3749
4352
8914
1979
3363
9102
5144
5415
2390
9758
8837
1967
2074
7257
7584
8790
3167
2338
2473
2162
2842
3235
1587
6345
9633
7423
5032
1586
5788
7046
9777
6844
5019
1130
6336
1682
4481
5974
9186
6565
1434
9333
5339
2470
5445
1936
4938
2745
2765
2588
8801
6175
5067
9176
5823
7398
3546
9733
9281
6431
3569
9121
1237
5650
5488
9114
4460
8909
4017
7000
2697
2669
3435
3121
6381
8830
9612
7500
2323
9753
6113
3896
2773
1876
1012
6185
5868
3815
6055
1035
5908
8330
6116
5361
1185
8494
4718
9904
8223
8141
2337
1065
3323
9466
2984
5132
4481
2895
2378
1448
1286
2729
6372
3832
6377
5728
1847
8405
9473
1453
5974
3279
4169
4076
6934
3227
6137
6711
5203
9588
6797
4643
4949
8475
7270
4287
6428
4963
2965
5812
6216
3727
2140
4462
3244
3224
9578
2909
5654
4484
1264
5407
4064
6464
1871
6961
5048
6572
5927
8674
7434
2900
5850
2339
5211
7301
5634
5494
7008
3464
5644
1093
3708
4583
6650
7577
4080
5810
2022
2382
2136
6268
5788
5520
6498
2736
4102
2309
2270
1901
5929
1858
1696
4918
2600
6768
3804
7813
3016
2015
5602
7502
6660
4119
8863
1742
9249
2069
4383
5250
2485
6142
7016
5487
6647
2735
2751
4306
6251
5620
1986
4959
8372
8373
1593
1222
4453
4538
9152
6253
5041
4092
4206
6674
1065
5073
8469
3853
4118
4770
5084
1158
8566
2996
8484
2739
5261
5794
8820
3008
6431
3151
4798
7374
9766
6802
3277
9089
5671
4722
3765
4914
8413
5919
9569
1713
4352
1480
7541
3388
2299
7659
4261
1727
5607
1754
3893
9054
1720
3468
2979
2710
4786
3723
2330
7298
7780
7136
2572
1181
6459
4039
9814
5405
1449
3794
4237
3981
6283
9197
4728
3389
6701
5618
9616
1422
1400
1083
2515
9172
1633
4820
5846
3953
3300
5275
6264
6413
1164
9931
2674
1797
8672
7636
9356
9271
2757
4069
7861
3175
9610
4003
7171
6585
7494
4287
7120
8072
7095
1842
1271
6736
4426
4758
3619
8759
8602
9384
8637
6348
5619
4808
3556
9733
4017
1512
4941
2444
9504
1986
1107
6844
4597
4636
7791
8124
8388
5051
3856
2767
6606
9838
2074
9414
1522
3778
2541
5786
6287
6846
9586
3653
6588
9184
3443
6599
7021
8635
6892
8274
1567
3863
2902
7680
6159
6833
1249
3802
9119
5496
5117
8369
1738
1918
9455
3295
6511
3030
4493
6618
5325
2574
9596
4066
7607
2350
1142
7201
6341
1700
3471
1372
7975
5243
3103
6517
6603
1626
5373
1202
8826
8348
1989
4339
9376
2485
7495
4926
6012
9496
5404
1266
3717
7536
1655
8948
9751
3159
2926
2118
5310
2491
3357
6867
6871
5674
6298
4223
2162
2737
7765
9722
5143
4643
3712
8887
9236
3955
2430
1821
8516
4418
2574
6706
4006
6315
8040
6397
6654
2586
6470
2720
3872
3750
3312
8276
5906
2846
3385
3186
3640
9587
5726
4184
1882
2812
2997
6813
6785
3480
2605
2618
5407
5372
9501
9566
3123
5775
1826
9261
6990
8728
8549
4919
9024
4379
2648
7551
1406
3631
1323
8946
2438
1054
6714
8779
5037
3343
8893
1891
4657
4799
1140
6146
9660
9897
3728
9556
1229
2221
5026
7469
1472
1503
3673
2662
6593
7759
6897
2386
4428
5178
6247
8924
3323
7847
5072
7648
3130
3699
3701
1157
5570
6154
4588
7850
7948
6175
2500
3665
1345
3936
9606
6091
6171
7829
7112
5262
2623
9286
8037
4395
3269
9629
3851
6634
1430
2133
8924
1622
8992
4849
5415
5267
4989
5319
5028
8587
2532
8809
4750
1298
2264
1001
6751
7628
3464
1609
2353
6748
4914
8874
4035
9225
3421
5462
3510
2375
2720
8638
2693
6121
3441
6080
4456
8697
6492
6461
5079
9428
9076
4656
2675
1921
5211
9945
2115
1522
3491
2987
7636
5234
8639
5874
1594
9215
1747
1673
3184
2571
9415
5182
7798
5724
7373
3126
4116
1238
5983
9103
6735
6535
3974
6171
8030
4286
2893
3621
4088
6341
6800
8669
8584
7174
2704
1586
8020
3085
6061
7023
1563
2873
6644
7058
7660
7577
3590
7302
2747
8211
8146
6299
4145
4201
1609
9240
5079
8223
3626
7541
8455
2664
8864
3133
2741
6980
9917
1623
1222
1734
5527
1532
4046
7302
7405
1298
6589
5835
5091
8539
9670
4110
9923
4109
5685
2113
9553
5814
2644
9244
1674
2463
4074
9460
2305
1399
5668
5970
1082
7959
4661
6814
4998
8606
5148
3780
7698
1572
3005
1775
2113
1243
8896
9613
8869
5957
1715
2556
1902
4938
2045
3479
8802
2588
1885
1734
8651
6170
1938
6577
6954
3587
5038
3455
7006
3101
4066
5719
5057
4325
2041
3847
2436
7624
4380
5573
4291
7615
3732
4803
1921
9247
1279
9835
3219
8669
9914
9814
5869
2508
8695
1469
2032
7524
3682
4859
4798
5412
9978
1641
2326
6612
9445
4119
4616
1189
9218
5976
6449
8273
3256
7820
3802
1193
1952
3933
5402
1333
2372
7121
9140
6034
5492
6624
6693
4351
2362
2728
5716
3741
9710
9418
9700
7880
5148
3653
4054
9765
1962
1957
7504
9836
7649
1364
4817
2412
3842
9813
3961
7750
4439
5305
6008
9445
8037
7253
1208
6363
7157
2406
3533
1229
6200
6087
4079
6919
3627
8529
6839
1511
1213
4500
3336
7160
9536
5258
7185
7892
6644
6364
2592
5647
3571
1116
2444
4073
3277
4931
3284
2108
9665
7167
8895
5624
4359
5537
7588
4914
3556
3700
9105
6081
3303
8423
2810
6103
4291
9881
4320
9902
6510
5862
1631
2846
2719
2484
3571
6100
3637
5253
6693
9907
2906
6418
2829
4980
5508
1837
3406
2040
8546
1074
6519
6655
2821
4784
7535
4190
2042
7963
8516
3583
4800
7022
4085
5571
8576
1807
6744
6907
1678
2522
4784
7607
7638
5935
3792
5245
4694
1453
9713
1737
5200
3046
7113
4941
2195
9671
3879
2223
3702
1316
2392
9387
5956
1858
9565
7312
4666
6014
6235
4835
1096
7585
8516
5063
2728
7075
7222
1172
2667
7259
2519
6164
2051
6968
4036
5400
1603
2202
7345
2273
2460
8228
8371
2356
6085
4138
3873
4120
2661
6231
5592
4960
5130
2011
7222
6857
3545
4746
3506
2626
5647
6805
7713
4974
5591
4450
7700
3137
5730
3470
8780
6071
1210
3292
2895
7084
5776
1329
1585
2739
7428
9476
5917
8015
2851
7733
8368
3318
2717
8838
4466
2712
7637
1521
8092
2948
4815
5732
8833
3316
3070
4501
6836
2889
1870
1334
1338
4779
3404
2529
3780
8964
8169
8568
5802
2280
9875
5099
1236
4395
5743
4581
5455
4412
6470
4325
6213
1404
1098
3678
6511
4352
1138
9730
6140
2899
1294
5225
1205
6965
3104
4129
2052
6670
4944
4874
1079
7452
6855
3023
5157
1106
1268
1555
2279
8404
7551
2075
2225
2761
2989
5188
4269
3808
3070
3506
3688
9440
4556
1538
2714
6913
5740
6082
6777
2560
2593
3356
6743
5422
5143
1545
1615
1532
6728
1635
6582
6260
3380
6149
3305
3980
4806
6725
5327
9392
5701
6078
2912
9354
4940
4478
7000
4490
2284
1518
9596
9914
4176
3335
3290
8234
9277
5866
5411
3990
6211
3306
3618
2915
2267
7936
8243
4840
9082
1595
4040
5725
4517
4550
9295
8550
8026
3226
7783
2622
1298
3162
8240
7830
5783
5542
9660
6919
3381
7632
3326
3519
8814
8767
9699
9326
3874
2051
8444
5663
2241
1805
7762
5500
2676
5196
8876
2768
1207
2500
8128
8818
7129
7568
2170
9631
2186
7528
2833
3978
7880
9472
6164
3375
2021
8219
7897
4754
9055
5723
4591
7424
9485
7321
1309
1129
3956
5143
3280
8721
1781
5674
7666
6378
9898
2320
7029
7710
4526
1532
1980
3035
4292
9386
9660
2922
5904
8128
3470
4161
6166
1124
6384
9107
4827
2122
8501
3453
7048
3515
5041
1513
9094
5198
2347
6732
6510
2961
1463
9322
2732
4672
1172
9707
9883
9517
9398
3858
2489
7327
8812
8143
6544
4986
6614
7585
6422
1249
5789
7494
9621
4239
2973
3193
8350
4192
3562
1877
5154
1094
3216
7117
7064
3207
2171
2640
9618
9248
1143
9682
9455
1583
1769
7278
8397
3945
3393
9743
5534
7558
8907
1928
4334
4707
5379
1649
2992
3215
3557
5040
8268
5504
8359
6947
4740
1994
9631
4609
1005
6513
5604
7097
3377
6418
8661
9086
3769
8442
1291
8919
9805
6833
1349
2371
3079
1029
3401
8654
3052
8120
6856
8942
1512
3401
2800
3053
5919
7785
2902
5956
3265
5992
6531
9732
7184
7352
1910
9349
4136
5280
1537
4941
5454
5167
1692
9546
4819
4362
5102
1106
8718
1079
9524
4878
4547
7539
4524
6548
4879
8576
3014
5029
7145
7664
8878
1600
9700
3711
8425
4255
4609
7098
8964
9599
3312
4470
1710
7372
9651
3726
4658
9232
3790
3253
9767
5987
4596
2785
3307
3827
9895
5754
4693
3812
1108
9146
4993
8585
5719
1398
4054
1316
1052
6003
3913
1072
6917
5626
6577
4080
5815
9046
4593
9417
3409
7190
6714
5066
5350
6241
3952
8650
8509
1192
8835
5201
9883
3061
6515
3413
2855
5627
5483
5127
6185
4457
4324
1884
4313
9145
7988
1844
4204
1641
4656
6165
4790
5816
1038
3539
6398
9938
3067
4161
4984
3508
2177
2274
8071
2769
7679
5532
5293
5666
2672
8860
7238
8152
2127
1402
6792
5496
8985
5437
6568
3647
3523
4108
1610
3968
2043
6913
2009
8362
4669
1146
6221
4440
7228
3548
3937
2874
4270
3620
1419
7775
6715
9318
7677
9872
6479
1583
5410
9725
1500
2569
6085
1187
7376
7769
7995
6771
5133
5365
3793
7083
8340
1492
1671
5418
1032
6368
8423
5259
4418
9111
9949
9992
4678
9775
6651
6427
4957
3594
5449
9801
4323
8446
4306
2048
6266
3824
3302
2240
7544
4970
5415
2052
1300
8536
1349
1435
4692
7946
6751
1452
4139
5656
6590
4076
5532
6433
1922
8998
8610
6105
4152
5915
3866
2927
5577
1403
1709
2463
1231
5872
4777
6767
9564
3876
2432
4381
7693
4363
9089
4080
3921
2620
2816
7061
3065
6628
8743
3398
2306
9629
9701
4218
4141
1659
4709
1896
2865
1710
6256
7570
3582
1631
6499
9915
2834
5929
2045
2816
1794
8235
2002
7986
6955
1012
4541
5790
4712
5320
2244
5385
8123
2622
3624
9416
3630
9382
3841
6050
3882
9370
3046
7780
2682
7988
9624
8281
4573
4446
1529
1752
5884
2963
8149
4003
7057
3945
4759
4925
9845
6583
6085
5694
7285
6306
4230
4500
1426
1643
6266
3815
2594
3379
2845
1232
8845
9407
7633
5388
2804
9154
1060
5430
1001
1658
3817
2585
7014
2892
5598
9059
8444
8172
2575
4652
6918
1760
5223
7209
5036
3012
4503
4973
8118
4994
5304
8065
4038
4861
3388
6064
9133
3671
6966
8112
3245
5036
9193
3911
2606
4635
9784
9634
8941
2584
2801
1239
5091
4508
2769
9819
6826
1559
2266
4452
1292
9029
3716
2575
9973
5141
9052
7028
5275
7861
8846
8205
7692
4568
4183
1013
5112
2409
6891
6332
3869
1585
5633
1020
2469
2721
5012
8196
7093
6164
5032
7428
9649
2851
5580
8488
7549
3139
8460
3331
6357
2729
4091
7390
8751
2910
8277
9649
9504
7559
3462
9536
8632
2239
7992
1430
8416
7301
3449
6640
7208
7033
6701
2070
6519
4240
2063
1738
3141
5297
9842
5719
6241
2826
3023
9498
5925
5875
4381
3891
2784
5009
4807
3899
4946
9066
6799
3637
2861
7780
6323
3873
3444
6320
4326
8854
3295
6106
6321
7218
5608
2025
3579
1081
4862
4718
5522
8524
9507
5766
4971
7844
4254
5799
5058
5046
1698
5989
7588
4709
5392
3849
5433
5928
1470
8278
6081
7029
7622
6015
9347
1442
6461
9918
7544
3267
2787
4121
7434
2875
1462
2481
5578
4167
1347
8650
6313
2288
2880
8303
3139
9840
6366
8009
7529
3330
5578
1945
7482
9088
1868
3934
2245
1380
9932
3078
1319
9195
8512
1693
2128
7898
4104
7246
1898
1481
1249
5645
3029
5819
2137
8285
5156
1334
8652
6370
5722
1437
6386
9088
1192
4027
7582
5989
4481
2334
9472
1560
4494
1279
1640
5995
1610
2884
4576
1772
6711
1310
5691
6344
9032
8089
5283
4864
4882
8148
5605
7215
8236
8094
1765
8920
6728
1986
5152
5649
6456
5521
7491
6606
5359
2452
5257
2000
4245
9584
2594
4542
2242
7701
5346
6221
3881
2447
5626
6228
3329
2401
1744
1440
9304
2501
9324
7596
1231
7109
8676
5793
6925
7331
3749
9372
7563
6496
3969
9013
4320
1285
9776
2737
5978
9804
4991
7585
6153
6061
6626
1482
5977
1514
1594
3965
8611
2282
4180
2832
1085
6677
8541
3348
6603
7294
9677
2759
3718
1537
2215
5657
6443
6616
3471
3520
3588
7843
3126
3497
6918
8495
7817
5886
4533
8271
2442
6566
9902
4460
4182
7493
7561
2461
4732
6361
4762
1428
2069
3623
6926
8177
3278
5614
9892
1368
7412
7124
6954
4283
4017
6269
1052
6843
6244
6679
1871
6364
7650
7505
4158
2402
7470
7157
4638
1362
7536
4684
2123
2611
6217
7958
5743
3664
4738
4651
8931
4347
2231
9991
4363
3949
2239
9765
1482
7779
1807
6791
2833
6940
5241
4408
2594
5996
3261
2710
2772
9139
1904
5784
7332
4138
7651
4575
2853
6203
1349
8419
9972
6714
2421
3001
4940
3577
3733
2692
3428
2713
6494
2621
3812
4509
4733
5206
5642
4060
2117
2195
1479
9620
6604
2510
3500
7949
5944
4619
7886
8133
4328
3569
2806
3931
6337
3338
4936
4756
8231
1676
7335
9426
8804
9256
2688
6828
6928
3446
2413
5922
6093
7230
4871
1053
7283
1104
1701
2261
3465
9422
6607
9860
9818
8060
8676
2485
5673
3673
3895
1547
3121
7282
7543
8319
9266
4897
9251
7577
9561
1581
4895
5402
6653
8346
2719
7101
2097
8420
9510
6328
6167
8091
6717
2642
8843
5410
8946
1704
4758
2987
1516
4516
5641
4795
7681
6296
8306
4605
4792
8751
6107
2288
5442
1301
1382
4839
1393
1074
6275
5219
8256
4629
5476
2460
7436
5638
2159
1065
5284
9499
7708
2912
9499
4551
1501
5819
9770
5370
7155
5331
4683
1081
6738
4224
7851
6381
3098
1141
1965
9419
5100
2517
7241
5115
1822
6231
7248
3999
9331
3230
6150
4569
6590
6952
1952
6710
