9378
1015
4732
6312
5634
7175
1376
3924
2295
6424
9613
4807
7860
3628
4168
1092
1724
4406
1035
7467
6227
3487
1519
8136
6704
2201
6240
6547
8599
6574
4851
8528
8874
7248
4452
9257
2305
8090
6213
1319
2129
3234
9325
5329
1535
5751
7962
9145
4002
3946
1900
4418
3620
1545
1321
6545
7210
6605
3954
8784
3529
9791
9716
6433
5689
3751
3469
8073
6678
3256
4114
5765
8904
8156
1118
4566
5986
4961
6805
4731
3021
6721
3095
4948
6291
4058
5548
2887
7802
3953
5758
2309
1135
5167
8518
7858
5895
6019
8513
5935
1739
9423
1141
4357
9391
4294
4329
8253
7250
3156
1975
7981
5469
1456
8016
1339
6740
7460
5721
7311
2093
9197
9461
9864
2210
1448
5373
8283
3395
8731
5432
7949
1098
2884
4552
3451
8582
6616
2216
6770
8811
7537
3549
6032
4929
3468
8203
8473
5875
5791
9893
6190
9106
3009
3927
2371
1069
2067
6441
2427
9900
1694
8677
4722
3056
5865
5228
5286
8825
6217
6408
8783
9387
9888
4629
7534
8113
5406
2721
1792
8689
3076
9641
4243
6245
3839
4490
6820
8873
3980
5579
2340
4059
2204
7469
1173
4647
2962
6638
7489
8440
1462
1036
5065
3024
2485
6857
9140
7523
3065
7809
3313
1034
8230
8965
9391
9664
2361
4601
5012
1154
1497
9706
2608
4821
2300
9466
7340
6042
7323
7785
1792
5686
5016
2629
2859
4410
1919
5018
3482
3159
6492
8073
8190
3922
1687
2591
9277
3844
8661
5695
6027
1809
5457
4658
7238
8674
6490
7662
7484
2063
2343
5867
5805
4128
4351
6703
6353
7259
1137
8973
3184
2313
4699
3139
9835
9465
4336
1860
5624
2153
3882
3333
4656
2899
5746
4288
8087
5275
9810
8854
1102
3467
3562
9091
5438
3773
5470
8951
3993
7369
5143
6229
1102
1356
1521
6162
2172
1314
6491
5218
3815
2185
5962
9139
5967
4250
9138
2282
1338
3604
7828
5517
4396
1545
4185
1436
1896
3021
4700
4893
4378
1459
9310
2109
5040
2319
3187
1408
7902
9552
5635
5309
9559
9969
8456
8120
8006
1864
4153
5989
2432
7436
8060
1117
7989
6633
6369
2811
6625
7000
4570
3588
8056
3835
2466
8738
1781
5927
6283
5962
3484
7308
3548
4983
1821
3349
6976
6434
4671
3484
4216
3263
8522
4745
5858
8682
3492
1039
1728
9537
3884
1419
7864
4037
6709
3644
5620
5786
6447
9191
9414
3589
5034
4867
6723
7262
2062
1637
3128
3361
6847
1158
2745
9503
4777
6132
7731
4929
3478
5470
2018
5679
5222
1999
3324
2085
8783
3285
8881
2504
5757
6995
9708
2519
9686
3120
4569
7772
9632
3085
4896
3791
4108
6974
3921
5168
6557
3075
4586
5873
6174
7269
7654
6414
1680
5905
1262
9964
3204
3024
4875
4205
6761
4894
1745
6967
6106
5141
3676
5133
1506
4014
5149
3220
8583
6090
4108
8229
1779
4219
7199
5283
1414
4544
5142
6289
1875
6503
6367
8880
3477
6956
6194
3738
7933
9199
7060
1875
7143
3487
1822
5358
6288
1360
1301
9314
4105
8986
5557
5303
2959
1257
3264
2246
9325
8083
5929
5614
2548
3872
3580
2578
7364
7786
2302
2852
5409
3347
4821
1197
6981
2704
1758
5542
7214
1303
5767
4448
6210
5224
2432
3622
2361
4269
3203
9495
5782
9736
2933
4269
4324
7912
6619
1862
8710
6582
1266
9321
4323
1644
3365
3904
6166
4080
2863
6347
4828
1395
3211
3798
6332
2530
3721
5129
4723
1538
5629
2698
5639
1986
5128
2138
2594
9014
1202
1543
4752
5225
5840
5584
3877
1607
5514
2549
4651
5081
8793
3404
6015
2711
1308
1505
1018
5648
2624
5255
1904
8221
5888
5692
1445
5088
1472
6375
2196
2331
2853
9768
8906
3312
6784
5127
6935
1468
8137
6350
7550
2411
2134
5184
6129
5434
1272
4445
5680
2245
7353
3857
7161
2779
6340
9040
7779
6107
4981
1515
4059
2235
4867
4945
8422
4490
2572
8649
1919
9986
9758
2152
5201
3950
7048
3013
3576
6702
3288
4141
9315
9944
3486
4131
3072
5739
3961
5876
4325
6495
3065
9042
3000
4739
5510
2361
1050
5426
1210
5464
8571
6995
2473
5793
4162
8478
5778
1921
3344
5593
9696
5118
7237
2656
3435
3851
5785
9664
6897
5435
7809
9731
2104
8268
8263
3275
6725
5074
3019
6309
6478
4867
3952
5978
7948
6080
2904
3880
9463
2600
2675
6530
8229
8734
1927
2732
8293
3191
4763
3841
9254
5144
3321
3007
1081
3311
5005
8766
2276
3731
6077
2509
6256
9649
5058
6045
8949
3236
2970
2347
7939
1739
3544
3012
6348
2939
3340
1797
3625
5392
4662
2673
4657
7637
7448
1984
1681
1442
1979
4226
6613
3972
9997
6556
3546
4127
8210
8778
1586
5054
6504
7984
1385
3901
3372
6379
7556
3619
4854
3902
7923
4888
3107
5830
9777
7728
9463
1827
7211
1582
6751
8092
7006
1542
6118
1837
6690
8106
7482
5905
6856
6372
2302
2242
3875
2481
8495
6775
8722
1187
8174
5717
9234
1948
3212
1598
8544
2431
1406
2694
3010
1973
9042
1384
1837
8210
2944
4731
2076
9805
3276
1676
2068
2728
2163
4165
9832
1571
1307
5335
1380
7555
9057
2953
7750
9776
6180
1817
8132
4309
6970
1157
3089
3341
1068
1989
3022
9942
2689
6895
8919
9132
6059
2897
1084
6383
4985
8358
1725
9787
3200
9283
9648
4894
4800
4268
7827
9998
1482
3757
4234
1112
1726
1275
6972
5707
2955
9341
1830
7686
6976
9024
2665
6650
3570
1120
1910
6120
2241
3779
6590
9275
8330
6656
3163
6735
9842
2803
5320
3451
9173
9880
2066
2786
5021
3110
9845
5273
9376
4247
3067
7720
4185
1302
6386
4549
5272
4298
7621
1122
7182
2035
7413
1817
5115
1484
3844
7356
5420
6499
1517
3710
2214
8113
9767
5601
5333
1162
7591
4779
1412
5862
9284
1456
4619
2595
9756
1592
5372
1840
8840
3401
6667
1860
8492
5610
7193
1442
5897
9874
4187
6860
1365
1210
5940
9501
1250
7582
1514
2093
5553
7977
3377
9810
6245
7916
9149
9896
1511
6258
3218
3865
5145
2428
1802
4919
6049
1664
6502
3796
5343
2154
8715
1561
2450
3895
6117
2398
2146
6337
5293
2695
7087
4327
6874
4598
8084
1013
9335
2234
4314
3878
1193
3379
1321
1540
9712
4265
5031
2162
4741
7520
5088
9499
2721
9571
9831
4775
6367
9322
9436
1431
8313
8804
1765
1651
6229
6012
5972
5074
8714
2511
6576
1890
3528
6341
5215
9771
6114
4467
1830
1542
1440
4871
6033
7714
2133
1228
4394
9605
5526
9953
7769
1168
1059
1837
4856
9465
2044
2380
7174
4697
5052
1041
3479
4398
2485
2765
7960
8147
9211
8377
4818
1629
4454
7981
1764
3261
4691
4857
1117
4277
6322
2686
4100
3990
1771
5527
8784
5103
8564
1924
5419
3461
6562
1964
7285
7176
2177
5464
5243
7234
2202
1660
4198
1731
8616
6932
2401
7167
7698
9331
5691
3260
8439
8764
3297
4127
9050
8143
3952
4615
8033
3699
2497
6250
4991
3280
8143
7411
3062
6332
1780
9110
1577
6081
2846
1503
6093
9716
5593
9577
7151
6043
4870
6125
4229
2311
2927
8908
8797
3002
5090
7678
1424
5817
7310
1316
8120
3364
2995
2977
5136
5892
9745
4655
5850
9816
1693
4869
4261
2441
4889
8336
5975
1492
1535
1461
2643
4612
2753
4114
2500
2953
9346
9037
3743
1679
4126
1470
6520
6758
4168
1174
5981
4719
5983
4470
8837
5932
5362
5794
2351
5139
2670
9654
1293
5121
5822
9837
9935
7921
6283
7599
5332
8251
7255
2621
7254
6946
4317
4762
9414
5771
9461
4960
6833
7025
8360
6930
7998
6481
5158
3408
7846
1001
7083
6765
4602
4034
4464
1631
2371
1126
4021
5602
3920
3556
1624
2587
7572
3810
1711
4188
9113
1682
9942
6806
3269
6101
1536
1120
8830
8271
4876
5315
5387
8171
6277
1750
6034
9860
9956
6634
3101
8336
4397
2888
2428
5579
9421
8752
1124
3524
4219
9114
6492
1347
4196
5180
2038
3736
2652
4491
3963
7560
6327
7117
4989
7426
2249
3879
4223
9848
4141
3583
5168
1682
7478
8177
8981
6850
9875
1395
1218
4077
4857
9597
4410
7087
3522
6350
4179
6438
3965
2292
2332
3310
5584
8607
1643
6298
5315
2042
2520
2755
5644
7037
9674
5042
9550
5456
2387
1392
4790
9880
1597
4832
2181
4301
3378
9386
6696
3269
6232
6351
6610
1779
5496
6803
3449
7193
2952
9821
1776
8475
9009
9271
4783
2188
3857
8743
5311
9343
9085
2453
4125
9435
1729
3214
8046
7160
1363
8557
5497
5903
6861
9120
1861
9184
4223
5367
1352
4682
5372
6076
2611
7830
6430
1277
4513
3630
9008
3854
2285
5168
4384
7310
1565
7301
6328
9438
4633
1871
3395
6651
4715
2801
4067
5268
8485
9867
6244
2192
9027
3495
1920
1972
8401
1472
7720
8433
1476
8400
3700
5354
9856
9934
2167
7379
2049
4473
1891
9387
9955
2228
2034
9482
5929
5756
9840
9706
2457
2922
2852
4456
5440
8949
6308
8412
3073
5092
5292
2466
8794
9384
2147
2644
4198
9169
8440
2756
6812
6503
9194
3982
1463
7515
5933
2849
9622
2559
2531
5592
3243
8541
2811
9862
4838
1816
2778
2618
4900
8037
7007
8976
2378
2038
3131
9720
6497
1262
6099
7669
9433
3074
5439
3020
4141
5696
7701
6316
4001
7994
3683
5770
4192
5420
8982
6176
4174
1459
7891
2760
4534
7782
5416
8196
7155
7361
1296
1444
5595
2484
4429
8981
8230
5204
3286
5445
8528
2744
1561
8991
2724
9772
8100
7051
6155
2274
2197
2803
4089
8210
4034
3445
6130
2966
5726
3221
8483
3843
2358
3965
7340
2784
5293
7852
8290
1402
7157
6879
1904
9739
7001
2931
3691
2861
7144
6053
2326
1790
6427
1468
3127
6821
3703
1742
2632
5543
8149
7205
2680
8186
4098
1090
5866
6047
7977
2220
2526
8982
5055
3471
8085
2275
4268
6626
3529
1397
2947
9388
1096
1640
1073
2379
2967
1453
4738
7339
3321
7644
3717
1354
3177
7800
7995
5762
2259
9545
7436
9903
6850
3781
3404
8489
1391
1751
4456
9481
2803
4196
1278
1661
6164
3294
9446
4956
2425
4121
4304
4954
6880
1105
7698
7651
6389
4228
6221
3581
4905
6925
1096
5824
4045
8828
8973
6037
4706
7806
2830
4123
3026
6409
1111
7951
9206
5462
6859
7240
5782
4364
2889
2776
3990
1807
1929
4244
6835
3752
4631
6704
3896
8539
6865
9476
6349
2819
2754
2599
1897
6591
2645
4226
5252
1907
2794
2255
3540
4800
3774
4070
1791
6586
3226
7910
9646
6612
6473
9122
9183
2662
4593
2047
7487
5551
9386
6616
4647
2511
8355
7893
9843
2958
1300
5738
4367
2835
3665
8423
1430
4247
3135
9234
4164
7946
2712
6726
5727
6036
9467
5390
5466
9090
1739
2908
1347
5057
6966
7610
1182
2274
4487
1018
4515
4138
7279
3189
2211
7024
9230
9919
2269
4800
2941
3935
1828
5865
6694
4587
6160
1352
6885
2425
3629
3253
8515
6206
2437
4900
4291
9995
9378
4742
4574
1314
5537
2920
9390
4751
6492
4797
5697
7584
2055
5576
4430
2467
2906
1056
3172
5177
3374
5884
2521
7827
6523
2621
1717
3078
3116
3394
7983
6041
1709
4118
4975
9112
3780
6272
4483
2828
9871
8880
5510
3496
2049
6283
8889
9745
3307
6802
2610
6658
4102
5031
2052
3970
9211
4184
8700
3075
5144
6442
4332
4776
4771
8271
3796
5969
3684
5445
2395
2336
2672
4033
6429
1722
8824
8144
5665
1076
3513
9235
8207
2523
8007
3596
5501
9124
3460
8165
6273
4764
4854
1435
9366
2877
9167
2473
6085
6469
5475
1405
9645
9119
9422
9800
3317
1421
2960
9561
5879
5034
7143
1531
1871
2315
9263
1691
1361
8625
1935
7214
5956
4190
9708
5589
2911
2591
2472
2217
3529
2254
2114
2333
4082
1824
2992
1829
7248
9994
7553
9677
5779
6823
6007
1778
8549
6882
1771
1573
7588
3159
3925
9318
8277
4664
2727
4066
1071
4542
9453
7480
3498
6598
2603
9897
7525
9311
7428
7620
2782
3102
6692
4948
9251
3900
2800
6144
1626
8039
1317
7504
5627
9143
7007
2934
7324
4960
1826
6624
3989
8507
9961
5995
8346
2583
2001
6461
3443
2992
6684
5630
4262
5360
1537
9568
4904
6880
2958
8023
6026
5481
7871
2024
2370
7118
8913
5179
3599
2951
7536
8580
2280
6293
8739
9869
4126
3473
7348
6382
4694
9419
4467
8336
5698
2136
8278
6374
4303
1842
9126
5374
2708
3156
9986
5369
6825
5093
6721
2117
3583
7448
4028
6790
4644
6863
6362
5009
2114
5221
7654
1421
2783
6331
3362
7742
2734
4303
4300
8797
5519
2818
6904
2738
8677
3237
2349
8337
1112
8075
8648
9802
2349
3139
2446
6824
7861
1514
3592
4137
3254
1493
8182
1638
2288
9935
6183
2644
3762
9743
5071
9372
2755
9890
6756
7209
1295
4788
3116
2896
1791
5194
4018
6680
2820
1522
3561
1490
1060
2903
5778
9355
3914
6785
3165
9422
4427
2787
1155
3639
1776
8295
1713
6203
4588
1404
9440
2621
4343
3347
3364
7808
8504
8894
7868
3572
9219
1989
1488
5731
6606
7339
5250
2186
8441
9511
3437
6336
5264
9015
7857
8539
1258
1560
3626
6599
3923
6345
3253
7915
9740
4702
3512
5565
6060
5738
5777
6085
4592
1123
2879
5983
6564
5473
3097
3580
7524
2913
2760
5060
7038
9091
5653
6940
1911
4076
1540
2796
2026
3625
6271
2837
4978
3339
4721
1478
7701
1715
2509
7698
5959
3966
5122
3591
5000
5555
5888
7922
8651
5366
7833
6666
4483
3472
1834
6025
7356
1326
6093
4670
7553
1752
9068
1645
5858
3393
8457
3714
5012
2248
9971
4912
5426
4347
6325
3551
1505
9372
3387
5275
3124
9571
4698
7327
3719
5607
6986
9104
1945
4586
8476
4672
5221
3184
5244
3550
1820
3728
2108
5422
4902
6118
9480
4290
3682
9328
1401
7055
5204
1778
1793
1119
3921
1725
4505
1474
8599
7245
4660
1479
5468
7316
4866
1988
9797
9850
8761
9114
4335
3433
2919
1135
6008
2364
6521
6375
2612
3669
4435
3611
1039
6798
8220
7789
9675
4138
4147
3747
8211
5339
9570
6854
2040
1236
8446
6173
6602
6912
6363
2169
4059
4818
3898
2465
4543
7142
3976
1084
5219
5547
7675
9201
4216
6206
1346
7993
9431
5194
2023
5676
4404
9580
9781
2584
8670
8116
5042
3347
6739
3127
8152
6630
1663
7063
8565
5334
2947
5198
5118
6012
6552
6692
5364
7771
6746
3518
6596
6496
9401
5790
2647
4604
9857
8313
9178
2815
3144
3927
1421
4500
6382
7862
3886
7260
1312
1571
5428
3458
3280
2285
5174
1715
6512
6386
1128
9752
4876
2071
3249
8264
5799
3797
1334
2287
6797
1881
1026
1247
3138
4905
3281
6314
9269
4202
1167
2317
1012
2421
6502
1387
8731
5006
1081
4885
8852
1197
7801
3958
1910
1015
7570
8911
6710
4900
1129
2490
3205
6441
6462
4911
4974
4338
6055
5365
6099
2862
3877
9140
5844
7263
3992
8494
1335
1826
1012
6114
8408
2366
1250
5119
2868
4542
8258
4050
5038
4750
1573
3353
3838
3663
5746
3846
4283
2497
7686
5793
3212
1037
6588
2495
2406
8743
1929
9446
5032
4611
8712
2484
3552
7892
5964
1107
8493
2406
9955
5959
2687
7916
2930
2613
7683
7661
4714
4128
5819
3772
5383
4959
5332
1340
1916
8121
8032
8516
8431
4307
5553
3191
6560
4032
8291
1650
3886
3728
7386
6620
9632
2098
5121
5154
4285
7935
9307
2707
6084
8029
4883
8340
5816
8477
2468
1273
3048
2388
6601
7405
6899
4674
5141
7091
8058
1512
5834
6483
6109
3661
3965
4414
4639
2640
2714
3389
5344
1218
2085
3299
2097
9028
3613
9004
6542
1191
9462
1285
2318
2930
7666
6923
7853
2541
3947
1826
7528
5908
1940
4792
6934
8265
8847
7306
1396
1509
3113
2939
5608
5926
7153
4405
3287
7297
6795
1649
3948
4426
3980
5553
3448
1708
9338
2022
5002
2248
9728
6194
5391
4599
2102
3183
2585
2945
1521
6643
7178
3971
9031
3455
1648
4324
2358
7839
2922
2966
6432
8448
5925
5980
9879
8236
7806
2188
4575
1127
2298
3230
7655
1298
3579
6144
1183
2491
4062
8427
3051
2033
1408
2948
6384
8783
6863
6554
2220
5886
5664
3389
2843
5696
8910
3892
2486
7537
3602
3865
3910
9411
5134
8700
2131
3038
7944
3006
6881
1591
2795
8926
6526
3641
1155
5813
6410
2749
2841
6355
4597
3672
8605
9169
4860
4003
2059
2279
5239
3232
4523
4630
6677
6244
4261
2778
6355
1595
1088
8839
2297
6880
9073
1728
9233
5631
5846
1052
5190
5453
2981
4577
5544
1778
3553
1159
6511
8614
7576
6210
8475
2259
6591
2871
5885
3566
2868
7975
9997
2301
9312
6526
2318
4400
4345
1407
5657
1373
6060
5062
6650
1685
4522
7702
4596
1056
6264
6273
2379
1590
2985
6538
6990
5819
6669
7938
7857
4582
8949
4927
8439
5488
2477
3508
2556
5193
8222
4693
8564
5904
8952
9806
6589
8383
8073
5287
2540
7651
3285
1915
1710
7631
1972
1231
8078
1161
4701
1598
9976
7388
3819
1442
3592
9491
7170
2616
5385
9623
7989
3859
4910
5755
4649
5922
1757
1624
8804
1079
6870
8962
8879
3942
4851
5835
3635
1674
5221
2301
8964
2748
7086
8078
5204
3983
9165
7861
7738
4114
6111
2601
7351
5577
7420
5341
4838
2443
9588
3454
5614
6072
6459
3389
4966
1096
1958
1892
3710
3519
7772
3034
7650
5148
3270
1486
6865
9935
5604
8757
3591
3035
8413
1176
5346
4850
7357
2903
6459
3193
2676
8093
7605
2162
1888
3189
5451
9235
4645
6709
3295
8764
7866
7300
9409
6091
4296
3834
2838
1209
2115
2841
1356
6741
4187
8331
1033
6417
4210
2702
7340
4127
4941
4090
7846
1623
3813
7008
1343
4616
1970
4728
5978
7266
4977
6840
9602
3650
1406
8672
3211
9065
6317
1708
4302
8701
5575
5469
3116
8045
7760
1633
5971
3729
8096
2092
7762
3660
9336
3326
1028
1593
9154
2030
1612
4454
5416
4049
3958
1845
1056
7025
3509
1398
7006
3186
1890
8915
2255
2498
6378
9207
2943
3856
1521
2744
2186
1621
3659
9091
8295
5617
5228
2828
4879
5097
7666
9580
7195
8048
8505
6939
6432
5682
1159
6404
8843
3248
5166
5770
4977
7484
6685
4331
5373
3165
5848
3285
3025
4402
3335
6705
1929
3982
3134
4237
5831
5986
5437
6941
5472
7546
8502
4991
5180
9401
1094
2428
9200
6617
9324
5888
1688
2242
2096
2392
4998
3866
3240
8848
2597
1250
7738
3694
3954
3732
8649
1638
2128
7571
4205
1995
6432
3512
9931
3553
2415
5197
6591
1792
7044
7268
8315
4513
4618
7209
3947
6201
7237
3733
8008
4615
4646
5748
1902
8224
4883
6461
5235
2290
1497
8520
5505
9716
2883
7878
2854
4992
6538
1344
3278
6611
4162
4593
6266
4889
6396
2858
7454
8182
1730
3247
6580
3366
1879
3490
7783
1781
2135
5792
5814
8914
5788
9734
8088
2032
3761
9190
9194
2109
3457
2453
5136
3155
1247
6744
9710
2850
8658
8680
4754
1056
6006
3748
4281
7787
1196
6177
7754
5055
9277
2660
8946
2036
6465
6087
1812
7950
6850
1199
7171
1993
5787
1598
6913
1096
3440
7893
6841
7255
4487
2766
1400
3406
3823
8861
5024
9056
5492
3842
9631
2939
5532
3540
9543
7516
2125
6425
1774
7961
1271
4505
6302
7840
2865
2914
5059
7876
8842
1447
3727
7417
5110
3738
7153
4679
3760
3873
8697
1067
3994
1869
1536
5125
4972
7197
1771
3469
8671
2900
5872
2331
6550
9298
9576
2755
7843
1906
1247
6581
5768
1088
6730
7072
1649
6748
7659
8665
8543
3189
5807
2681
1418
2738
5850
3991
3857
5001
3080
1604
6250
9244
1234
3804
4784
9975
4630
9999
6732
5396
4787
9711
3810
3107
1194
8723
6679
1996
1352
6458
7093
3594
2927
1785
6916
2751
8667
6879
1871
8903
5993
5650
1241
6367
6507
4461
2564
2489
7831
8657
3632
6092
5864
7812
6789
7080
5918
7587
6119
7989
3864
5691
5892
5660
6965
6590
9622
2677
3824
3565
3988
1499
1921
2311
1595
4220
9460
2561
6950
7816
1025
7859
5631
5248
8992
1594
7764
6357
7846
9193
4045
5629
6584
2934
9745
2685
2857
7942
4658
4863
4943
3139
3007
2311
2063
8656
5020
8671
5913
2202
1717
4219
8810
4100
3947
7169
9420
4330
8706
2954
2401
6526
2221
1351
4061
8974
9134
1730
3804
7529
2773
2096
4227
1058
9813
8477
5464
5575
6740
7059
9609
5651
1428
4409
5052
9866
3541
4012
1930
2765
4025
4315
4915
8321
5973
1605
4537
6273
2428
9904
2203
6322
9267
1786
7278
1902
4084
3300
6810
8383
2611
6792
8385
3111
9475
3395
6227
4255
1264
8793
6104
3070
5902
2483
1970
5926
1461
3389
5393
8783
5336
3849
1412
5530
8969
3054
7040
1400
9641
2507
4452
9179
2285
7493
1983
6469
1662
4977
9520
6567
5597
3633
6797
1804
2730
5417
3254
2387
8280
9970
9226
6212
1392
5248
9158
4654
2474
4345
9176
3618
3476
6739
2107
8341
6233
6002
6805
4271
3716
6504
9048
3012
6658
9015
9372
8333
4076
3864
5463
1441
6170
8110
8272
6482
6335
2010
2299
6923
8437
3741
3486
3591
8226
4785
5816
7329
9350
8369
4184
4202
6278
7828
3859
2859
6726
1047
6806
1158
3080
9129
1410
6621
3921
5445
8980
9364
5949
5728
3768
7359
9873
9568
8159
3837
4626
2706
7838
8486
5073
9073
1241
4854
7566
6289
6582
4768
4853
2760
4945
3413
2144
8989
5856
7503
5962
5936
5733
8011
3997
1170
5767
7671
4688
7084
7245
4387
5596
9463
6668
8913
6514
9656
5757
7592
9923
9321
4580
4304
3148
3589
3265
2661
6264
4935
3711
4275
8917
6693
6027
4849
4614
2872
1952
4529
6257
2514
7081
8734
3182
6969
2103
6985
4149
6994
8519
6631
9470
9272
5583
7339
4821
3263
4752
9846
2339
6834
5822
1554
1041
1470
7788
6759
3092
6384
4434
6026
2095
6665
1078
7539
8513
4735
5615
7088
1967
3991
5423
6667
3378
1415
2162
2301
7956
6218
9612
7116
9515
2887
1506
3247
2327
4233
5722
7733
1786
7251
4519
5966
6087
9031
6745
4067
8029
3935
4850
6354
9492
4568
4532
5466
2969
5246
3373
8922
5099
8139
9011
4583
1059
5880
5114
7830
1809
1100
1935
4489
3906
7177
5308
5033
6983
6516
4601
4076
4581
2553
6469
1072
4024
4325
1844
5046
1749
7542
1396
2132
4857
2597
6261
3183
2497
8475
2881
7965
4578
1014
1482
5629
7941
6954
1258
1330
4308
5346
6643
7752
2784
2488
9756
6252
6735
4266
7121
1108
4672
1097
7571
5339
4547
9068
8195
3857
4162
1899
4747
3142
1878
4205
9402
7412
8378
7214
6573
3141
7304
9878
5662
7358
6127
9246
6045
4518
2548
9015
5666
3830
1098
4043
6954
6489
4493
1027
2925
5185
7966
4100
6661
2718
1854
9283
5800
9181
7170
6606
3368
5010
5696
5796
4955
4159
6265
3053
7695
4288
1424
7323
6761
6490
1390
8281
6304
6279
6802
6236
4454
2348
3573
5972
3036
4436
2726
1681
2297
3082
1887
6338
2115
6555
8931
1958
1636
3339
5716
5235
7699
3755
2665
7788
5045
3651
8033
7727
8855
4556
9388
1204
1491
6194
8940
7116
5271
2676
1465
2950
3174
9378
9066
2016
9378
1113
1781
4086
6625
6910
4112
5735
9355
9422
1438
5092
4890
3648
2200
1904
3814
2281
2793
4910
5360
3221
6429
1603
7295
1927
6852
7271
1949
8473
2909
5003
3019
4439
9842
3275
8539
6255
6753
4921
1922
7506
9273
9171
7162
2375
9786
7668
6539
5318
6558
2726
9967
6213
3538
1935
3577
4974
6382
5260
1113
8333
9687
1517
3117
9011
1102
1034
6123
8108
4966
6923
6295
3465
6081
1516
1494
2466
2828
3020
3704
3398
9200
9161
2146
4482
3068
6886
4975
4283
9872
9389
9452
1604
1916
5342
3339
1573
2218
5091
4328
7392
8813
7407
6992
8161
8321
5999
4256
1698
4644
3703
7877
7820
9934
5310
4603
6418
8256
5836
4408
8162
5531
6331
6150
1556
3313
1302
9130
8115
6566
4516
3190
9886
4928
3726
5476
7559
8796
6654
3533
1569
5499
4352
2011
4751
3845
4114
1665
5548
7614
5640
2341
7029
3640
4198
3551
1963
8785
2360
8798
6367
9434
3335
2474
5253
5279
3659
3568
7549
4090
4750
7558
9877
8953
4778
6004
2297
1813
6836
6018
6980
2220
4494
9273
9894
7142
1288
1381
5333
7320
9607
5249
6469
8660
5064
3118
2757
4712
4428
1801
8052
2641
6726
5730
9673
5489
3373
8953
6280
3914
4837
6652
6005
9425
1986
6457
7595
4494
6292
5790
4309
9796
3915
3325
5495
6327
5053
5482
9818
3638
3960
7605
9370
2783
4660
9412
9034
3603
3424
1964
1108
2580
5465
8836
4776
4826
3777
4933
8211
6231
6117
7692
8368
8528
6317
1070
8076
1064
5466
8845
5683
2473
7186
2237
7873
4806
5832
6907
8281
1759
2156
1830
3841
9131
1648
6219
8909
4772
1741
5878
3147
3004
5009
2744
6273
6463
8364
6418
7173
8816
8735
2071
8204
4041
4442
2315
8543
6267
5139
3062
7496
4811
3733
3933
6874
8213
4834
1919
8679
6230
1352
4726
7092
7612
9033
9087
9995
3834
5431
3189
2489
6800
3718
6971
3988
5501
4364
4555
3028
1511
9962
8391
1968
9087
7077
2405
4319
5805
8711
8603
1528
9762
5590
3384
3363
4492
3195
8766
8311
5097
5265
4255
7677
3148
3190
2979
6584
4922
4460
6327
4125
3254
6008
8992
5788
1434
4127
4787
2929
4446
8144
5185
2633
3370
1512
9678
6494
2711
6289
5453
3756
4851
1276
7767
2706
7723
3636
3316
6905
6865
8644
3003
6074
8154
4267
4158
2897
7208
1014
2220
6167
4886
6793
2224
6721
8232
6896
7136
9265
2576
4334
2971
7819
2232
5134
7731
6200
5313
7517
6763
7999
6997
2391
2219
5506
8279
1203
3813
4012
7711
9293
5766
9167
4916
5011
6850
1482
5041
9682
4938
5908
5886
5427
8354
4975
6459
6146
1055
3569
9180
1160
8270
6681
3333
2066
9381
5319
3933
5066
8047
3271
7192
6077
9251
7201
5987
1842
1407
4197
6844
9414
4652
3064
2584
1406
3293
8931
7564
4811
3775
5756
5254
2548
9250
6344
2023
6577
9864
6766
7992
1676
4539
2046
1095
1995
1264
7744
5004
4909
4939
4616
4732
9400
5942
1632
7322
9452
3504
6260
1975
3230
8070
3427
9397
5738
2659
5349
7268
7549
6237
5867
2677
3358
7739
7114
4492
9131
5439
5406
1173
7724
7378
7308
5060
8942
5971
2803
1592
6307
2253
7497
2725
2782
3320
8756
7355
9411
6124
9475
3749
5953
1844
8984
8894
2803
5731
3028
8907
6269
2405
5067
8529
3511
1001
4974
1132
3642
4180
2353
1354
1514
1957
1196
2575
9008
7963
3056
6995
5167
4262
5139
2228
8719
9530
7332
8174
3679
8038
8379
1214
9881
7924
6431
5328
3693
4281
9732
4969
1964
2422
6494
5122
6337
4791
1063
5620
4540
5870
6506
4963
4029
3068
1405
9714
2432
2880
8888
9873
5180
4895
1457
6383
