1468
5401
6953
7198
4922
9704
4847
1857
4413
2513
5572
2510
2811
1275
9943
5173
3951
1815
8721
3137
2531
5205
7472
6512
5199
4389
9400
1125
7301
3798
3450
7581
4830
6506
8823
9990
6266
4400
7710
2630
4116
3501
6865
5691
7659
4501
1662
7398
6800
6270
3951
2379
7772
1963
8644
4355
5488
5232
2438
9882
5576
9900
6227
8455
5811
2768
2962
3170
4587
4523
5028
9610
1891
6681
1390
6399
3644
8350
5711
6932
6372
2814
6407
3296
6733
2107
2832
4782
2318
9451
1263
2582
3830
1242
5507
4266
3265
4969
4970
4618
3430
6037
8019
7156
3807
8744
6524
3057
6646
1117
3305
3352
6541
4642
1714
6513
7351
6629
5447
1504
3469
5560
4470
6304
6168
9113
8375
3216
3656
3753
4232
2446
3648
1965
9425
5931
5933
1461
4426
3003
8919
3596
6440
7647
3118
4400
8246
8877
5476
7952
6243
3124
1391
7561
9271
2496
1167
7593
9051
1122
1358
1284
7582
4221
3337
2835
6130
5864
9924
2160
2971
8122
2567
6296
2285
2751
8474
5307
2827
2758
9300
9704
5327
9300
4557
4468
4101
4308
8107
7582
9991
1540
2560
5472
7227
5194
8662
3004
7754
2484
4269
3986
6714
1520
7855
6704
3169
4803
7043
3059
4152
2012
4341
1400
2366
6711
8795
7136
1600
4509
5346
7625
9052
8204
6503
5119
2175
9370
6399
9034
1560
7948
4194
5058
3747
6630
5179
2030
3265
6267
1092
4304
4445
9764
3991
5957
3957
5951
2856
7777
5001
4142
5297
4496
4945
8348
7069
5987
1397
7623
9280
5013
4633
2643
2669
5865
4380
3860
8267
6073
4985
1306
3501
6513
7501
6288
9903
9143
6863
6859
8764
5474
3498
8031
5379
7216
5639
6795
5984
2766
2032
2486
9690
1706
9186
9435
2406
4978
2951
2122
3409
4898
1512
4162
9245
7387
7230
3294
5950
6623
9390
8195
7390
5852
4510
3620
9468
5167
8537
8504
1055
9580
3774
8401
6847
5025
2631
4067
8631
4113
1392
9102
5838
1618
6006
3427
1333
9489
4609
9950
1442
1485
6286
9399
4990
7592
8708
8476
1960
2126
6857
9347
3471
1410
3091
1450
5973
7083
3848
6689
1401
3524
4372
9545
6867
6201
1276
4844
6015
1177
7555
4430
4433
8290
3272
6096
4272
3083
2212
8173
8849
7760
8092
2682
4116
7085
4306
2095
8792
3057
5965
3086
1159
5787
4324
7670
5354
2352
3303
9759
5703
6882
7014
3682
6142
5714
9034
2338
2750
1302
2620
8157
3173
7590
9265
1399
5257
6444
1395
4780
2589
6650
1949
1681
7921
5700
6035
2039
1821
8738
7708
9678
1841
3428
9972
8467
4828
7926
4443
5870
6321
2639
6561
3818
5311
6082
5632
4329
4603
3631
4484
3974
6512
8295
2284
5520
3849
5703
7469
6831
4211
8356
7093
4565
6875
7131
4752
2180
9402
5680
9785
1193
7672
9485
6859
8961
1473
5480
7265
4483
1655
2449
8334
3633
4519
8184
1847
1095
2906
3856
5790
6137
2353
3693
9516
4940
3331
4758
5963
8491
5210
7088
4595
2788
4687
1593
3465
1700
7475
6049
2357
2053
3670
3068
6716
9167
4856
3791
1235
7430
1599
2689
6201
8258
5786
6629
3414
6643
5835
6009
4870
5654
1244
1541
4990
5666
9768
7221
2419
1838
3269
6735
1057
5413
1723
8291
4628
5958
1419
6403
6655
2311
5945
5655
1335
6016
7827
1999
5378
5448
1096
6409
8661
7122
2402
9266
8061
2163
7704
7062
9672
1302
5652
7772
5969
2138
3711
1305
2019
3061
5944
6803
8527
4910
4231
2639
1956
5037
6238
1219
9807
7439
5356
4775
4772
3069
2295
5065
4259
9840
7997
9440
6320
1692
5760
7581
5085
6123
4924
6667
9348
3284
4535
3896
4823
6127
6112
5108
4217
7893
7981
6379
7059
6849
2448
3370
8144
8756
2686
5452
1300
1835
5641
9555
1896
9194
1098
4632
8430
9760
4862
2347
6832
3021
9682
6058
2630
8470
5514
3741
8778
2397
6491
2134
6135
2419
9662
1561
1670
6367
9858
6668
2759
5720
4916
3816
3701
8811
5844
9476
6417
6356
2186
1784
4964
2348
3099
1833
1276
6049
2035
5996
5856
7567
4013
2959
9356
3691
6714
6719
1036
9665
9400
3841
2171
3528
8500
1413
1293
1504
3285
8946
4470
2493
6893
6959
4378
4410
8110
3261
2239
3529
3623
5763
3326
7570
8864
9540
8447
4425
8155
4867
9772
5139
5096
4036
9666
6279
1656
7420
4461
9760
6386
2849
8510
6793
6258
9702
9754
3903
4682
4085
3421
6569
7794
6009
8306
6511
1442
1875
6488
4195
1170
4723
6371
2418
1687
1672
9842
6601
5893
2048
4497
7750
9829
1347
7011
3644
1671
2184
2186
6913
8829
7851
7520
6311
2260
3053
9112
5168
3282
6549
1696
7364
5879
5332
6057
4945
3600
6395
3128
4366
3112
3087
8223
5771
9890
6636
4001
5856
6211
7955
1436
9706
8308
5417
5070
1736
2723
3760
4567
6387
1206
3941
3851
8840
4492
7884
6711
1321
3423
7666
8921
5107
4122
5615
2147
6021
2890
5291
1210
8296
8710
9712
8424
6380
6999
6835
2335
3945
6899
2520
5646
6073
3048
6277
8128
5913
7548
9254
3854
2288
6689
3802
7619
9114
4850
2599
8580
8037
9925
3878
4224
3002
4436
3848
2621
3916
9998
4458
9932
5681
6883
9297
3800
3883
8836
3157
6121
7011
8765
9308
5751
8983
3888
4141
2926
6996
3236
9863
8187
7713
2232
5728
7667
8425
3446
9248
4977
8212
3344
1938
2613
9259
2982
9541
1033
9773
3283
6554
6306
9685
5790
2445
6949
7650
9186
7755
2395
2905
2764
2591
2657
4490
6717
5063
5708
3849
9424
1132
4348
3219
5619
2052
2568
2936
1161
9626
3093
5313
5964
9840
3817
6470
6525
8924
8314
6026
1686
5108
2314
4061
7005
2245
9129
4383
9919
6665
1178
5679
1176
4348
7779
1606
2674
7904
5878
6415
6418
6428
7461
8405
9288
4729
1850
1048
2359
1152
3801
1716
3415
1262
7723
5992
3335
8912
6336
7483
8326
1648
5310
4799
2427
4536
2256
5255
1437
9922
8279
5106
4360
6517
4884
6884
9728
6709
3713
4467
2978
5893
2716
3346
8817
1118
5150
8724
4302
4824
4182
7027
5351
5094
6948
5871
1786
5776
5434
6289
9156
4918
2418
5382
3600
8016
9436
4255
2046
9089
5940
1418
7161
9811
7492
3177
9035
1180
9086
4691
4411
2122
2562
1600
6449
9636
2193
5700
2959
2353
9142
6929
4274
4508
9411
1489
6588
8177
2663
4497
2534
8898
9914
1813
5697
9418
2654
3926
6009
1589
6431
6165
6288
7047
8117
2734
2907
7992
1876
3314
3226
6474
3345
5126
6211
6430
1739
4838
2308
4523
2066
8035
6788
7783
3325
8902
3892
7647
5454
8386
1726
1318
9552
4067
1215
6072
7929
4994
9935
5707
2180
8284
4718
6938
9175
6064
2976
6399
7669
7672
7107
1365
9860
8680
2449
1052
7005
5445
6154
7618
9162
3582
8664
7507
5279
8448
7228
8185
5157
4409
5989
8492
5221
3096
1151
7330
9372
9734
2303
8204
4576
1403
4384
9484
3298
3770
2790
2771
5375
7903
8992
5726
7314
1078
7715
3086
5253
1452
2115
1880
1238
6454
3509
5504
3206
4826
6364
2606
8837
1141
3394
7078
3730
7361
2448
6445
6167
3245
8544
7564
5188
9391
4934
1635
2927
8223
5067
3246
1168
3916
6550
3397
1909
5111
4073
1230
2248
9439
7279
4852
1128
4324
7167
5644
2781
9637
4192
8494
6075
7412
9503
5178
4884
2014
3155
3509
5102
2284
1217
9829
5088
8358
6675
5328
5977
1216
9063
4276
7661
5902
1651
5387
1922
1349
1609
8409
7237
3997
8252
2015
9506
5357
3050
7863
5109
6473
3301
9092
2193
6467
3344
3853
9356
8226
8399
2329
5759
7394
2518
4536
5736
3634
7944
7496
5425
4400
6778
6304
2391
7794
6009
8736
2039
6362
6995
3255
1570
6691
1670
6504
3378
6045
3679
9172
5862
9362
3115
6687
4796
9437
4442
2074
3398
1294
7623
2903
4757
7206
4468
4426
2923
4184
4039
4492
6763
1926
3256
8562
5760
4886
9384
6370
2089
9372
4005
7911
9900
5582
9744
1188
1247
8614
2753
1502
6471
4182
6576
6820
3817
8854
9208
8453
4518
5878
4358
9421
1458
2834
3385
7980
7262
3196
5647
4773
2015
1315
3592
9688
4807
6069
2590
1326
4811
8114
8202
2863
5686
6192
2850
2402
1823
9221
2828
8950
5080
1878
7821
1826
4064
9417
2719
1054
4998
2016
2075
5920
6082
3709
8930
7545
7513
3670
7889
9796
6162
5740
7169
1935
4934
5068
3887
7212
5018
1992
5915
3276
2954
2092
2124
6676
5951
6674
4852
4019
9249
9134
7366
7904
4511
3449
5137
8216
5224
9999
6614
8274
6154
5719
1940
1637
1485
9318
1270
1798
7977
1084
2256
9876
5257
3952
1461
3697
8991
5114
1666
7481
4173
4529
7991
4829
1762
9290
6368
3242
3134
2684
6662
6017
5444
9116
8328
1688
2475
5319
5828
7136
2286
4015
4870
2894
9859
2218
1849
4283
6971
9205
6897
3573
9838
7561
9498
7341
7705
7202
5255
3295
1066
6622
1642
6160
6058
5959
6689
8371
7695
2157
8680
1487
6018
7007
8492
1756
1649
6163
8246
6103
7018
8386
7057
5258
7439
5152
1546
1397
6806
2039
6535
7606
5379
1170
2661
6590
3238
9990
8286
8436
4535
1421
6023
4031
1789
1368
1689
5373
5612
3907
5644
7904
7795
8073
5096
8121
5053
6505
8317
4686
5530
2464
4984
3150
1578
5823
5908
6120
7763
3497
6801
6293
8862
8027
2524
5722
5546
7951
1196
2559
3918
3959
6759
5961
1078
6989
2202
7414
1326
7833
9653
5908
7978
6728
4576
4953
9009
6402
1705
9125
8458
5355
1986
7818
3791
6425
3469
6171
8810
8377
1665
5705
6414
2994
4020
6637
7389
3276
7073
8346
5115
9272
3686
2726
3350
8608
6312
9397
4314
8843
1923
5619
1841
4786
2345
6179
4930
8008
2418
9188
1843
7526
4078
1136
9691
4820
7576
6930
2590
3979
5682
1065
4207
3802
8407
2439
1748
5802
1349
5327
2624
4837
6445
9441
1587
5927
9620
2320
9410
5589
7126
9984
5016
2808
2876
1145
2100
7627
3062
3058
4066
2426
1728
4961
9074
8696
4547
5422
9622
7445
8740
8788
1133
2451
6220
3038
3487
7837
2071
7197
4555
2579
6256
5017
5757
6447
1434
2108
6361
7300
8736
9197
2308
3656
6247
9805
8007
6868
6404
8548
3452
6931
5870
9619
4937
3365
5344
4887
6545
4950
7278
6800
3335
2346
1619
7769
8802
5493
8543
2263
3912
3848
6876
2460
8591
7379
4768
1097
6304
5388
8903
6067
2242
7899
8508
2178
6434
3156
6821
1894
6067
1292
2845
3524
8958
1057
4923
7521
7890
2281
6808
5691
2890
8135
4159
8212
8294
5388
6056
8911
7600
6250
5466
9892
4870
6146
2279
6948
4388
4301
4951
4132
7336
1143
9922
9486
4199
1376
2132
5214
9885
6113
5579
3631
9342
1937
2382
8544
3529
2917
1909
2664
7437
4699
1583
7672
4203
6610
5594
3919
8418
6813
5663
9005
8041
5229
2979
5419
9996
9764
7967
3856
3386
4917
6591
8780
2736
1826
2315
6594
7518
3463
2549
6480
1868
9836
6516
9255
1158
8423
1424
3416
5487
6014
4853
6765
9024
1378
9054
4488
6347
7140
1790
6803
8983
5908
5046
8256
3911
4769
5218
8966
4580
2677
4150
9227
3505
1874
1599
2850
2282
1534
1076
1795
5239
9701
1783
1841
4448
9389
1816
5503
4529
9704
4123
5009
5995
3794
2513
3672
1667
1393
3016
3163
1721
6895
8315
5516
3280
6642
3816
8772
4034
5516
3123
2732
6223
8621
9506
2010
1023
1575
5924
5301
2253
9239
3469
6642
2847
3426
1811
7214
1793
2465
2702
3174
7165
1451
4188
9947
1572
1340
7467
6260
9761
6502
4390
3659
2522
6358
6345
5598
6524
3330
1320
5947
5132
2827
8631
3713
9575
5170
4158
8485
1157
1753
6432
2768
7432
5975
9644
9874
5903
3010
6185
8124
5697
8517
3561
7202
1532
1163
6515
2017
3345
5221
6586
5478
6943
9204
8469
9004
4110
6179
2669
6274
9786
3117
6756
9513
2042
3023
3026
5695
7414
2614
3227
1493
2566
9766
3779
1939
7379
6691
9525
4332
8116
2583
1304
5365
6561
5504
7003
7043
3166
5760
6596
2066
2500
1891
1192
7014
1680
6213
2512
3948
1418
4930
2089
8390
3523
3889
4810
7102
2183
4125
9891
7425
5122
7929
6799
5633
8276
4747
2945
5879
2223
4401
8308
1707
1404
5034
5492
5551
3725
6300
6953
1694
5576
9690
9787
5172
5040
1504
2299
5897
6565
5152
1475
3438
4401
7392
2579
6670
2897
2392
8408
9231
7744
1296
1828
2899
3075
5156
5898
1420
9011
3121
3576
9692
2995
2329
4661
8751
2086
3449
2453
2941
8277
4861
1958
6048
9304
9414
7124
4290
5037
1015
4356
7049
6886
9716
8629
2290
4905
6834
4068
8922
4413
5431
1233
3622
9195
4053
8140
4130
1160
5981
5070
4138
2594
5038
9217
8164
8493
6860
8464
9525
6558
1695
6276
6477
5278
3575
3258
5687
6396
4987
3210
5805
2448
1917
7175
8027
7469
9802
2858
2188
6410
5574
8195
6114
5619
8799
3213
6607
3861
9745
5104
2303
2639
5961
7356
9695
4131
5756
3329
4375
6112
6750
3581
4002
3367
9423
4021
1507
6525
4264
2210
7080
7224
2823
6136
2675
3928
3847
8015
1230
4243
3982
9741
9628
6505
3124
3630
3059
7491
6067
5215
6008
2287
5099
3551
1711
4835
4039
2990
8023
9461
2306
1768
3619
2494
6192
3774
2997
9451
6709
8603
9963
4054
3426
2126
3029
2755
2352
5022
1546
1404
3169
5660
6808
1421
6039
7264
2319
1326
6128
1635
1948
3987
2091
8444
4610
7776
1666
6927
7878
6505
2866
6883
8259
1874
6021
3689
8585
1932
9014
5788
5620
6511
7904
1330
6869
5766
4224
4175
5224
3122
9096
3503
5190
4570
7142
2600
3915
7224
2251
7908
7703
2843
7018
9815
4716
7120
3284
6126
2876
5742
3820
3336
1100
3464
2540
5722
8727
2927
4509
7337
4822
6513
4347
3251
5113
5752
5639
5187
3234
4642
2699
2216
6758
8985
6729
2790
2572
4809
2468
8540
4884
6662
3620
4102
6453
1132
9706
5392
6096
3476
9034
6421
5458
3308
6286
4067
4345
8970
7275
3850
1704
6083
1137
4014
4364
4481
7660
1894
7558
6012
1797
5946
7355
3939
7629
3444
6720
5842
5474
2000
3932
5285
3687
6950
4777
3412
6181
2264
6438
5133
8668
7698
5741
8562
9688
7307
2745
5311
1139
7014
3707
2181
9313
4611
2405
8339
9618
7900
5851
9551
1065
7352
4562
5471
8787
9413
8546
4046
8842
6369
8211
6346
2346
7465
4247
6525
6177
2550
2337
5742
4479
2407
7505
5520
4087
7657
5517
3559
6038
6055
3115
7900
5799
1860
9305
4404
8987
5140
3854
9521
5809
9620
7227
5160
3295
1792
4419
5531
5761
8942
1813
3695
3980
1583
5945
4433
7814
3186
2866
1957
2802
2432
8399
8214
4652
3833
7694
1930
1643
9005
2249
7332
3644
5785
4351
1410
6252
5524
4361
6675
8394
3231
8267
5058
2639
1796
6310
1160
4851
7504
2953
6862
1459
6985
4890
3898
4932
3363
7634
7690
2634
1122
6187
7273
1681
7918
6668
1615
3354
7602
2503
6053
1690
2714
5407
5244
8119
4578
8590
2181
9680
2736
6764
5179
8274
3966
9989
4185
6516
1328
5769
1447
1431
7571
2020
6378
3366
7939
9279
1077
4094
4923
7777
7032
8541
2983
9443
5205
2763
9730
9050
8710
7018
9712
5839
4188
1352
7295
1436
2328
9546
8281
4092
9343
7196
9800
3037
1804
7277
6194
6968
3448
6540
8126
7349
4235
4903
3454
1218
1256
3725
6291
6062
4079
3443
3421
8739
4046
5803
1064
2980
8922
5406
4048
3478
3882
5489
3199
2600
1717
2776
1643
4950
5300
3700
8828
6577
5540
4604
3405
8822
5192
4336
2390
1358
5293
4081
3166
8841
8805
1149
9616
5834
6556
2236
2543
2789
5730
8878
2848
2761
2122
1595
4081
1532
4447
2619
9784
1378
8438
8440
5014
8119
8455
6967
3102
9843
2440
3333
3936
8222
1486
5054
9510
2056
7408
3699
3098
9893
2500
9263
2740
4484
8775
1206
6055
5774
3947
1095
4061
9856
2880
9989
4562
4641
2794
4098
9636
4346
5211
4008
5407
1179
3250
2294
6779
8362
2195
4970
6576
1158
3128
5322
3430
1715
7566
7305
5024
1696
9898
3047
2060
1375
9980
7771
4568
3658
9955
7605
5607
5705
3770
1808
5721
3370
1522
4077
1257
3950
3538
2594
3591
3630
5523
1811
2595
7437
7212
3837
2169
3500
3239
2693
1449
1822
7317
3728
2409
2600
5617
9816
9165
6610
6130
4995
2962
1164
1111
2497
2248
2002
5972
5623
2108
3352
5591
8573
2468
6249
1939
4014
2930
7021
4139
4714
2059
1989
8921
5447
3153
6719
2205
4279
8990
9920
9884
7480
6123
7456
6183
7148
1205
2279
2783
1809
1650
8446
1038
5331
9045
5573
5189
5206
3188
6452
2682
7394
1017
9792
6941
8068
1616
6997
4340
6737
1414
8792
2219
6756
3676
1896
6912
9590
5577
8644
7042
7594
2588
4914
1009
3525
4562
5919
1934
5840
3266
7859
1833
7872
1379
2105
2661
9860
3044
8438
5127
9544
3605
8175
6806
7862
5242
7998
4314
3774
5378
7746
4807
5931
9086
5212
5168
1464
5871
3766
4214
3861
4492
4464
4247
4160
5152
8953
8691
6737
9410
8566
4307
2397
2646
2902
1948
2692
5298
2066
5152
1675
1372
7066
4810
2086
3275
4904
4884
7630
6345
1083
4675
2871
1529
6274
5062
3947
3637
1901
2196
7732
5760
4336
1449
3994
8683
2647
2077
4375
1020
5013
9038
9563
5696
8006
1786
4088
7846
5851
3609
2023
7039
9011
8179
8353
6572
1825
2037
8058
2103
4191
3156
2964
1113
5304
8691
5922
4212
6295
2709
4307
9311
8489
7312
4857
1561
6049
6791
4510
4493
8555
7532
6721
5791
8890
6779
1473
7138
4161
3573
4032
7037
3596
5573
3577
9855
4853
1293
5654
9375
4195
1255
7816
2842
4006
6588
2345
7507
2957
2719
3745
3454
9095
9696
5891
5317
1343
4135
5794
9370
5624
3252
2190
3295
7617
2539
2591
6091
9386
2183
9192
7582
2900
9045
7804
7522
5557
5552
9451
8471
6294
6572
7328
3451
1839
5822
7595
4912
8793
2659
1556
1122
2891
4002
1409
5640
2462
1221
2279
7962
7678
8041
3421
4536
8623
1615
2726
7454
2618
4408
9440
2318
8993
4036
1819
9376
5715
2772
3023
5777
5122
5810
9136
9040
8279
7316
6331
3132
2837
1997
5781
1139
3526
4141
9359
5845
3029
5638
2972
7595
1122
8078
9397
7279
7492
2766
1916
9454
6669
1662
9723
2840
6916
2952
8888
5313
3778
1126
7193
9200
6341
4134
7375
3642
5742
2236
5918
3833
1811
3689
5714
8772
5021
9495
6513
3834
1034
6805
8785
5469
2907
5279
4439
1577
2615
3717
7525
4523
8088
3596
8039
9041
9149
1155
1439
4833
7153
5785
8195
9223
3441
6517
5346
8237
6118
9275
3114
3043
5680
5293
3293
6923
9881
8059
7931
3013
3145
5690
4560
7170
3156
2068
7602
2814
6569
2128
8256
2331
9520
4899
8372
6931
2430
3563
8086
4516
7806
9585
7778
7127
1574
3486
9740
6833
4659
3449
7903
9153
2616
3135
9765
2623
5328
2603
2735
6911
2639
4567
6880
2555
5340
3000
3936
6235
7867
6480
4613
3065
8510
2634
3836
3839
2489
4690
4197
9780
8446
3009
1003
3373
2372
9783
4420
6045
3153
6556
2159
8012
9448
5914
3568
5788
4442
6230
2998
1413
7391
8893
1785
7264
6149
5883
9491
6391
2677
5569
5116
5545
3034
5179
4818
6658
6881
5278
6318
7273
4659
9015
4561
4520
5019
9048
5458
6740
7595
6790
3700
5626
2254
7523
5690
3649
4147
9581
5015
5038
4061
4294
5400
8378
6615
7460
2604
1607
4017
4835
5050
2330
3035
1722
8673
2946
8674
4812
3310
2412
9285
5966
7583
9788
1427
2882
4041
1543
4225
8706
5874
4735
9794
4904
3977
2703
2204
8664
7934
5621
2163
4840
1068
8970
6199
1371
9426
4861
2494
4523
1824
4038
1180
6459
5399
7595
5086
4963
4224
9914
6941
2814
7442
7398
2886
1622
2894
8351
5497
9673
2570
6184
2337
9827
4126
6113
8986
3975
1213
1444
3349
2654
4345
9558
5155
4618
9113
9442
5367
7321
2985
2756
9018
1460
9250
6774
3869
5446
9742
3930
1740
5520
4353
1839
8196
8852
4297
9868
3537
8857
6643
4062
1403
8184
5058
4902
1743
1965
6992
8811
5390
4304
5418
3294
1311
3309
8369
5607
5076
4002
3172
1018
8972
1544
4580
8863
3899
3617
1585
8677
8051
6299
2433
1280
6083
2781
6535
9919
8722
7570
2929
9790
7254
8120
2439
8084
5098
8339
9443
2311
6287
5691
9868
6265
2328
3370
1134
8635
2965
6839
6650
5457
5126
2956
1024
3020
1680
4126
6890
3187
3853
5042
7187
3938
3051
9470
1870
5384
2609
5316
7055
3091
9969
1926
5709
5437
6722
1730
6917
5347
1412
7609
5704
5180
4310
4911
5836
9008
6348
9432
9274
6743
8719
4954
6584
1518
2547
6878
3106
9377
7412
2050
8256
3725
3968
6246
6646
7188
6961
8653
5625
8760
3294
6879
2066
3188
6506
6723
6523
3175
8984
9880
9748
3362
2754
2929
6580
7230
4520
2149
7423
2438
4454
3227
5512
1765
1786
7728
3696
5424
6483
3542
4712
7768
1536
4637
4033
5447
7109
4306
1178
6811
6340
3306
6839
4434
8209
8813
8263
9768
7310
1184
1438
4163
8759
3575
2287
3317
1713
2496
8600
6500
8821
1873
4340
2960
1607
5063
6589
8567
1625
1220
4166
3703
1393
4087
6105
8820
4325
9625
6757
1902
2441
8448
7689
1393
4869
3724
2572
4056
3805
1237
4615
8397
9920
2163
6790
7031
7900
3241
5492
6475
3840
9353
3081
9849
4474
1830
9803
5370
7721
5909
9014
6263
2898
2766
5281
8440
3637
1510
1311
4224
1073
5634
1412
8645
2466
6405
6106
7445
7753
5882
2001
6521
6807
6482
6882
8555
4441
5043
4633
3328
1280
2085
3645
1959
4549
3660
6575
4824
5276
2252
6142
1279
9562
6906
2368
4348
8741
1396
4992
8081
9121
5940
5783
6240
4237
4248
3733
4179
5713
9025
2889
4111
4096
5859
1320
3057
9398
2558
3626
8460
2585
9405
7883
7538
2111
6350
7202
7826
5722
3481
8030
8091
2841
4680
9188
3123
8560
6521
5926
8082
8631
8991
5021
9932
7182
4161
6404
5574
8749
6219
3678
6344
1576
3621
1892
4417
1206
2500
8744
9311
2139
6268
8274
5862
8006
8894
5420
7595
3449
8620
4801
8667
2110
5171
4464
5449
3500
5510
1608
9167
6731
7881
6334
6043
3584
2053
9162
4328
1720
5858
5215
7125
3838
2278
3174
2247
4690
5927
8016
8680
5533
1611
3083
3266
5424
5716
2926
9702
7112
6683
3605
8303
9625
6093
9612
4809
3123
3440
3348
5021
7084
7857
9193
6445
5045
6615
4686
6677
2074
3972
2909
5551
1053
1009
9618
9001
7187
9931
8989
9975
8258
7401
6931
3184
1820
3977
4669
3893
4613
8839
3958
4033
1624
8295
3868
8931
6892
3708
1585
3967
8975
2435
8749
4611
5437
4765
3749
5374
9226
1169
3274
5182
4906
4659
7652
5392
4130
5419
5332
1361
3299
9250
8504
6897
2247
7424
4849
4972
5789
3235
1501
4690
4254
2324
1790
1190
5720
7058
9161
1364
4335
1971
5038
4781
9466
3358
4174
4016
6097
5848
1779
5811
6487
6577
2003
6866
1765
7369
8508
7487
2808
7650
6327
7758
6191
2895
2016
5941
3088
9349
3922
9075
5612
7000
6899
8545
4129
3572
9927
8181
4432
3562
1754
7240
8027
1028
8228
5158
5225
5252
7948
8441
9026
4697
3749
3096
2681
6276
2260
1520
8397
2181
5921
9515
4341
4583
3494
2226
6360
7292
8310
1358
9260
3974
2934
9064
4056
7527
8244
6371
2832
2339
5264
9344
9335
4574
7003
7040
6587
2090
8602
4941
4612
9841
3593
4780
9435
9170
3208
4695
3088
2704
1452
1316
3458
7278
2909
6271
1131
8827
1394
5065
2254
6534
1904
4475
4489
7495
6108
4889
7681
9931
9012
8955
6148
3623
6485
8770
8020
6894
9255
4736
4224
6635
5931
1758
8717
3560
5210
8671
2254
5862
9735
4743
8215
3913
5264
6481
2996
5872
4986
7491
7678
5271
6614
5229
8472
2009
9209
9605
3448
1950
4091
2298
6265
3400
5605
3248
2854
1071
6128
2896
5943
9188
3934
5975
1548
3824
1093
5495
5143
9764
8118
3454
1265
4162
6742
5896
7992
1344
1177
8608
8376
3380
1486
7514
4383
4436
4070
5597
6027
5381
7419
1262
3037
1462
6582
6900
5190
3867
8158
9622
1798
2746
8230
5807
3999
2961
2051
5364
6474
6400
9369
8463
8814
9337
8915
2028
6987
9312
1957
1382
5532
2909
1278
5684
4421
8684
1059
3192
5604
9997
1433
4074
1297
4804
9107
9493
2259
9106
5017
4858
2386
3957
8075
1397
5734
6067
5412
8139
2255
5766
9473
1186
4345
2378
4880
4462
3224
2482
4594
4786
3149
9099
8876
5620
5721
3056
9417
1109
4665
5654
4852
2114
7240
9596
4528
3936
5029
8378
2417
5012
4849
3245
2882
7210
2127
1740
5071
8532
5449
6994
3900
4888
9127
9916
4400
8607
9024
8402
2094
7735
3358
5924
2801
6031
8643
9620
6592
1708
8259
5580
8562
8022
6261
2711
2339
9738
4255
1379
2999
3887
6409
2925
5530
9220
4318
6193
8296
6998
4919
9393
8074
6057
5321
9046
9640
7462
2200
6130
3636
3856
6950
2081
5787
2875
5374
5245
9231
2220
7255
7355
4416
4517
9922
9969
4357
2988
8015
3333
3545
8973
8007
8912
3357
8543
2130
4506
5650
8294
7493
6044
8659
5975
3934
7123
2792
3488
8264
1847
3699
9366
4030
6082
2035
3562
8944
3339
5983
5027
8343
6362
3884
9254
1415
6394
2199
3362
5276
2770
9795
3830
3166
5350
3559
3867
9504
1592
4435
3903
4435
9151
3470
4494
4265
1252
7804
8285
8049
8915
4341
3338
2903
5720
2290
7746
3588
5589
6503
4264
2302
6485
4036
8243
6583
7660
1461
6385
5648
4196
4752
2360
8461
1131
5837
5532
9092
3853
3829
1210
6315
8299
1221
4956
5674
2762
2559
6514
7823
4535
5894
5574
9805
6743
6295
6533
8711
5564
6337
5540
3593
7368
8087
8274
3563
1721
7846
5996
5442
3054
6107
5597
7937
5151
7454
1607
9185
4367
3467
6810
6719
6012
8557
5258
9170
7556
9767
8541
4099
5190
2367
3989
3032
7938
4357
7511
6216
9884
9656
9718
6669
6305
4368
6321
4883
5538
8256
1645
1809
2121
7921
3296
4450
5060
8010
7372
8558
3426
6876
6509
1258
3427
9173
8545
2525
1716
4199
7961
8036
2240
4726
9928
7880
2378
7874
2458
7665
3545
4498
1739
6668
6521
7023
9270
5306
9969
4135
5820
4600
3446
9200
2517
8467
3641
5020
6089
2288
6499
6186
8270
7499
9486
6541
3720
7294
3063
8977
1711
6073
9018
7053
6247
9203
1692
6606
1363
1325
7355
1353
5272
9544
9697
6315
4042
3816
3645
1883
1483
5862
6844
6101
5950
7550
2304
1245
8053
4331
7353
5792
3612
2912
5746
2301
5671
7605
3059
8045
2462
2744
6026
5627
5660
2054
5784
5036
5137
7122
1010
3505
7615
4170
7187
3718
