4072
3801
4441
9820
5812
4735
5982
3007
2350
1858
3807
4675
8036
9379
7143
7859
3511
2213
4678
2351
8220
8775
8464
1795
3436
7976
9906
7464
1586
2054
2391
5104
3960
6857
6830
6739
9695
8496
7374
5032
4966
3496
1788
3188
3337
8770
8546
4076
4429
7444
4767
2256
5022
3512
3043
1606
4355
6877
6941
2365
6248
6520
2437
3556
8286
7744
3864
7010
3640
6037
2744
2239
2304
9578
5258
1544
8764
6261
6632
7474
7211
2959
3347
2786
9742
2415
3883
8232
5854
3790
4655
4603
2523
4254
5707
4941
1149
3476
5365
3581
5664
7617
5461
5180
8588
1490
7089
6872
5686
6028
4206
5129
7952
5966
5442
6389
2379
4995
8844
8994
6140
1335
1636
7953
1298
2309
3282
4656
8695
9553
4826
1575
7137
5656
7213
3993
8230
1824
2527
9934
1117
7307
1600
1561
5214
4975
2281
5943
4838
7651
7839
6315
1015
9806
4912
1734
3933
7602
5935
9169
1376
8429
6157
2701
6501
3177
4825
1424
3035
4733
4088
5878
9626
5965
7553
1751
8417
1136
6683
3227
1387
4474
3659
5730
9589
9994
7908
1694
9628
6544
8039
8085
7373
3519
8125
5989
1194
3266
6542
1523
2220
7664
4823
4633
1991
7018
6586
1166
6281
6912
6280
7182
9870
4161
7981
2735
8878
3638
5393
4761
2196
3166
3209
5711
9651
9658
8178
1478
2259
9629
3547
2629
9119
8133
1111
4749
5778
7517
3949
1191
4608
9745
1142
6702
4753
5566
2376
4743
4562
7412
6399
5163
8441
1971
6217
7014
6440
9638
7493
1635
5752
1496
7609
4602
4188
1930
4532
2831
7996
7326
4033
8599
4491
4586
5904
5097
4789
2298
6710
3219
6280
3222
8425
6721
4209
3621
8000
8412
4213
1029
2178
7901
4051
5918
8058
1713
1551
1874
4136
1153
9444
8361
5283
9087
3897
3026
4521
1566
6380
9489
8485
9734
7091
8177
1801
8211
1748
9820
4808
9828
4625
7784
9547
1316
9606
1869
5512
8978
9365
2022
2317
1577
5262
6652
7311
1115
6011
1393
5429
5091
5344
6508
6601
8432
5941
1706
5410
6577
4743
9756
8367
4664
7420
1281
5885
3864
2490
4142
9168
3818
5129
2576
8382
8432
8572
1372
1417
2277
8993
4557
6411
1869
3015
5067
2393
2578
1204
3196
6074
7796
1780
4171
1844
4896
2506
4351
9632
3825
4942
7229
8902
7256
3117
7176
2790
2564
6330
8010
1593
6131
6362
6390
1657
4047
5349
7084
5926
3557
8002
5018
8913
4869
9159
5423
8123
7754
1865
5578
7930
5771
1202
3493
7188
1312
9612
8895
4914
7376
4677
2419
1841
2351
5434
1952
6900
1076
1405
6091
8013
1061
1225
6865
8259
1109
4912
6172
3884
6396
1787
4910
4481
4491
4441
1538
2522
2746
7174
1068
6984
6071
8471
7165
5767
5217
2111
3665
4887
8387
1582
2279
2384
5687
2460
1596
6739
7855
1467
3264
3214
6480
3850
2860
9917
6464
1685
2826
4884
9104
4216
6016
2288
9667
2890
3554
2755
8807
5847
5753
4334
5661
5442
3584
7146
8237
8653
4226
1568
2202
8700
9339
5941
2374
1462
7620
4515
2060
2986
3272
6636
4021
1478
4427
7187
7279
6498
4863
1392
7494
6104
1015
4275
9636
5876
4773
6389
6971
3437
6563
8870
8479
9685
5649
6246
3833
3876
6285
4549
5974
2166
8149
3620
1687
1056
2357
7781
7457
2652
6464
7711
3853
3162
2675
7008
7761
2880
6571
2319
3460
4547
6197
7477
7840
3796
6531
5281
6281
5167
3086
1651
6272
3549
6543
9359
1163
1892
2808
2115
7395
1497
2566
8311
1081
2941
1190
2417
2606
9672
5822
3591
6129
3800
2312
3557
3956
8363
2877
7879
2834
1796
4036
2531
6910
8647
2168
5953
2031
1473
6257
4962
6074
3025
6386
1134
6643
5252
1554
8212
3854
2050
4305
1226
5972
7933
7152
9202
2956
8934
9295
1596
6642
1410
2413
1519
5592
4712
7673
7045
5125
9765
6509
3387
6361
6570
1627
2834
7681
5165
9461
5366
6256
3089
9177
5470
2693
9841
6631
9351
5906
8109
2845
3621
5223
2847
5747
6061
4426
5829
6188
5576
4179
5365
6006
3690
4209
6428
3504
7661
9869
2343
4402
3588
1063
3801
2748
3700
7930
5253
7279
5924
6697
4398
2302
4837
9011
6533
3309
6003
4027
5331
5742
2246
9798
3172
4410
7559
4971
6440
8563
4618
2309
3776
4968
9085
7696
2758
2657
7456
5782
1403
3112
7548
3692
9375
3934
2531
9833
1523
2945
2989
7977
6422
6349
6940
6427
6100
9436
4492
5767
5196
5426
4489
3438
8889
1997
1633
2641
3548
9826
4993
4420
7982
4380
6457
7678
7318
3248
9339
1177
2908
7632
5103
6948
2067
3153
4953
7664
4045
2257
4689
8863
7082
5377
3393
5064
6940
2959
7729
2491
5110
5612
1500
3489
6703
1044
4734
3581
2924
2639
1875
2105
1526
6194
8400
8329
1277
9794
8570
2383
7611
8889
7445
1662
4715
9715
3547
9183
6286
5128
1821
3772
6343
6960
3421
9050
8883
4762
9821
1105
6977
5540
6729
1617
3042
8990
9254
1162
2658
8079
1886
3625
4426
4456
5259
8661
1313
2766
7151
2091
8838
9818
2941
1744
4825
5466
9750
5935
9583
3151
1559
7272
8101
8926
5495
1788
7444
4234
6444
1441
7930
5170
3083
3188
4377
7406
3876
4662
4819
7343
4567
4978
2680
5270
6056
2936
5547
5923
1760
2282
5187
2124
6664
4886
2026
9544
7233
2944
4234
8384
4173
3985
3955
6671
2387
6623
9446
8856
3081
2150
1954
3852
7840
8008
5465
5087
1694
5222
3832
5213
1787
7120
8769
9171
6203
7435
6168
8384
4785
8376
9307
4377
6247
1010
3915
8463
8894
1160
1878
3907
1918
8527
2569
8255
3706
6841
7843
3362
5275
3297
6550
8808
5315
3512
2715
4718
8892
2387
4927
9743
8060
1073
2243
4530
7835
7471
3385
3538
4037
5936
5065
5975
9475
2232
7709
2528
3083
3104
8170
1623
1278
7833
5194
5803
4995
5591
5256
5578
3986
3066
5614
4162
7306
3846
8631
5880
8388
1238
9620
3356
8215
6253
7584
5924
6098
5241
4220
6788
3173
9136
5180
6264
3892
4698
6775
8010
2835
7077
4165
6189
2564
1289
8374
8763
5808
5957
3431
6037
7353
3384
6588
8545
4071
6368
1583
5822
2329
6409
8574
8797
7250
4226
7615
3162
9417
2403
8266
8086
9149
7976
4859
7427
6637
3430
7796
6731
6259
7104
8369
4826
1154
2886
4070
7641
2611
1657
3805
8495
1235
5033
6501
7867
5276
3372
5272
3835
5757
8411
3180
5070
5533
2908
2255
5885
9263
2606
6536
3817
5595
2630
5052
9453
7057
2638
3815
5716
5554
3299
3113
5842
2367
4264
3741
9526
7559
7776
2947
6642
3522
7638
6500
2009
2642
1606
9454
5985
9668
3415
9039
5642
1988
6247
6733
8363
3655
3558
4938
2485
5290
1530
5557
1349
4597
8755
3037
9157
4256
1846
1709
7716
1037
2499
3056
1660
6223
1858
6571
3763
8042
1704
3161
9590
6724
1920
1981
5912
3581
7585
1406
4779
7286
5133
6887
3659
8283
5212
6936
5859
1751
4589
4561
8979
4472
2521
7419
5894
8900
3573
5682
5199
3603
7989
6449
9816
9388
2209
4503
6601
1862
3134
6757
4646
2890
3716
8949
3091
8100
1843
2068
4270
4400
2060
5612
3608
4427
2921
9301
2243
2254
9686
9216
8954
3450
4032
4581
4890
1930
5626
2736
4498
9296
5447
9392
4950
1040
9413
7061
3238
4756
6834
5464
1238
5014
1688
1745
5343
4925
3522
5457
3797
6682
6878
6407
8623
5837
1327
1067
3659
2673
9431
9555
4903
3449
5876
5096
4919
8752
8287
4561
2008
1146
9461
5671
4165
9662
8444
4699
4497
1828
9160
1728
4090
8949
8554
2126
5202
6893
1583
2398
9949
3296
2379
3975
2420
2805
1917
5637
4958
5801
6523
7810
4736
8638
2891
4643
9437
2103
6123
4416
4158
6919
2158
4242
8053
3192
4621
3481
3884
6608
2027
8369
5358
1899
5038
8451
5365
8390
5570
4049
8530
2077
3892
4328
7599
6389
3927
3059
9386
2040
4717
6251
9380
3615
1932
7693
6376
7053
9013
1934
7365
9326
4222
9709
3372
3094
4719
9637
8421
9968
8311
7102
6253
2284
8832
6427
7795
9422
5711
3692
1479
4582
1142
2668
4909
1273
2336
9095
2464
5348
9507
2930
9013
6491
5728
7026
2634
8474
7867
5230
5579
2240
4361
2028
9993
2075
4479
3709
3244
8109
9003
4378
2936
3642
1567
3107
4559
5261
2863
5244
8905
5041
5280
4956
7563
4652
2891
3213
3123
7241
3055
8828
5512
2250
3657
1810
7740
3133
1006
9735
6492
3515
5432
7704
8871
4634
9292
5699
5548
7520
9580
1020
8712
6023
8223
5248
7465
9138
3882
4077
4154
2988
2190
2167
2450
4502
1142
8878
5717
5240
5233
3860
2400
8798
2264
5200
1429
5927
8189
3327
7327
8526
1183
2442
3256
6952
8363
9979
5881
9871
3132
3664
4978
3654
4835
5902
1663
4981
9220
1667
2513
8390
4560
4187
7729
2464
2667
1534
4792
3290
1658
8937
1811
4912
2526
1501
6718
4946
2382
6356
9954
5457
7054
8959
3585
7396
6497
8217
3971
7740
6986
5950
4552
1408
5388
9879
7396
1069
3764
5800
8454
1132
1982
3418
6831
4911
2623
3902
1539
2038
4569
4591
2275
1033
3618
7590
7042
7145
8826
7994
2279
6781
5468
2418
6178
8714
9364
1847
7467
6811
3792
7821
1304
7243
4150
2288
3945
4046
6360
1315
9699
3115
4681
6439
1947
9552
9129
6071
5069
6385
7311
5745
1590
6563
2288
8921
2892
4673
5292
6106
3784
8900
4183
2922
5105
4176
2987
1915
4008
8205
2319
5217
7645
5845
2179
1057
1967
1828
2832
5527
8168
3506
2398
2325
4532
1802
7472
2335
6046
3079
7081
2454
6725
2561
4595
8227
9314
4307
2913
5693
5025
9959
4179
4989
3936
3736
1812
2511
2090
3010
3499
2738
9108
1897
1996
9566
7253
1625
5082
3021
1834
3318
9192
4492
7607
4289
7264
5292
4580
2327
5017
1903
2461
4668
2321
8525
6781
5576
8602
8512
4844
4944
6420
1177
7513
1858
1085
5721
1661
2207
6675
6053
3739
1856
4500
5694
5780
5667
7495
9891
4683
3266
5987
5304
5036
3210
1154
1696
3295
1032
1045
4115
6930
4797
8755
3902
6013
3496
4864
5557
2066
1054
2582
3873
1768
6515
8490
5405
4687
2682
5390
2537
3515
1299
1549
2908
3962
3654
2852
2630
1337
3928
3458
7367
5106
1868
4929
7696
8630
4011
4624
8920
2821
9262
1230
6711
4168
6694
4355
7181
1364
1522
5160
9298
1866
3743
6615
3602
9194
5903
1630
4823
2191
3034
3343
8723
6462
3247
1427
5606
7774
3340
7947
1837
9755
4077
5360
8659
7518
5411
5752
2152
4052
7315
5599
2296
9555
3435
3313
6045
4352
1745
3561
3093
4273
1081
4550
6524
5364
1356
3515
5219
1975
7156
2574
1111
1694
4465
6533
9538
9354
6755
2098
8942
2076
7001
2215
5396
8777
3859
6047
6823
3003
3930
5739
9830
8862
4514
7039
1955
5339
7347
1678
7824
8729
5433
8616
1638
5872
4752
9135
5271
2679
6511
1978
5753
8736
2627
9497
7216
3204
5903
4502
4975
9994
1599
1510
4202
7551
5613
4110
6623
1159
9231
9400
5242
5973
5816
9761
6101
1960
4817
1333
1172
2331
1508
8220
3001
6505
1162
1504
4617
8841
6838
8046
3403
1286
3132
7982
5833
2751
6198
6608
1622
7802
3047
4326
5649
6258
6619
9246
2105
5839
3082
4905
4264
9917
1490
4983
1511
7218
8407
4408
2504
9418
1872
5118
2696
9519
2425
1850
3366
1014
6199
8567
8280
4018
9537
4614
3769
4229
4107
2439
4968
6655
3519
3217
5676
7313
7984
7199
9458
5925
2152
9145
3325
9123
1758
3751
2365
7426
2299
1421
6495
7436
9558
7038
8308
5567
3419
2690
3892
1908
1785
5462
5657
1900
2913
5498
8857
2644
5074
4566
8314
1061
1650
5877
7487
4129
3349
9319
7127
5541
9511
1725
2721
6728
5863
5998
3258
6366
3691
5864
7456
5586
7266
7106
2975
8474
1310
6928
3917
4788
2934
9878
1063
3343
8472
4203
5584
5812
2698
4608
5253
5954
8449
8291
9530
2125
7401
4925
3782
1541
9158
4672
9464
5783
8492
1053
5533
6200
1463
3807
7961
6817
6553
6903
7786
4091
8258
7256
3925
7391
8457
6599
5226
4336
1596
7387
9943
5749
7897
1706
9042
4142
2910
3533
3174
2120
1240
1403
4825
4136
2005
8265
7815
5847
3197
3916
1034
3896
5063
5728
7433
8795
8718
7942
7546
6810
2717
4813
3272
1043
6590
1403
2248
5289
3724
8317
7048
7857
4345
4535
9043
3260
4871
8222
4442
1153
5502
8347
5597
3759
6526
2900
4266
9431
1953
4618
3037
6753
5524
6850
5189
8497
7236
5099
5045
7492
2229
7183
3188
2304
8389
1053
2985
4896
2936
1701
5777
7583
9070
2465
3349
2525
9000
1730
5960
9598
2085
6105
9293
8625
2698
8431
2229
6135
4015
4046
9919
2702
2472
4858
3136
6538
4102
7154
6407
8473
5860
5431
8112
5656
5139
1491
6991
3024
6154
3151
6451
3905
9984
9275
8676
9902
8540
2719
7326
1763
9289
7724
4692
1686
3458
1021
3558
8481
7999
7226
5703
1194
2000
7270
8856
3636
4992
2460
2518
8691
2165
3275
9813
4355
2996
2667
1816
4250
5938
2339
1809
6818
7230
6718
1577
3999
4630
4052
7603
7955
4918
5690
5521
7025
1729
5205
3236
8431
8779
4365
7294
3698
7739
3506
2547
4333
2737
7288
4912
5425
7424
4655
3780
7994
3032
8429
3395
2025
8304
6090
5477
2660
1836
2516
7023
1423
4473
5285
1937
2776
6092
6558
5193
1901
8134
6498
2342
1282
7119
8398
2795
1189
1312
3527
3870
2268
4652
3286
4811
7549
8442
8929
2660
1146
1670
1545
4077
3638
8511
1307
1469
4843
4812
1898
4774
5402
3969
9248
1303
7980
1004
7800
7950
5996
9516
1740
1001
2022
2972
3333
4564
1571
5381
4813
3742
9732
7665
6276
6629
6200
6054
3426
4667
7011
5378
5823
6122
5191
5261
1578
4257
2020
7582
7703
4046
2304
2642
1300
7185
4140
7930
8996
3712
2655
4971
6682
9069
4863
2296
4894
2230
8690
1450
3685
6088
5145
5459
7989
7758
1600
9793
7046
4980
1458
6662
6607
7890
7569
2187
1017
3918
6042
6523
7627
9245
7175
9692
4802
5260
4469
4968
3820
6836
2614
2664
5300
8225
1801
5068
3284
7378
6476
1020
9188
5678
1156
2644
2625
8918
6281
2424
1315
1346
5218
8995
5884
6241
7496
6869
9831
6462
6921
4002
4608
3535
5819
7489
2180
2050
6069
5594
9185
2070
1942
2267
6364
4102
2920
1454
9019
1872
8002
3932
9352
6011
7223
9929
7864
3704
2279
6744
9825
6223
4098
6000
4957
3396
1589
8333
7451
2900
8586
4988
2328
6924
5389
9992
4366
5031
3185
5871
8106
3923
2460
5613
2156
4639
4364
4480
1246
3887
3473
4137
3505
2342
6071
1658
9326
1962
2197
5497
6132
2264
7430
8634
6205
2317
3618
3847
9667
9163
7699
1706
4966
7672
6290
3267
1155
4063
2191
6518
1405
5391
7664
9546
1795
8919
2134
5492
1492
6764
3880
2074
3289
8713
6769
9137
6753
7142
5749
1470
8284
1413
8893
9242
5042
2518
2379
7487
7654
2540
1358
9204
3942
1558
7394
5297
7155
4178
6099
7918
6561
3303
3803
9528
6108
1596
1042
8051
5362
3423
1618
3430
7417
1772
8787
5956
3927
2456
4348
3502
3888
4139
1910
7215
2100
5967
1440
4943
3552
2294
3675
1553
6495
7132
7374
2721
3945
5114
1175
3170
4882
6193
3535
7125
2878
3438
3094
8720
7041
3416
7746
4596
1486
7544
2161
9456
1555
4978
5610
3458
7175
7035
1271
9416
7487
4674
3116
3236
2265
5276
5771
2215
3131
3929
4280
6638
9019
9824
4069
1237
2452
4197
6987
6881
4678
2036
8921
6861
8222
8792
5921
3936
7220
6242
8640
6027
7975
5588
4833
8809
3406
3302
7086
2267
8113
3879
3087
3904
1814
6744
7064
6083
1106
2919
2884
6030
2093
9031
1712
3915
1251
2807
9123
1394
6530
2699
1117
9259
5801
2397
9356
9376
9530
9735
2596
9915
4297
4908
2608
2508
7457
2109
2463
3801
8643
1961
6720
9863
3241
9731
2890
2992
2038
3712
1395
5128
9437
8033
9751
1186
6335
8835
1936
4478
8315
6521
7371
9986
5472
7338
5822
4967
2499
5779
4165
5325
9639
5024
2907
9753
5982
1564
1315
9693
6594
8024
3480
2093
6545
7983
2433
1119
5928
1990
6516
1375
5408
5516
2278
4815
8123
5801
8688
6732
5328
5576
5534
8699
8531
2226
4028
8027
3239
1433
3807
6051
4396
4829
2810
4653
4591
9294
4300
8687
1317
5723
7290
8375
9171
1881
5145
6059
1384
2574
9507
4922
9990
7746
1265
1034
3550
2828
3800
8225
6698
1434
4375
4565
8078
6557
2638
6978
6380
2989
2724
5968
4258
4319
2429
2265
4055
4165
4840
9656
5478
6753
8707
4283
9205
6579
6633
4970
2351
9748
1453
2560
4099
2174
6485
4626
6758
2061
3968
1720
4304
1746
3693
9769
6739
3458
5661
3826
3302
6087
5668
2926
6087
3800
3263
3676
1367
7552
5170
4624
1924
3824
1554
9429
6792
4155
7353
3960
1495
7977
1801
5858
5137
7535
4537
6200
4444
7547
9577
2643
9432
3875
1143
4803
6749
4557
6156
4770
1962
7553
6816
5196
6367
6548
8023
1920
7702
4522
4509
2918
8715
6685
8419
7215
1380
3617
4719
3130
2587
2051
1909
5406
6536
5483
9348
7598
5839
6632
2538
3141
2819
7786
5617
3412
8220
3724
7488
7904
7579
6298
4353
3481
6514
3172
8753
5860
3396
9909
2611
6642
8214
1931
3902
1118
5380
4021
7489
1852
6984
7599
5510
5531
1542
1680
4143
9384
1901
1282
2976
1732
3002
6863
5257
3283
5743
6358
1578
1686
1895
9968
3061
5115
5600
8780
1158
1609
2530
7970
5474
8438
7504
8255
9979
9358
2852
1968
4012
9287
5618
6190
2552
3886
5021
3607
8374
5420
4906
6807
9569
8759
4822
5436
6017
1329
3523
5765
7204
4595
1855
4549
7547
9044
3516
3370
5752
9365
8859
9419
3445
3513
6289
2293
6896
9486
1444
6326
6037
9173
5776
5987
9855
5679
4839
6508
2640
1234
8533
4979
9562
1081
1198
3287
3411
5240
8411
2572
2517
5806
8826
3785
2745
8943
8766
2909
2237
8644
3793
8291
6295
6993
7156
3189
8546
6235
9692
7660
2222
8934
1256
3122
2658
8618
4281
1590
5183
4838
6349
6067
5451
3430
3362
1542
5107
3164
6451
4064
7083
7179
4258
9117
6246
4580
9297
7165
3467
5824
1546
5327
5258
2329
1371
9199
6163
2974
7624
9241
2284
4157
7400
8589
6704
1000
6334
8975
5142
5667
9870
8517
4529
1306
5530
5327
6106
6491
1144
7233
4306
7593
1058
7902
5971
2981
9876
1336
1244
3945
1455
8109
4688
2924
2977
3256
5958
1967
7499
1523
1041
9125
2580
3604
8431
7238
6474
1407
3344
3394
8528
9512
2654
4924
3978
2047
2393
6211
6579
6569
7512
1777
7400
3550
5123
6622
3085
8868
2942
5309
3172
4044
1667
3273
6400
6108
7299
3670
9499
4875
5237
8665
1884
5533
5201
9530
9510
4104
9576
3610
1568
3543
9901
9520
6094
7691
6417
2727
4468
1547
3591
3025
8844
2829
3009
3670
6275
6777
1393
6562
4740
2717
5924
9111
4110
7651
8291
5282
9323
4678
4988
3845
1436
3748
2283
2115
1768
5366
3469
7238
6323
4081
3368
5187
7510
2805
5794
5405
1576
8681
5236
8009
4045
1388
3447
8633
6846
4080
3388
7618
1781
1108
2398
8522
5099
3696
5966
6554
4477
5603
7364
2966
6157
4122
6355
8209
4470
2308
9495
1975
9399
9706
8756
1001
7985
1638
3596
9715
9226
6234
1546
6901
8675
8232
7744
4305
5229
4105
3418
2556
7035
2052
4222
9068
7608
5834
1389
2080
7614
9947
9968
2080
3226
5849
6160
3636
6571
4236
2103
5705
1287
7591
7465
5820
8019
5295
9100
5778
5249
3535
1392
3981
1203
1751
6193
3945
4973
1112
3622
3810
8988
9768
3987
3892
2823
3758
7168
3625
6259
3197
9134
1670
3840
4926
5556
2351
3340
7708
3909
4153
2526
3923
2960
3640
5498
7938
4499
5952
7556
2029
5296
8717
8811
7248
6836
6968
2805
1903
4698
3142
7080
2139
8549
4952
2733
8892
6544
6630
6878
5885
6248
2619
3417
6556
1182
1396
9428
8178
9665
1627
1810
3167
9509
3997
5368
5318
5897
4408
6094
2950
8405
4290
1753
7829
1883
6559
4118
8175
4315
6789
1110
6270
3453
4772
5660
6396
6119
4048
6972
3203
5254
1152
4178
1899
1119
2064
6120
3454
7215
8766
3695
6197
1663
2298
7041
3035
3725
5191
1579
3172
4600
9389
4487
1523
5140
9164
3431
1347
4469
3916
5794
1674
3984
5315
7187
5375
1247
2027
1368
1783
7786
4132
1146
5125
1218
4198
4204
2789
7998
6111
5927
8829
3164
6335
5048
1583
7970
5505
9998
4528
6791
9900
8954
3314
5118
8889
1353
7647
9275
5931
2022
7368
6035
4450
3427
6589
2878
7383
1755
9075
7486
7863
1678
1722
4262
4843
4462
3793
4161
8178
2184
2796
4830
2713
3840
5797
1140
7992
8290
2681
8324
4797
5150
3392
4172
9136
8109
4565
9501
1133
5329
8279
7793
5277
9079
6022
2953
3610
4394
9792
9731
6547
4929
5800
4846
8302
5720
2653
8373
2090
6860
5615
9846
4669
3256
6439
7143
6089
7646
5055
2912
6126
8822
3774
6053
9054
4232
1226
9520
5886
5146
2310
2695
5157
8606
1654
4521
5509
6246
4669
2546
6041
9474
2961
5131
4731
1103
7644
3908
4080
2766
2119
7280
4809
4372
7923
2447
8562
9705
4362
3250
9534
7801
3500
3291
4555
4632
5375
2881
3106
5071
8608
9887
4107
5635
3736
4767
4308
1652
9610
7768
4901
2216
5272
4534
5423
9214
6335
7212
9283
9349
8187
8595
1513
4020
5190
7287
3444
1241
4473
5589
6321
2103
8570
3224
5717
2032
2744
5213
7465
9299
1420
5362
8182
4464
2608
3684
8922
1843
2861
5814
9804
5741
3639
2914
6398
2593
5587
3592
4250
3952
1062
3775
5131
2670
8009
9366
3491
1434
2548
2481
2544
4388
4275
6044
7518
7425
4662
3601
3870
1488
2154
5208
5117
1076
8603
5332
4040
2108
8542
6173
7647
6061
4670
8428
5919
6433
2739
3909
5861
3073
4387
6020
2056
2156
6990
4785
5733
6528
5384
6361
8290
7902
5791
5150
2352
1226
3814
1494
4717
2427
8791
4130
6362
8174
1929
5497
1369
2773
7039
1887
3629
4874
4524
1409
1612
7542
9401
3065
3867
3528
3415
1686
5101
4545
4711
5970
6157
2993
9289
2214
4349
6769
1927
6396
8956
3952
2331
6323
5667
5716
2825
6407
1896
7246
6545
8458
6843
5372
3317
4994
8853
9139
4998
2659
4991
8626
9777
5361
2889
4610
6647
5395
9213
2574
4906
9333
2380
6904
3772
9183
9119
8903
4670
1772
7725
2542
4193
2341
4461
5830
8515
8803
4519
5665
4843
6887
6078
4234
7197
1697
6927
5292
2969
2701
8939
9648
4209
9441
6966
9276
7550
6749
1263
2032
2892
2642
9463
7124
2918
3520
9768
2885
5522
5685
3458
9523
2056
6643
1047
1331
5373
1063
6535
3997
4341
3376
1879
8474
8789
6996
9692
8189
5099
2832
1885
6360
2247
1356
5829
8552
5078
1238
9799
6292
7011
3977
1642
5818
1220
2721
3028
4028
6694
9107
5562
6396
2250
4522
1438
4937
6924
5558
6130
1762
2613
1923
6194
4570
6954
4922
3355
6484
2324
8190
4072
2303
5098
3046
2276
4890
9753
5800
1241
2072
3113
6669
4057
9785
1680
5540
8316
2273
7760
2208
6463
4407
8392
4820
1070
9124
5974
2593
2587
4650
2418
7627
7950
5406
1783
2095
5270
9314
6876
9444
2863
4188
9176
1706
5675
6528
7423
6049
6625
5246
7842
2237
6728
6065
3588
7922
5239
6812
8786
9788
3797
7624
6735
9517
9308
9547
5885
2336
3251
7533
3047
5373
1585
7782
4231
9306
2840
4473
2813
5831
9628
2141
7926
5668
7413
1272
3331
4847
8026
8171
6358
7414
2076
6569
9233
5720
3547
5460
3867
4821
2706
3127
3370
7717
4155
2259
4020
7228
5196
2768
9171
5400
4314
6226
7870
4637
9790
5428
1016
8928
2444
6609
7278
6664
1421
3396
4292
1274
3589
3366
5541
1215
3265
4684
5967
8540
5603
1920
8357
3181
5496
3720
5328
8602
1314
4378
1876
5636
3800
3172
5020
9523
1366
7685
8105
8644
1201
8649
1739
9733
4779
3903
1745
7684
4603
5897
5107
3321
3035
3144
9372
4771
2113
6903
7921
5954
3928
2374
3152
1487
1126
1359
6578
3363
1667
2666
3933
3909
1592
1702
9442
2255
9405
3119
6184
4744
4943
3972
6009
1056
7118
7370
9074
3689
2837
3317
4728
4162
4172
6756
5590
3004
9287
4823
9080
2695
7986
5257
3855
5756
3673
6404
8858
3978
4898
2829
8286
8050
1958
9548
7767
2077
1653
2081
1901
3142
9129
8273
2452
1907
8454
2783
8667
9949
6479
3902
6538
9738
9847
7660
2619
9859
3944
5278
9329
1465
3781
4462
6653
1193
1140
6802
1798
8353
5736
8756
4624
9152
1935
1935
9242
8287
5719
3246
6951
5031
4265
4023
7129
5873
9899
3794
5128
3174
9923
1835
4389
1385
9264
5460
5722
5589
8507
5499
2872
2894
9905
5137
1920
3506
5655
5994
2705
5508
4354
2576
9242
2555
4443
5657
2929
9852
5265
5161
6806
4007
1302
3010
5878
5916
1430
9407
3386
2827
6584
3797
2186
1256
1758
4713
5201
8010
3385
2085
5684
7946
9070
2625
1697
6354
2658
6180
6795
2175
8123
6641
6424
5156
4103
4017
6701
4178
3767
2461
5927
2548
9521
5617
5831
9910
2856
4587
3185
3982
3386
2035
4018
6415
4543
9330
6172
6295
6364
7167
2108
9587
2023
2643
6299
4996
9312
6853
8156
5584
6625
1922
7698
4871
3265
8095
4056
3043
2397
8251
3240
3663
6718
6437
4948
5013
3109
6401
4471
5914
3226
5275
2226
9875
4611
6201
4331
4731
3961
1949
6719
4762
6790
7335
3336
9080
1179
1409
9713
4174
5934
5725
2217
3172
3966
8031
8937
6180
9957
3936
7412
6514
7479
2886
1164
5288
6340
2566
7293
5185
8025
1804
3730
9686
6229
1100
9907
2776
4121
4619
2195
3556
4642
7260
4852
4189
3281
9113
1394
2906
8474
1350
5215
3834
8790
3631
9811
2149
9247
2768
5443
7759
7555
4438
5106
3903
3806
2600
3107
4950
6114
7168
9599
2971
9774
1694
2804
3627
2250
9832
3154
3181
5345
3129
6150
1063
4659
5600
6079
9981
4452
2434
8873
3226
5525
8339
1072
4931
3675
7683
3182
2593
4908
4254
3935
4276
5339
3025
5920
3715
8007
6218
4594
7955
6110
9756
5261
2096
9448
1141
6441
4900
4598
4881
2867
1080
6105
2353
6577
9873
5800
5366
4238
5213
7497
1285
7376
3336
5978
6097
4860
3578
5719
5803
4509
2655
6168
7715
1025
9088
6023
4986
4638
3261
9174
5384
4199
3331
5704
5089
7332
2289
8413
3879
3957
1707
4006
5919
9882
7286
1348
1019
2334
5829
5140
9700
9232
1380
5957
3907
7846
6349
1045
8201
4790
8990
6764
5463
3013
5597
3138
5590
4574
8583
4777
1904
1076
7348
5502
3046
2136
6859
3114
6204
